0.0	0.004644427427775842	-0.07515293607640998
0.1	0.2074146593858367	-0.07832165885008592
0.2	0.21041126379901	-0.07829311976043665
0.3	0.21340786821218333	-0.07826458067078738
0.4	0.21640447262535661	-0.07823604158113812
0.5	0.21940107703852993	-0.07820750249148885
0.6	0.2250735356331464	-0.07477090302161789
0.7	0.23660495168760448	-0.040694645191691865
0.8	0.23867456627195266	-0.07631347098567803
0.9	0.23345333333333335	-0.003127384615384615
1.0	0.23535079908184417	-0.039674295637053235
1.1	0.23513032462887606	-0.038834056315631846
1.2	0.23453333333333334	-0.003127384615384615
1.3	0.23284	-0.003127384615384615
1.4	0.23584	-0.003127384615384615
1.5	0.22270666666666666	-0.0031273846153846148
1.6	0.22453333333333333	-0.0031679999999999994
1.7	0.22636	-0.0031679999999999994
1.8	0.2276	-0.0031679999999999994
1.9	0.22532000000000002	-0.0031679999999999994
2.0	0.22568000000000002	-0.0031679999999999994
2.1	0.21997837863554462	0.03424344572270869
2.2	0.22141333333333335	-0.00308676923076923
2.3	0.22060000000000002	-0.003046153846153846
2.4	0.21978666666666669	-0.0030461538461538447
2.5	0.21838666666666667	-0.0030461538461538447
2.6	0.2182508245488893	0.03179083381420005
2.7	0.21676	-0.0030461538461538447
2.8	0.2169205085435799	0.03335223258767882
2.9	0.21865333333333334	-0.0030867692307692297
3.0	0.21930666666666668	-0.0030867692307692297
3.1	0.21614666666666668	-0.0030867692307692297
3.2	0.21775554445602102	-0.03861949412760636
3.3	0.21694204237704237	-0.038611191864328986
3.4	0.2164218270354186	-0.03860247955644126
3.5	0.21591528192373483	0.031710957593388774
3.6	0.21618666666666667	-0.00300553846153846
3.7	0.21508000000000002	-0.00300553846153846
3.8	0.21221333333333336	-0.002964923076923075
3.9	0.21412325097009646	0.031003265786136623
4.0	0.21389634464510837	0.03099453996079376
4.1	0.21161588939945186	0.030266490086029
4.2	0.21286291061509507	-0.03690857161376668
4.3	0.21350891636936767	0.030967970250955844
4.4	0.21241105913416553	-0.03685049605164363
4.5	0.21275985185112117	0.03099153474551678
4.6	0.21282660220337093	0.03173551582804338
4.7	0.21435907409571028	0.030971337458165726
4.8	0.20164826304085426	-0.0763112446605688
4.9	0.20213771569589536	-0.11759785800893371
5.0	0.2032201075020173	-0.07803270387584559
5.1	0.20211292875628015	-0.07801655598582383
5.2	0.20306190842309638	-0.07795388926978189
5.3	0.19984957022271282	-0.11214332352427032
5.4	0.19972024923622303	-0.07595954128956194
5.5	0.1994266666666667	-0.0034116923076923096
5.6	0.2001577926775736	-0.04039337580995324
5.7	0.20190666666666665	-0.003208615384615386
5.8	0.20294053008831395	-0.04016696594006429
5.9	0.20204	-0.0030867692307692328
6.0	0.20239999999999997	-0.0030867692307692328
6.1	0.20158666666666664	-0.0030867692307692328
6.2	0.2011805995043892	0.033915659713800284
6.3	0.20054666666666665	-0.0030461538461538473
6.4	0.20245695740445516	-0.04090850743553104
6.5	0.20126666666666668	-0.0030461538461538473
6.6	0.20309333333333332	-0.003086769230769232
6.7	0.2063866666666667	-0.003086769230769232
6.8	0.20821333333333336	-0.0030461538461538473
6.9	0.20778258709478697	-0.039931922383325776
7.0	0.20834666666666668	-0.0030055384615384627
7.1	0.20557109581529862	-0.03987514577747008
7.2	0.20329116306536732	-0.03986874832693309
7.3	0.20473333333333332	-0.002964923076923078
7.4	0.20743999999999999	-0.002964923076923078
7.5	0.2078	-0.002964923076923078
7.6	0.20826327541910458	0.03476920995047928
7.7	0.20558666666666667	-0.0029649230769230777
7.8	0.20389333333333334	-0.0029649230769230777
7.9	0.20396	-0.0029649230769230777
8.0	0.2052	-0.0029649230769230777
8.1	0.2039024005525057	0.03472615184544843
8.2	0.20445333333333332	-0.002924307692307693
8.3	0.20305333333333334	-0.002883692307692308
8.4	0.20341333333333333	-0.002883692307692308
8.5	0.20201333333333332	-0.0028836923076923076
8.6	0.20276333435882024	0.03475961992622422
8.7	0.20311339481805657	-0.04047698593868971
8.8	0.20456000000000002	-0.0028836923076923076
8.9	0.20609333333333332	-0.0028836923076923076
9.0	0.20645333333333335	-0.0028836923076923076
9.1	0.20769333333333334	-0.0028836923076923076
9.2	0.20922666666666667	-0.0028836923076923076
9.3	0.20665333333333333	-0.002924307692307692
9.4	0.20730666666666664	-0.002924307692307692
9.5	0.20796	-0.002924307692307692
9.6	0.20538666666666666	-0.0028836923076923076
9.7	0.20428000000000002	-0.0028024615384615384
9.8	0.20464	-0.002802461538461538
9.9	0.20617333333333332	-0.0027618461538461534
10.0	0.20456866716860395	-0.0402244296967274
10.1	0.20484000000000002	-0.0027212307692307688
10.2	0.203814897024038	0.033059476091458415
10.3	0.20593426231860817	0.033047073382077505
10.4	0.20533333333333337	-0.0027212307692307688
10.5	0.20749376231192684	0.07207000438998366
10.6	0.20517333333333332	-0.0027212307692307688
10.7	0.20590789500455484	0.03217512717627744
10.8	0.20452488940832625	-0.03844517193027071
10.9	0.20428145417869167	0.032952124607888315
11.0	0.2072806796853265	0.032938491764676336
11.1	0.20404000000000003	-0.002721230769230768
11.2	0.20586666666666675	-0.002721230769230768
11.3	0.20190478867754139	0.03216584183687613
11.4	0.20490404821103622	0.03215251179450504
11.5	0.2004933333333333	-0.002639999999999999
11.6	0.2034933333333333	-0.002639999999999999
11.7	0.20219894276565542	-0.037490565254603085
11.8	0.2048	-0.002639999999999999
11.9	0.20398666666666668	-0.002639999999999999
12.0	0.20588454406978923	0.03142051768904766
12.1	0.2033463005898163	-0.037411455630085445
12.2	0.20634556012331112	-0.03739812558771436
12.3	0.2054976041100951	0.03294013511519312
12.4	0.20725333333333337	-0.0026399999999999983
12.5	0.2061466666666667	-0.0026399999999999983
12.6	0.2091466666666667	-0.0026399999999999983
12.7	0.21048816806491386	-0.037386934509683306
12.8	0.2134874275984087	-0.037373604467312214
12.9	0.20565140968299161	-0.035775811930975204
13.0	0.2071791914408886	-0.03648739714863781
13.1	0.20461103222344537	-0.03575949929823351
13.2	0.20761035341361656	-0.03574673622933916
13.3	0.20356752664273473	-0.03642451809926523
13.4	0.20656681800920648	-0.036411477702019704
13.5	0.20751307448111284	-0.03640118294143951
13.6	0.2096324937499137	-0.03638931924562198
13.7	0.21263178511638542	-0.03637627884837645
13.8	0.21563107648285712	-0.036363238451130916
13.9	0.20358370695827763	-0.038953069231903455
14.0	0.20658289603786817	-0.038939119515254195
14.1	0.20547819932397293	-0.03889041864129378
14.2	0.20591378936460492	-0.07587297731826875
14.3	0.2044440419322185	-0.03875071346994952
14.4	0.20656337737355535	-0.038738022464318976
14.5	0.20239837894767618	0.03464253019460272
14.6	0.2036	-0.0015433846153846173
14.7	0.19897333333333334	-0.0014215384615384632
14.8	0.20050666666666667	-0.0013809230769230786
14.9	0.20030521624287043	0.03485142918591827
15.0	0.20330444174950524	0.0348377963427063
15.1	0.20101835531459683	0.034953418413913924
15.2	0.20341333333333333	-0.0011778461538461552
15.3	0.20202748593400202	0.034211409336249124
15.4	0.2032642862061837	0.03504382502174937
15.5	0.20010119370172824	0.034317447558136156
15.6	0.20310045323522305	0.034304117515765065
15.7	0.20199077624951195	0.035139152164909065
15.8	0.2049900017561468	0.035125519321697087
15.9	0.20524966730184857	0.07286417129810227
16.0	0.20824642756008277	0.07283629445849078
16.1	0.2042144383370409	0.0711556081019325
16.2	0.2072113439576718	0.0711283635053813
16.3	0.19906865454790343	0.07113223410840717
16.4	0.2011861184556081	0.07110744597498049
16.5	0.2012515516998182	0.07108838958884432
16.6	0.2042484573204491	0.07106114499229313
16.7	0.20137559184077347	0.07272074588199777
16.8	0.19392211359281128	0.03504659713502693
16.9	0.18958666666666668	-0.0010560000000000005
17.0	0.1832	-0.0011372307692307695
17.1	0.17934885494107233	-0.03794744958117847
17.2	0.17912536114441582	-0.037101239716085685
17.3	0.1791917192775018	-0.03709170731897725
17.4	0.17348247707293582	-0.07469739739683168
17.5	0.1687640627758462	-0.03712802883454422
17.6	0.16921196116890802	-0.07471162044280832
17.7	0.17073096362663454	-0.07643524716134573
17.8	0.17101409411353657	-0.03713718603475751
17.9	0.17174900602680207	-0.07468707548169733
18.0	0.17008000000000004	-0.001218461538461538
18.1	0.17190666666666668	-0.001218461538461538
18.2	0.17168	-0.001218461538461538
18.3	0.17174666666666671	-0.001218461538461538
18.4	0.17081814272218573	-0.038789542084201184
18.5	0.17246666666666668	-0.0011778461538461532
18.6	0.1731303058020017	0.03470264381379635
18.7	0.17231680372302305	0.034694341550518974
18.8	0.17472	-0.001177846153846153
18.9	0.17537333333333327	-0.001177846153846153
19.0	0.17503859604452388	-0.03697766207493135
19.1	0.17363852049083545	-0.036970179900874686
19.2	0.17487802557334103	-0.03695900732532483
19.3	0.17622666666666661	-0.0011778461538461528
19.4	0.17706169877794542	-0.03697769692264656
19.5	0.17871545375786035	0.03456925677763335
19.6	0.1787828444394983	0.035350697572778304
19.7	0.17943773022362994	0.033714310814620015
19.8	0.1771466666666667	-0.0012590769230769218
19.9	0.1789733333333333	-0.0012590769230769218
20.0	0.17670195274544487	0.03373098264614699
20.1	0.17665205137074613	-0.03607787109670012
20.2	0.1787714445514427	-0.036065743879144886
20.3	0.17865333333333325	-0.0010966153846153832
20.4	0.17930884116970036	0.03305384348760992
20.5	0.18142589158104908	0.034592936605709765
20.6	0.18149550523838734	0.033750293353015964
20.7	0.1815618769292214	0.03374097272669773
20.8	0.179867669365866	0.033016979017191805
20.9	0.1828669607323377	0.03300393861994628
21.0	0.18586625209880953	0.03299089822270075
21.1	0.18534526434076112	0.03229843709937204
21.2	0.18394666666666676	-0.0010153846153846135
21.3	0.18479222280324153	-0.03503693246378477
21.4	0.18641919678783522	0.033075905486594614
21.5	0.18492891388980584	-0.034937448522605725
21.6	0.18470059051182766	-0.03564406904239787
21.7	0.1827139407127991	-0.035637555007316635
21.8	0.18571320024629398	-0.03562422496494554
21.9	0.18871245977978876	-0.03561089492257446
22.0	0.19171171931328365	-0.03559756488020337
22.1	0.19471097884677843	-0.03558423483783228
22.2	0.19771023838027332	-0.03557090479546119
22.3	0.18366666666666664	4.06153846153825e-05
22.4	0.18104837528173873	0.03736809581930814
22.5	0.1790592606823745	0.03583070059377773
22.6	0.1765333333333332	0.0003655384615384597
22.7	0.17801684421895184	0.03585428740199123
22.8	0.17896319624201168	0.03660997682927882
22.9	0.18020680177062087	0.03651755484610682
23.0	0.18057000709438267	0.03492991199696749
23.1	0.1809299488727885	0.035650899244555376
23.2	0.1801187401016792	0.036367493587958655
23.3	0.18077190776728433	0.03715969298484943
23.4	0.1799639276403319	0.035462043954306466
23.5	0.18119997740255683	-0.03709914024593722
23.6	0.18130666666666664	-4.061538461538604e-05
23.7	0.1827988748890001	-0.03627592654172219
23.8	0.18286318279903424	-0.036307018848424834
23.9	0.18410268788153986	-0.03629584627287498
24.0	0.18592676798415464	-0.03712532690870617
24.1	0.18540864036242857	-0.03707578689406662
24.2	0.18283961876980837	-0.03698855872973891
24.3	0.18583880784939896	-0.03697460901308965
24.4	0.1853143866725792	0.037046944424645914
24.5	0.18480232430961774	-0.03607574303036973
24.6	0.18573826060445606	0.037067641969864375
24.7	0.18669681122297083	-0.036013593264679664
24.8	0.18529486800826633	-0.03684584737371031
24.9	0.18598666666666666	0.00012184615384615303
25.0	0.18487999999999993	0.00012184615384615307
25.1	0.18547895961235403	0.03793933306604256
25.2	0.18589333333333324	0.00016246153846153778
25.3	0.18649175477836036	0.0370801945908802
25.4	0.18719999999999995	0.00020307692307692247
25.5	0.18785333333333318	0.00020307692307692255
25.6	0.1875659975807955	0.037968076108683683
25.7	0.1879305642441262	0.03624244683486361
25.8	0.18776000000000004	0.0002436923076923073
25.9	0.18805611619973348	0.03797831363906969
26.0	0.1878933333333333	0.0002436923076923074
26.1	0.18909840944210432	-0.03575621537067661
26.2	0.19037333333333328	0.00020307692307692285
26.3	0.19157115777518394	-0.037486762159040385
26.4	0.1913866666666666	0.00020307692307692293
26.5	0.1914533333333333	0.00020307692307692298
26.6	0.19030594794817257	-0.03658357043660162
26.7	0.19066334121160633	-0.03744853564450797
26.8	0.1890133333333333	0.00020307692307692314
26.9	0.19048658226528734	0.03612559780190029
27.0	0.19025760343796672	0.03615710015321329
27.1	0.19122843083746272	-0.036452710945524415
27.2	0.19185407147630495	0.036970244638438954
27.3	0.19341186260725093	-0.03730393096386937
27.4	0.19175999999999999	0.0002843076923076927
27.5	0.19205377756711928	0.03614801264843043
27.6	0.19159999999999988	0.00032492307692307736
27.7	0.19250844403988468	-0.03635230301291924
27.8	0.19319999999999996	0.0002843076923076928
27.9	0.19443999999999995	0.0002843076923076928
28.0	0.19421333333333327	0.00028430769230769297
28.1	0.19421433795545764	0.03529310879735035
28.2	0.19434666666666656	0.000284307692307693
28.3	0.19353333333333333	0.000284307692307693
28.4	0.1938933333333333	0.00028430769230769313
28.5	0.19484000000000004	0.00028430769230769313
28.6	0.19549333333333327	0.00032492307692307784
28.7	0.19522696990162522	-0.03621120074594155
28.8	0.1958452002246825	0.0361012404475394
28.9	0.19477736564633263	-0.035321478856461586
29.0	0.19546666666666657	0.00040615384615384727
29.1	0.19428250397675942	0.036115728227687306
29.2	0.1946830300604926	-0.036082439106562204
29.3	0.1976822191400832	-0.036068489389912944
29.4	0.19628640981784007	-0.03443909958907201
29.5	0.19517962637160985	-0.03443138272917491
29.6	0.1931968552459816	-0.033626531051826364
29.7	0.19329333333333337	0.0004873846153846169
29.8	0.19181517245633764	0.03530196662691909
29.9	0.1922189365080192	-0.0343985105815601
30.0	0.1926133333333333	0.00040615384615384775
30.1	0.1935248350267513	-0.03437826556250249
30.2	0.19330383196121775	-0.033531591019285205
30.3	0.1939587589029472	-0.03348106458107702
30.4	0.19256235866890314	-0.0327093103477291
30.5	0.19294666666666657	0.0005686153846153865
30.6	0.1915466666666666	0.0005686153846153865
30.7	0.1921152194735249	0.035299730520517915
30.8	0.19071715195105507	0.03525179030779727
30.9	0.19321333333333324	0.0004873846153846175
31.0	0.19320125749953465	0.03443440488818254
31.1	0.19503027343472273	0.033700366684242256
31.2	0.198029594624894	0.03368760361534791
31.3	0.18372019160755354	-0.0354646920224435
31.4	0.18554444379610688	-0.03637823002780523
31.5	0.1864399999999999	0.0016246153846153828
31.6	0.18713706765639684	-0.036477986764001644
31.7	0.1882184567896771	0.037865753616999225
31.8	0.18991116600757582	-0.034685444099574816
31.9	0.19069336650858465	0.03792465787352167
32.0	0.18799472457355587	-0.03378187972861925
32.1	0.18835667065185976	-0.03453743306447842
32.2	0.18824465937944168	0.03806224989893386
32.3	0.18814666666666668	0.001827692307692306
32.4	0.18691064189350237	0.03732113889950605
32.5	0.1890262068073058	0.03811408202601
32.6	0.1893896955492989	0.03729929011402729
32.7	0.19062535676025216	0.03809296700874136
32.8	0.1892232876766714	0.03888668119993994
32.9	0.19017939760638605	0.03718927776300434
33.0	0.1882780466924959	0.07404940746653327
33.1	0.19001912997273857	0.03789356873889439
33.2	0.19008958855192812	0.037802786934163814
33.3	0.19207959953339074	-0.035381417495418135
33.4	0.19273066831661206	-0.033768051602581735
33.5	0.19334666666666667	0.0015433846153846142
33.6	0.19198115014014558	-0.03543382531012732
33.7	0.1929273473971444	-0.03542281258585506
33.8	0.19108005514829063	0.03690186971239075
33.9	0.19306453147880884	-0.033680824176561715
34.0	0.19166638189587418	-0.03443469661476787
34.1	0.19244042249582527	0.03859402189666659
34.2	0.1935589400436033	-0.033611837061572884
34.3	0.1965581995770982	-0.0335985070192018
34.4	0.19791857518158237	0.03855720759079366
34.5	0.19330038027367252	0.036915468267389055
34.6	0.19335870968171975	0.03854441268971968
34.7	0.1935993727373024	-0.03432529490814599
34.8	0.1936266666666666	0.0016652307692307687
34.9	0.19548975920455192	-0.034344394550078074
35.0	0.198194982934847	-0.03604431903556946
35.1	0.20043807018708748	0.03844536736357664
35.2	0.20210666666666663	0.001624615384615384
35.3	0.20510666666666655	0.001624615384615384
35.4	0.2053379927855823	0.03677532161348997
35.5	0.19501153234368937	-0.03591829151091197
35.6	0.19489315436317847	0.039402107962833506
35.7	0.19456034125162064	-0.03414831148482916
35.8	0.19444832997920242	0.03767312831928459
35.9	0.19582666666666665	0.0017464615384615385
36.0	0.19446407869047197	-0.03416074904192529
36.1	0.19449333333333324	0.0017464615384615385
36.2	0.1940094177505425	-0.03585053601263758
36.3	0.19436948619692107	-0.03496650210127649
36.4	0.19528	0.0017058461538461541
36.5	0.19667013240877024	0.038396774587590284
36.6	0.19662194791311724	-0.03410109439161257
36.7	0.19698159278355795	-0.034091151949893775
36.8	0.1953958088345723	0.0392827033811016
36.9	0.19623649906071713	-0.0340326925856969
37.0	0.19523794752259271	0.03843177222749021
37.1	0.195784284488531	-0.034805961000099056
37.2	0.1966933333333334	0.0018276923076923084
37.3	0.19767667900252853	-0.034783935551554526
37.4	0.19686316898302	-0.03477544024931968
37.5	0.1973293728928253	0.03838048473918502
37.6	0.1962317549182465	0.036747198909994366
37.7	0.19629812660908055	0.036737878283676126
37.8	0.19489358220580574	0.03752433521475807
37.9	0.19789280771244064	0.0375107023715461
38.0	0.19663999999999998	0.0017870769230769242
38.1	0.19919385733571848	0.038319862807965836
38.2	0.19827685270695936	-0.03303308394546225
38.3	0.19980966831912392	-0.033021758611117585
38.4	0.19719999999999993	0.0019495384615384626
38.5	0.2002	0.0019495384615384626
38.6	0.19702312901915506	-0.06756746197855915
38.7	0.1992073169778204	-0.03274193316408748
38.8	0.1965866666666667	0.0021120000000000015
38.9	0.19958666666666677	0.0021120000000000015
39.0	0.19641486647449125	-0.06594441485660135
39.1	0.19854666666666676	0.002112000000000002
39.2	0.1977333333333333	0.0020713846153846173
39.3	0.19897333333333342	0.0020713846153846173
39.4	0.20047858233665977	-0.06741038786360014
39.5	0.20347562375605846	-0.0673837474954277
39.6	0.206472665175457	-0.06735710712725528
39.7	0.20742908302329657	-0.06438639210777726
39.8	0.21042637054534588	-0.06436088327780237
39.9	0.20870920475760946	-0.06741755498054212
40.0	0.211706246177008	-0.06739091461236969
40.1	0.20687815327156378	-0.03268347132756828
40.2	0.20987741280505853	-0.03267014128519719
40.3	0.20348996453864449	-0.03195628007496863
40.4	0.20648925590511616	-0.031943239677723105
40.5	0.20743291940311326	-0.032727036469547714
40.6	0.21043217893660804	-0.03271370642717663
40.7	0.19701485557865775	-0.07099595845545466
40.8	0.19807999999999995	0.003249230769230767
40.9	0.19920595341257377	-0.07086978724125723
41.0	0.19893703405206942	-0.034593137107172434
41.1	0.19930093979350266	-0.03450147015675535
41.2	0.1965866666666667	0.0035741538461538445
41.3	0.19701332925030576	0.04067058440550085
41.4	0.19912621639892983	0.04154036810698561
41.5	0.1968547389016097	0.03989049778921771
41.6	0.19985396440824446	0.03987686494600573
41.7	0.20285318991487925	0.03986323210279376
41.8	0.205852415421514	0.03984959925958178
41.9	0.20885164092814903	0.0398359664163698
42.0	0.2118508664347838	0.03982233357315783
42.1	0.21485009194141855	0.03980870072994585
42.2	0.21784931744805333	0.03979506788673387
42.3	0.22084854295468836	0.0397814350435219
42.4	0.22384776846132312	0.03976780220030992
42.5	0.22684699396795788	0.03975416935709794
42.6	0.22984621947459266	0.03974053651388597
42.7	0.19236777478014994	0.03986473923452504
42.8	0.19536700028678494	0.03985110639131306
42.9	0.19220810716619818	0.074178221147167
43.0	0.19520514858559673	0.07415158077899457
43.1	0.19241363449294693	-0.031713419616157
43.2	0.1935896767729037	0.03961272359609644
43.3	0.19036	0.003492923076923076
43.4	0.19335999999999995	0.003492923076923076
43.5	0.18843999999999994	0.0035335384615384612
43.6	0.19026666666666686	0.0035335384615384612
43.7	0.18812117194218356	-0.03334261232857939
43.8	0.19112036102177404	-0.03332866261193013
43.9	0.18929333333333329	0.003492923076923076
44.0	0.1903056486750647	0.04029751816130698
44.1	0.1916066709620334	-0.03254358341271889
44.2	0.19460589646866816	-0.032529950569506916
44.3	0.19290843373152117	-0.032604127847682754
44.4	0.1959076592381562	-0.03259049500447078
44.5	0.19531286610671802	-0.10936049871735053
44.6	0.19684086631137734	-0.10932416464849276
44.7	0.19983324241086947	-0.10928141641850002
44.8	0.20282561851036188	-0.10923866818850726
44.9	0.20356956811440646	-0.03257320660748083
45.0	0.20539564667162172	-0.03256121394271027
45.1	0.20575529154206257	-0.032551271500991484
45.2	0.20875451704869732	-0.03253763865777951
45.3	0.20764977845541566	-0.03248912173530142
45.4	0.2106490039620504	-0.03247548889208944
45.5	0.20368363748083368	-0.03410055621172411
45.6	0.19965486473703212	-0.06817675107871543
45.7	0.19493925579523003	-0.10384166697275697
45.8	0.1939203793755037	-0.06660763684718649
45.9	0.18517097410481761	-0.033337443302420444
46.0	0.1799532301419112	-0.03174713765258896
46.1	0.173234521708685	0.03916432395128345
46.2	0.16425238858926394	-0.031668898657780206
46.3	0.1592960660569831	0.07323425980318055
46.4	0.15408545202298854	0.07465563385164067
46.5	0.15183547964846517	0.07153612858819929
46.6	0.15149333333333345	0.0030867692307692328
46.7	0.15196263904658772	0.07154032051316545
46.8	0.15289503064270824	0.03740857911866373
46.9	0.15470534873192238	0.07313607130760844
47.0	0.15557333333333354	0.00333046153846154
47.1	0.15657924201163387	0.07325660422204519
47.2	0.15746666666666648	0.0034929230769230784
47.3	0.15900000000000025	0.003533538461538463
47.4	0.15912725249539306	0.03930506328686834
47.5	0.1603066666666667	0.0036553846153846168
47.6	0.16037333333333326	0.0036960000000000014
47.7	0.16108639055971724	0.038602928734493815
47.8	0.16197333333333336	0.003736615384615387
47.9	0.16268357315468937	0.03862290706825975
48.0	0.1639185516850768	0.039363592346495654
48.1	0.0	0.04147689372272009
48.2	0.0	0.040607187609843505
48.3	0.0	0.040593554766631526
48.4	0.1595559615296627	0.047360603323063605
48.5	0.16157463578467704	-0.07924617584090046
48.6	0.16380109931248207	-0.037175863731494424
48.7	0.16675480554960692	-0.1180212365102621
48.8	0.17097286324861477	-0.03836275887957527
48.9	0.19393660381471736	-0.03159976203961228
49.0	0.1960576304439193	-0.03241310465039599
49.1	0.19905681952350976	-0.03239915493374674
49.2	0.20205600860310025	-0.03238520521709748
49.3	0.2050551976826907	-0.03237125550044822
49.4	0.17639999999999995	0.005239384615384613
49.5	0.1779333333333332	0.005279999999999998
49.6	0.17975999999999984	0.005320615384615383
49.7	0.18217333333333327	0.005401846153846152
49.8	0.18294683440138187	-0.06878152144315025
49.9	0.18594359465961602	-0.06875364460353876
50.0	0.18894035491785013	-0.06872576776392729
50.1	0.19193711517608428	-0.0686978909243158
50.2	0.1949338754343184	-0.06867001408470433
50.3	0.19793063569255281	-0.06864213724509284
50.4	0.20092739595078693	-0.06861426040548137
50.5	0.20392415620902107	-0.06858638356586988
50.6	0.20692091646725522	-0.0685585067262584
50.7	0.16600487332835911	0.15719989730531167
50.8	0.16297906754049304	0.14733606999919757
50.9	0.16385045959898004	0.1505601939388294
51.0	0.1656677651116153	0.15051238278964862
51.1	0.16309662549266407	0.11227417537527785
51.2	0.16488271036806457	0.11463799049431733
51.3	0.16643004734939607	0.15043575388182884
51.4	0.16649345322021875	0.11445264120367607
51.5	0.16605437990191013	0.14702055675379802
51.6	0.1697724891395167	0.07825517826946245
51.7	0.17219538260048606	0.07810761350373335
51.8	0.17373474024332128	0.0780031578048824
51.9	0.17686608968368378	0.041014848020438574
52.0	0.17868601204029533	0.0417647752190069
52.1	0.1778847135422294	0.04087313105969974
52.2	0.17941953386242016	0.040821181430926244
52.3	0.1803866666666666	0.005523692307692308
52.4	0.18068413539580824	-0.02975193021043488
52.5	0.18198666666666644	0.005523692307692308
52.6	0.18381333333333308	0.005523692307692308
52.7	0.18270666666666635	0.005564307692307692
52.8	0.1833183285893415	0.0424391836930116
52.9	0.18395716134637813	-0.030420200064818024
53.0	0.18378666666666651	0.005604923076923077
53.1	0.1832077728455882	-0.029562006351683722
53.2	0.1836266666666668	0.005604923076923077
53.3	0.18334710226172246	-0.031219758269848075
53.4	0.18463999999999983	0.005564307692307692
53.5	0.1852933333333332	0.005564307692307692
53.6	0.18705919869112259	-0.030390407587376874
53.7	0.1863066666666665	0.005564307692307692
53.8	0.1860229988724264	-0.031208256782928878
53.9	0.18526666666666636	0.005523692307692308
54.0	0.18500519990620337	0.041445282407028994
54.1	0.18504469545771315	-0.03034602595871755
54.2	0.18575999999999998	0.005564307692307692
54.3	0.18582666666666656	0.005604923076923077
54.4	0.18730510992654625	-0.031067223708258554
54.5	0.1870759990833419	-0.030183561991188466
54.6	0.1871999999999998	0.005686153846153847
54.7	0.18691747883521057	-0.030124282537770882
54.8	0.1870400000000001	0.0057267692307692315
54.9	0.185130251670286	-0.06425606875157475
55.0	0.18570666666666658	0.0057267692307692315
55.1	0.18600168505654924	-0.028531446507499485
55.2	0.18818666666666656	0.005686153846153848
55.3	0.1903066666666666	0.005686153846153848
55.4	0.19177525726518346	-0.0292973850534086
55.5	0.19477451679867824	-0.02928405501103751
55.6	0.19701939127720358	-0.06741798424144314
55.7	0.19819999999999993	0.005645538461538462
55.8	0.19562666666666653	0.005645538461538462
55.9	0.18900182824058487	-0.06414222909659088
56.0	0.18607999999999994	0.005686153846153848
56.1	0.1852666666666666	0.0057267692307692315
56.2	0.18562666666666658	0.0057267692307692315
56.3	0.18481333333333325	0.0057267692307692315
56.4	0.18429333333333303	0.0057267692307692315
56.5	0.18344510963245012	0.0398636590427886
56.6	0.18530666666666662	0.0057267692307692315
56.7	0.18478666666666665	0.0057267692307692315
56.8	0.18925333333333327	0.005686153846153848
56.9	0.1969041396365786	0.04048533873859665
57.0	0.20166513658369628	0.040428978752165015
57.1	0.19790776064484442	0.04125648055751769
57.2	0.19592809486398977	0.04049960492049192
57.3	0.19245982800906655	0.041407705426141854
57.4	0.1954590535157013	0.041394072582929875
57.5	0.18817730528158666	0.04234385392664337
57.6	0.19059769435463292	0.04154447736233333
57.7	0.19161333333333302	0.00605169230769231
57.8	0.19101754668900475	0.04164687663493934
57.9	0.19053441232833	0.08054607145942451
58.0	0.0	0.08500197966697909
58.1	0.0	0.08497274613475105
58.2	0.18366804403588544	-0.16156278480997185
58.3	0.1853812172018248	-0.20282064270648972
58.4	0.18626996610463584	-0.2083802273655856
58.5	0.1899123226520446	-0.1617177716569191
58.6	0.1957869662657942	-0.23738099219208184
58.7	0.0	0.006417230769230771
58.8	0.0	0.006417230769230771
58.9	0.0	0.006417230769230771
59.0	0.0	0.006417230769230771
59.1	0.19144452009079738	-0.07355827886358164
59.2	0.19221585270953004	-0.11018210319958853
59.3	0.1934876273006937	-0.14855267511813616
59.4	0.19573887006760393	-0.06777559910779363
59.5	0.19873563032583808	-0.06774772226818214
59.6	0.20173239058407222	-0.06771984542857067
59.7	0.20472915084230633	-0.06769196858895918
59.8	0.20772591110054073	-0.0676640917493477
59.9	0.21072267135877487	-0.06763621490973622
60.0	0.20969928909330107	-0.06864504332906245
60.1	0.21269589350647433	-0.06861650423941318
60.2	0.2156924979196476	-0.06858796514976391
60.3	0.2186891023328211	-0.06855942606011464
60.4	0.1852749144203706	0.11830403316342407
60.5	0.17512127741262107	0.07980347599844821
60.6	0.17600231697683624	0.15161309723125999
60.7	0.18901368764938922	0.07988948905223983
60.8	0.18932396714720814	0.1484526187925141
60.9	0.19231218506928613	0.1483994949183438
61.0	0.17482455781742984	0.1484170527361546
61.1	0.18032416877928836	0.15480011999976842
61.2	0.18682198061451974	0.1547245685810092
61.3	0.1913486594324564	0.15130453436143754
61.4	0.19433633905185946	0.15125021291381202
61.5	0.19732401867126276	0.1511958914661865
61.6	0.1843830023641488	0.07780929558301429
61.7	0.1899221695550087	0.04326724023729667
61.8	0.19333333333333336	0.007188923076923076
61.9	0.1945733333333335	0.007107692307692308
62.0	0.1934666666666668	0.0070670769230769225
62.1	0.19441333333333352	0.006985846153846154
62.2	0.19733610304529195	-0.06491167688430467
62.3	0.1968152418142179	-0.0648942581402515
62.4	0.19611598777478625	-0.10311656917028444
62.5	0.19498539049648228	-0.02892637944280706
62.6	0.19555399356905245	-0.06475987787954321
62.7	0.19474407920554396	-0.0647026253527779
62.8	0.1922577481913467	-0.02878000858615208
62.9	0.1940036921914528	-0.06458566383612278
63.0	0.1932784292838599	-0.029553673385666397
63.1	0.19158716347779547	-0.029505811652385125
63.2	0.19133333333333358	0.007188923076923076
63.3	0.1907476583165883	-0.0645192641440761
63.4	0.19146666666666673	0.007148307692307693
63.5	0.19155715555499325	-0.029507840311775616
63.6	0.1919050355040214	-0.02786804928687701
63.7	0.1912446835409244	0.04378796272185933
63.8	0.19055999999999998	0.007107692307692308
63.9	0.19121333333333335	0.007107692307692308
64.0	0.19128000000000017	0.007148307692307693
64.1	0.18831094029194526	0.04144592800647642
64.2	0.19142540400425365	-0.027772704059354614
64.3	0.19120049161884797	-0.027723160080212826
64.4	0.1897866666666669	0.007310769230769232
64.5	0.19212873099382066	-0.06254126517468178
64.6	0.1902267939485475	-0.026815176803286784
64.7	0.18851999999999994	0.007392000000000002
64.8	0.18917333333333355	0.007351384615384617
64.9	0.18865333333333334	0.007310769230769232
65.0	0.18989333333333347	0.007310769230769232
65.1	0.1914401810692807	-0.02760837171684338
65.2	0.19150655276011452	-0.027599051090525146
65.3	0.19097333333333336	0.007270153846153847
65.4	0.1928	0.007270153846153847
65.5	0.1908133333333334	0.007229538461538463
65.6	0.19117804488298595	-0.026845475712267485
65.7	0.19183841121428508	-0.02755244795893396
65.8	0.1933600000000002	0.007310769230769232
65.9	0.19096446784811608	0.04144233741843955
66.0	0.19396375921458775	0.04142929702119402
66.1	0.1918182370622493	-0.028266006364011612
66.2	0.19481746256888408	-0.028252373520799637
66.3	0.19033778191665876	0.04220412255068519
66.4	0.19333704145015354	0.0421907925083141
66.5	0.19206666666666694	0.007351384615384617
66.6	0.19506666666666686	0.007351384615384617
66.7	0.1926589316651822	0.07998980962602832
66.8	0.19432448912027256	0.11870745355342102
66.9	0.0	0.12533037772097655
67.0	0.0	0.1252865923379896
67.1	0.0	0.12522442989537588
67.2	0.0	0.12518064451238894
67.3	0.18648134359886787	-0.2318066879442484
67.4	0.1885896686069924	-0.21835889228709893
67.5	0.19159576804154213	-0.2625848926082553
67.6	0.19455263480598187	-0.26248351431918876
67.7	0.1980956855621077	-0.24837785337508486
67.8	0.20105700199535062	-0.24828181067995267
67.9	0.21808140108635657	0.09004291434379814
68.0	0.22107725457435404	0.09001137904392448
68.1	0.23424135980379418	0.047151865957432315
68.2	0.0	0.0928186236960165
68.3	0.21416289602095753	-0.2887193449336384
68.4	0.21711060675804866	-0.28860780993277546
68.5	0.2117945185869184	-0.1997100092692302
68.6	0.21476888147354622	-0.19963173656168734
68.7	0.2125001291354059	-0.11075384498364724
68.8	0.2154917270650712	-0.11070897101470226
68.9	0.20218403897126158	-0.0690261223766043
69.0	0.20518047602463646	-0.06899688884437626
69.1	0.220114481842737	-0.11035024507765265
69.2	0.22310607977240232	-0.11030537110870767
69.3	0.19412090996869147	0.04891717589891552
69.4	0.19711997290791602	0.0489021805842194
69.5	0.19865877827983094	0.0480829302840811
69.6	0.20165788635176005	0.04806830048860827
69.7	0.20465699442368912	0.04805367069313545
69.8	0.20765610249561847	0.04803904089766262
69.9	0.21065521056754755	0.0480244111021898
70.0	0.21365431863947665	0.04800978130671697
70.1	0.21665342671140572	0.04799515151124415
70.2	0.21965253478333482	0.04798052171577132
70.3	0.22265164285526418	0.0479658919202985
70.4	0.22565075092719325	0.04795126212482567
70.5	0.22864985899912232	0.04793663232935284
70.6	0.23164896707105143	0.04792200253388002
70.7	0.23464807514298078	0.0479073727384072
70.8	0.23764718321490985	0.04789274294293437
70.9	0.24064629128683895	0.04787811314746154
71.0	0.24364539935876803	0.04786348335198872
71.1	0.24664450743069738	0.0478488535565159
71.2	0.24964361550262648	0.04783422376104307
71.3	0.2526427235745555	0.04781959396557024
71.4	0.25564183164648463	0.04780496417009742
71.5	0.258640939718414	0.0477903343746246
71.6	0.2616400477903431	0.04777570457915177
71.7	0.26463915586227216	0.04776107478367894
71.8	0.26763826393420126	0.04774644498820612
71.9	0.2706373720061306	0.0477318151927333
72.0	0.2736364800780597	0.04771718539726047
72.1	0.2766355881499888	0.04770255560178764
72.2	0.27963469622191783	0.04768792580631482
72.3	0.2826338042938472	0.04767329601084199
72.4	0.2856329123657763	0.04765866621536917
72.5	0.2886320204377054	0.04764403641989634
72.6	0.29163112850963446	0.04762940662442352
72.7	0.29463023658156356	0.0476147768289507
72.8	0.2976293446534929	0.04760014703347787
72.9	0.300628452725422	0.04758551723800504
73.0	0.3036275607973511	0.04757088744253222
73.1	0.30662666886928014	0.0475562576470594
73.2	0.3096257769412095	0.04754162785158657
73.3	0.31262488501313856	0.04752699805611374
73.4	0.3156239930850677	0.04751236826064092
73.5	0.31862310115699677	0.04749773846516809
73.6	0.32162220922892615	0.04748310866969527
73.7	0.3246213173008552	0.04746847887422244
73.8	0.3276204253727843	0.04745384907874962
73.9	0.3306195334447134	0.04743921928327679
74.0	0.3336186415166428	0.04742458948780397
74.1	0.3366177495885718	0.04740995969233114
74.2	0.3396168576605009	0.04739532989685832
74.3	0.34261596573243003	0.04738070010138549
74.4	0.34561507380435935	0.047366070305912666
74.5	0.34861418187628845	0.04735144051043984
74.6	0.3516132899482175	0.047336810714967016
74.7	0.12859584876810914	-0.33185082939486893
74.8	0.12996018777992635	-0.41146984966626793
74.9	0.13072046638830348	-0.3230427410398596
75.0	0.13365611574326366	-0.3229191347512297
75.1	0.13659176509822385	-0.3227955284625998
75.2	0.12110685411612246	-0.2244315668663669
75.3	0.12407523730852496	-0.22434468735829657
75.4	0.11984418534682914	-0.22980956203274513
75.5	0.1221029973133352	-0.2552839518319267
75.6	0.12217421888562106	-0.17641813649411212
75.7	0.12172918465322909	-0.13946369752196952
75.8	0.12471628830120532	-0.13940812350061182
75.9	0.12770339194918157	-0.13935254947925413
76.0	0.13069049559715779	-0.13929697545789643
76.1	0.1336775992451343	-0.13924140143653874
76.2	0.13666470289311056	-0.13918582741518104
76.3	0.13965180654108678	-0.13913025339382334
76.4	0.14263891018906305	-0.13907467937246565
76.5	0.14562601383703955	-0.13901910535110795
76.6	0.14861311748501577	-0.13896353132975023
76.7	0.15160022113299204	-0.13890795730839253
76.8	0.15458732478096826	-0.13885238328703484
76.9	0.15757442842894476	-0.13879680926567714
77.0	0.16056153207692103	-0.13874123524431944
77.1	0.16354863572489725	-0.13868566122296175
77.2	0.1665357393728735	-0.13863008720160405
77.3	0.16952284302085002	-0.13857451318024636
77.4	0.17250994666882624	-0.13851893915888866
77.5	0.1754970503168025	-0.13846336513753096
77.6	0.17848415396477874	-0.13840779111617327
77.7	0.18147125761275498	-0.13835221709481557
77.8	0.18445836126073148	-0.13829664307345785
77.9	0.18744546490870773	-0.13824106905210015
78.0	0.19043256855668397	-0.13818549503074246
78.1	0.19341967220466022	-0.13812992100938476
78.2	0.19640677585263672	-0.13807434698802706
78.3	0.19939387950061296	-0.13801877296666937
78.4	0.20238098314858918	-0.13796319894531167
78.5	0.20536808679656543	-0.13790762492395398
78.6	0.20835519044454195	-0.13785205090259628
78.7	0.21134229409251817	-0.13779647688123858
78.8	0.21432939774049442	-0.1377409028598809
78.9	0.21731650138847067	-0.13768532883852316
79.0	0.22030360503644716	-0.13762975481716547
79.1	0.2232907086844234	-0.13757418079580777
79.2	0.22627781233239966	-0.13751860677445008
79.3	0.2292649159803759	-0.13746303275309238
79.4	0.2322520196283524	-0.13740745873173468
79.5	0.23523912327632865	-0.137351884710377
79.6	0.2382262269243049	-0.1372963106890193
79.7	0.24121333057228111	-0.1372407366676616
79.8	0.24420043422025764	-0.13718516264630387
79.9	0.2471875378682339	-0.13712958862494617
80.0	0.2501746415162101	-0.13707401460358848
80.1	0.2531617451641864	-0.13701844058223078
80.2	0.2561488488121626	-0.1369628665608731
80.3	0.2591359524601389	-0.1369072925395154
80.4	0.2621230561081151	-0.1368517185181577
80.5	0.26511015975609187	-0.1367961444968
80.6	0.2680972634040681	-0.1367405704754423
80.7	0.27108436705204436	-0.1366849964540846
80.8	0.2740714707000206	-0.1366294224327269
80.9	0.27705857434799686	-0.13657384841136921
81.0	0.2800456779959731	-0.13651827439001152
81.1	0.2830327816439493	-0.1364627003686538
81.2	0.28601988529192557	-0.1364071263472961
81.3	0.28900698893990234	-0.1363515523259384
