0.0	0.025858529228878976	-0.10792751933824313	-0.04758310327698334
0.1	0.04585852922887898	-0.10792751933824313	-0.04758310327698334
0.2	0.06585852922887897	-0.10792751933824313	-0.04758310327698334
0.3	0.08585852922887897	-0.10792751933824313	-0.04758310327698334
0.4	0.10585852922887898	-0.10792751933824313	-0.04758310327698334
0.5	0.12585852922887897	-0.10792751933824313	-0.04758310327698334
0.6	0.16377702136210465	-0.10844187722652116	-0.04542327942157698
0.7	0.24189281602998963	-0.10866370948723078	-0.023805026185069966
0.8	0.2544921615275086	-0.10875684360425752	-0.04647813135100298
0.9	0.22302222222222218	-0.10424615384615385	0.0
1.0	0.2336901156764754	-0.10346254459225288	-0.02325162281046289
1.1	0.23226349984935127	-0.103111834853743	-0.02272336084164106
1.2	0.2302222222222222	-0.10424615384615385	0.0
1.3	0.2189333333333333	-0.10424615384615385	0.0
1.4	0.23893333333333333	-0.10424615384615385	0.0
1.5	0.15137777777777775	-0.10424615384615382	0.0
1.6	0.16355555555555554	-0.10559999999999999	0.0
1.7	0.17573333333333335	-0.10559999999999999	0.0
1.8	0.18399999999999997	-0.10559999999999999	0.0
1.9	0.16879999999999998	-0.10559999999999999	0.0
2.0	0.17120000000000002	-0.10559999999999999	0.0
2.1	0.13619894959577578	-0.10895373718159174	-6.259380280994517
2.2	0.14275555555555558	-0.10289230769230767	0.0
2.3	0.13733333333333336	-0.10153846153846152	0.0
2.4	0.1319111111111111	-0.1015384615384615	0.0
2.5	0.12257777777777779	-0.1015384615384615	0.0
2.6	0.12442358705886458	-0.10764932063740894	-6.260966741852867
2.7	0.1117333333333334	-0.1015384615384615	0.0
2.8	0.11575422365068666	-0.11007256417374763	-6.259933684369123
2.9	0.12435555555555555	-0.10289230769230766	0.0
3.0	0.1287111111111111	-0.10289230769230766	0.0
3.1	0.10764444444444443	-0.10289230769230766	0.0
3.2	0.11662404084960531	-0.0933297455090263	-0.02272336084164106
3.3	0.11120838174152947	-0.09292984877480831	-0.02272336084164106
3.4	0.10774777333407481	-0.09256071332783788	-0.02272336084164106
3.5	0.108916298949572	-0.11065712506985959	-6.260966741852867
3.6	0.10791111111111107	-0.10018461538461533	0.0
3.7	0.10053333333333336	-0.10018461538461533	0.0
3.8	0.08142222222222228	-0.09883076923076917	0.0
3.9	0.09686478394034848	-0.1091354189169953	-6.2614496003377935
4.0	0.09535875399409188	-0.10945908826401254	-6.2614496003377935
4.1	0.08009369758193785	-0.10975192022971449	-6.261911921155525
4.2	0.08418630329193144	-0.08747899715293245	-0.021735706841792712
4.3	0.0927957577867996	-0.1104006718189718	-6.2614496003377935
4.4	0.081216745434885	-0.08547813209864404	-0.021735706841792712
4.5	0.0877861022273414	-0.10972390863884483	-6.2614496003377935
4.6	0.0883119963830693	-0.1102961885379655	-6.260966741852867
4.7	0.09845969775517305	-0.110165275930232	-6.2614496003377935
4.8	0.005438175230423226	-0.15264239294413381	-0.04542327942157698
4.9	0.0056551467576669845	-0.1684148728698822	-0.07130746478529026
5.0	0.015721755955742434	-0.15502096070716762	-0.04647813135100298
5.1	0.008373543821338592	-0.15414033849174852	-0.04647813135100298
5.2	0.014790295601759151	-0.1523476432675025	-0.04647813135100298
5.3	-0.008498316525894944	-0.15530097850079735	-0.06807645825799957
5.4	-0.006869658095207676	-0.1403473955261609	-0.04542327942157698
5.5	-0.0038222222222221713	-0.11372307692307698	0.0
5.6	-0.0014237834394124071	-0.12197059942043811	-0.02325162281046289
5.7	0.012711111111110895	-0.1069538461538462	0.0
5.8	0.017298248764918922	-0.11485695929940097	-0.02325162281046289
5.9	0.013599999999999834	-0.10289230769230776	0.0
6.0	0.015999999999999792	-0.10289230769230776	0.0
6.1	0.010577777777777575	-0.10289230769230776	0.0
6.2	0.010413213599272053	-0.09373637292233919	-6.259933684369123
6.3	0.003644444444444339	-0.10153846153846158	0.0
6.4	0.014134337114724227	-0.11037165035402301	-0.023805026185069966
6.5	0.008444444444444477	-0.10153846153846158	0.0
6.6	0.020622222222222097	-0.10289230769230773	0.0
6.7	0.042577777777777825	-0.10289230769230773	0.0
6.8	0.05475555555555567	-0.10153846153846158	0.0
6.9	0.04975205825822382	-0.1077747954620852	-0.02325162281046289
7.0	0.055644444444444385	-0.10018461538461543	0.0
7.1	0.035056769244998565	-0.10553997931786553	-0.02325162281046289
7.2	0.019866284044469662	-0.10497340621088026	-0.02325162281046289
7.3	0.03155555555555534	-0.09883076923076926	0.0
7.4	0.049599999999999866	-0.09883076923076926	0.0
7.5	0.052000000000000046	-0.09883076923076926	0.0
7.6	0.05770323448952719	-0.09329224168610112	-6.259380280994517
7.7	0.03724444444444441	-0.09883076923076925	0.0
7.8	0.02595555555555551	-0.09883076923076925	0.0
7.9	0.02639999999999998	-0.09883076923076925	0.0
8.0	0.03466666666666662	-0.09883076923076925	0.0
8.1	0.02867313579828412	-0.09541911144474799	-6.259380280994517
8.2	0.029688888888888654	-0.0974769230769231	0.0
8.3	0.02035555555555546	-0.09612307692307694	0.0
8.4	0.022755555555555418	-0.09612307692307694	0.0
8.5	0.013422222222222002	-0.09612307692307692	0.0
8.6	0.02105495824628023	-0.09448457776291833	-6.259380280994517
8.7	0.018851726977981764	-0.0960958427315902	-0.023805026185069966
8.8	0.030399999999999983	-0.09612307692307692	0.0
8.9	0.040622222222222115	-0.09612307692307692	0.0
9.0	0.043022222222222295	-0.09612307692307692	0.0
9.1	0.05128888888888894	-0.09612307692307692	0.0
9.2	0.06151111111111107	-0.09612307692307692	0.0
9.3	0.04435555555555548	-0.09747692307692307	0.0
9.4	0.04871111111111093	-0.09747692307692307	0.0
9.5	0.053066666666666595	-0.09747692307692307	0.0
9.6	0.035911111111111005	-0.09612307692307692	0.0
9.7	0.0285333333333333	-0.09341538461538461	0.0
9.8	0.030933333333333257	-0.0934153846153846	0.0
9.9	0.04115555555555539	-0.09206153846153844	0.0
10.0	0.028751178540734612	-0.08791061669073708	-0.023805026185069966
10.1	0.032266666666666666	-0.09070769230769228	0.0
10.2	0.02792143195306629	-0.09406801640296723	-6.260461946337945
10.3	0.04205627985120275	-0.09416030026470985	-6.260461946337945
10.4	0.035555555555555785	-0.09070769230769228	0.0
10.5	0.0562973144616441	-0.10020001198705626	-6.235602203902603
10.6	0.03448888888888879	-0.09070769230769228	0.0
10.7	0.041873108665341	-0.09667083445896406	-6.260966741852867
10.8	0.028574473274234347	-0.08551637854815199	-0.02272336084164106
10.9	0.03111231588004948	-0.09757480314918644	-6.260461946337945
11.0	0.0511123158800495	-0.09757480314918644	-6.260461946337945
11.1	0.026933333333333476	-0.09070769230769227	0.0
11.2	0.03911111111111154	-0.09070769230769227	0.0
11.3	0.01519919651934698	-0.09757317578869926	-6.260966741852867
11.4	0.035199196519347	-0.09757317578869926	-6.260966741852867
11.5	0.0032888888888886747	-0.08799999999999997	0.0
11.6	0.023288888888888692	-0.08799999999999997	0.0
11.7	0.013216473705516929	-0.07991736377021395	-0.022218565326718842
11.8	0.03200000000000003	-0.08799999999999997	0.0
11.9	0.02657777777777781	-0.08799999999999997	0.0
12.0	0.04165076007119728	-0.09642404092504545	-6.2614496003377935
12.1	0.020922223169103304	-0.07745096413560443	-0.022218565326718842
12.2	0.04092222316910332	-0.07745096413560443	-0.022218565326718842
12.3	0.03922696958229377	-0.0977901321599192	-6.260461946337945
12.4	0.04835555555555571	-0.08799999999999994	0.0
12.5	0.040977777777778	-0.08799999999999994	0.0
12.6	0.06097777777777802	-0.08799999999999994	0.0
12.7	0.06854108050464047	-0.07769158849020048	-0.022218565326718842
12.8	0.08854108050464049	-0.07769158849020048	-0.022218565326718842
12.9	0.036433060340537615	-0.07300475407565635	-0.021273386024061036
13.0	0.046608919313545716	-0.07261963167623182	-0.021735706841792712
13.1	0.029510346609859184	-0.07231358480630103	-0.021273386024061036
13.2	0.0495103466098592	-0.07231358480630103	-0.021273386024061036
13.3	0.02258239519546379	-0.0700008524140014	-0.021735706841792712
13.4	0.04258239519546381	-0.0700008524140014	-0.021735706841792712
13.5	0.04889673977511855	-0.06979488101135407	-0.021735706841792712
13.6	0.06303145888068462	-0.06970660755307664	-0.021735706841792712
13.7	0.08303145888068464	-0.06970660755307664	-0.021735706841792712
13.8	0.10303145888068421	-0.06970660755307664	-0.021735706841792712
13.9	0.022525686370803655	-0.07450436356856184	-0.02325162281046289
14.0	0.04252568637080367	-0.07450436356856184	-0.02325162281046289
14.1	0.03520077473576766	-0.07271021539644185	-0.02325162281046289
14.2	0.03700503934548571	-0.08394216760548398	-0.04647813135100298
14.3	0.028416525031188744	-0.06789434398706712	-0.02325162281046289
14.4	0.04255144416443368	-0.06779991513590292	-0.02325162281046289
14.5	0.017281442275644654	-0.041527737784174484	-6.260461946337945
14.6	0.02400000000000002	-0.051446153846153905	0.0
14.7	-0.006844444444444431	-0.04738461538461544	0.0
14.8	0.003377777777777702	-0.046030769230769285	0.0
14.9	0.0031724108230140047	-0.03488329973870656	-6.260461946337945
15.0	0.023172410823014022	-0.03488329973870656	-6.260461946337945
15.1	0.007848199300426018	-0.031376512992487386	-6.260461946337945
15.2	0.022755555555555418	-0.03926153846153851	0.0
15.3	0.014502115141978411	-0.029386249305042942	-6.260966741852867
15.4	0.02274873427473212	-0.028023532682505885	-6.260461946337945
15.5	0.0015848091603962722	-0.026137820517996232	-6.260966741852867
15.6	0.02158480916039629	-0.026137820517996232	-6.260966741852867
15.7	0.014188660841583545	-0.02503968781949483	-6.260461946337945
15.8	0.03418866084158356	-0.02503968781949483	-6.260461946337945
15.9	0.03724211816075673	-0.01644876495229222	-6.236707175828583
16.0	0.05724211816075675	-0.01644876495229222	-6.236707175828583
16.1	0.030331877716604172	-0.018258071165689758	-6.237762027758009
16.2	0.05033187771660419	-0.018258071165689758	-6.237762027758009
16.3	-0.0039025844714686286	-0.020594120675104615	-6.237762027758009
16.4	0.01023680009263117	-0.02077854563637421	-6.237762027758009
16.5	0.010701415306296536	-0.02139329550727286	-6.237762027758009
16.6	0.030701415306296553	-0.02139329550727286	-6.237762027758009
16.7	0.011664964391587151	-0.022424415699778915	-6.236707175828583
16.8	-0.039518437245387616	-0.02934626803414999	-6.260461946337945
16.9	-0.06942222222222227	-0.035200000000000016	0.0
17.0	-0.1120000000000001	-0.037907692307692316	0.0
17.1	-0.13821698204226607	-0.037236443642420194	-0.02325162281046289
17.2	-0.13969413249582052	-0.036882783409796505	-0.02272336084164106
17.3	-0.1392446395020328	-0.036575170537321136	-0.02272336084164106
17.4	-0.17714958615461818	-0.03475312671564619	-0.04647813135100298
17.5	-0.2087719117072897	-0.03620603509035068	-0.02272336084164106
17.6	-0.2056109743382506	-0.03390395529363492	-0.04647813135100298
17.7	-0.19543172142894916	-0.03348586518847638	-0.04758310327698334
17.8	-0.19378251079204656	-0.03685202212254895	-0.02272336084164106
17.9	-0.1886775941113652	-0.03387250450022709	-0.04647813135100298
18.0	-0.19946666666666646	-0.040615384615384595	0.0
18.1	-0.18728888888888884	-0.040615384615384595	0.0
18.2	-0.18880000000000008	-0.040615384615384595	0.0
18.3	-0.1883555555555554	-0.040615384615384595	0.0
18.4	-0.19505009132992646	-0.03473887272456544	-0.023805026185069966
18.5	-0.18355555555555547	-0.03926153846153844	0.0
18.6	-0.1778342010514553	-0.04395787947672996	-6.260461946337945
18.7	-0.18324986015953115	-0.044357776210947934	-6.260461946337945
18.8	-0.16853333333333342	-0.03926153846153843	0.0
18.9	-0.1641777777777782	-0.03926153846153843	0.0
19.0	-0.1668386041892913	-0.03214554517367582	-0.02272336084164106
19.1	-0.17616436469860952	-0.03168412586496276	-0.02272336084164106
19.2	-0.16789466890233662	-0.03149955814147754	-0.02272336084164106
19.3	-0.15848888888888935	-0.039261538461538424	0.0
19.4	-0.1533547609808812	-0.03245315804615118	-0.02272336084164106
19.5	-0.14050846922633609	-0.047556950084691775	-6.260461946337945
19.6	-0.13997692348029922	-0.04938628915888192	-6.259933684369123
19.7	-0.13569095500192097	-0.04929791464786621	-6.260966741852867
19.8	-0.15235555555555536	-0.041969230769230724	0.0
19.9	-0.14017777777777818	-0.041969230769230724	0.0
20.0	-0.153937316309662	-0.04914752442624368	-6.260966741852867
20.1	-0.1560079168340005	-0.029055390817473374	-0.022218565326718842
20.2	-0.14187313547727953	-0.02896515668449985	-0.022218565326718842
20.3	-0.14231111111111172	-0.036553846153846103	0.0
20.4	-0.13666203258940346	-0.045843349332078405	-6.2614496003377935
20.5	-0.12246148329551598	-0.04635725988203785	-6.260461946337945
20.6	-0.12200248808689285	-0.04779401243164087	-6.260966741852867
20.7	-0.12155321689782195	-0.04809479287488594	-6.260966741852867
20.8	-0.1329106842170411	-0.046990904289685	-6.2614496003377935
20.9	-0.11291068421704153	-0.046990904289685	-6.2614496003377935
21.0	-0.09291068421704107	-0.046990904289685	-6.2614496003377935
21.1	-0.0964449455527232	-0.045761165375233864	-6.261911921155525
21.2	-0.10702222222222169	-0.03384615384615378	0.0
21.3	-0.10155147149610144	-0.021038507556120585	-0.021735706841792712
21.4	-0.08928684195107905	-0.04407788016652984	-6.2614496003377935
21.5	-0.1005683400547257	-0.017742965113763217	-0.021735706841792712
21.6	-0.10204297740353852	-0.015790973270365997	-0.022218565326718842
21.7	-0.11527921638211858	-0.015279646516849389	-0.022218565326718842
21.8	-0.09527921638211811	-0.015279646516849389	-0.022218565326718842
21.9	-0.07527921638211854	-0.015279646516849389	-0.022218565326718842
22.0	-0.05527921638211808	-0.015279646516849389	-0.022218565326718842
22.1	-0.035279216382118506	-0.015279646516849389	-0.022218565326718842
22.2	-0.015279216382118044	-0.015279646516849389	-0.022218565326718842
22.3	-0.10888888888888903	0.0013538461538460834	0.0
22.4	-0.12644091900512588	0.018193291990971205	-6.259933684369123
22.5	-0.1397807717030224	0.021174943204452568	-6.260966741852867
22.6	-0.15644444444444527	0.012184615384615322	0.0
22.7	-0.14674596691327668	0.02180658213526721	-6.260966741852867
22.8	-0.14040287997088452	0.020487017306859496	-6.260461946337945
22.9	-0.13204431823367369	0.017595456305591048	-6.260461946337945
23.0	-0.12961539458042193	0.016860230530989093	-6.2614496003377935
23.1	-0.12717944197105968	0.01546011478279633	-6.260966741852867
23.2	-0.13251759104152594	0.01258136648424256	-6.260461946337945
23.3	-0.12812202864506617	0.011205557004819641	-6.259933684369123
23.4	-0.13347813567212263	0.009023413297351929	-6.260966741852867
23.5	-0.1252220750580273	-0.009254027414092631	-0.02325162281046289
23.6	-0.12462222222222241	-0.001353846153846201	0.0
23.7	-0.1145852874971478	-0.009935895780954399	-0.02272336084164106
23.8	-0.11418022747382928	-0.010981779547370644	-0.02272336084164106
23.9	-0.10591053167755593	-0.010797211823885423	-0.02272336084164106
24.0	-0.09373894998980692	-0.010859317883884197	-0.02325162281046289
24.1	-0.09715380771367244	-0.00912812227920701	-0.02325162281046289
24.2	-0.11420838838348057	-0.005823112488459654	-0.02325162281046289
24.3	-0.09420838838348011	-0.005823112488459654	-0.02325162281046289
24.4	-0.09775964333680598	0.008152357483843502	-6.259933684369123
24.5	-0.10108079113233348	-0.003568309320714289	-0.02272336084164106
24.6	-0.09495062123607312	0.00890778829315718	-6.259933684369123
24.7	-0.08840706797056175	-0.0017841546603571587	-0.02272336084164106
24.8	-0.09773388554317641	-0.0014479090511845788	-0.02325162281046289
24.9	-0.0934222222222223	0.004061538461538434	0.0
25.0	-0.10080000000000044	0.004061538461538436	0.0
25.1	-0.09666442614228199	0.008733056130201552	-6.259380280994517
25.2	-0.09404444444444504	0.005415384615384593	0.0
25.3	-0.08993841265774094	0.009442885116421029	-6.259933684369123
25.4	-0.0853333333333337	0.006769230769230749	0.0
25.5	-0.08097777777777893	0.006769230769230751	0.0
25.6	-0.08277758724574458	0.010022068105139037	-6.259380280994517
25.7	-0.0803575003951913	0.009597521621231465	-6.260461946337945
25.8	-0.0815999999999999	0.00812307692307691	0.0
25.9	-0.07951917826472954	0.010440996996993718	-6.259380280994517
26.0	-0.0807111111111114	0.008123076923076913	0.0
26.1	-0.07220561364302114	0.0064291090347351615	-0.02272336084164106
26.2	-0.06417777777777811	0.006769230769230761	0.0
26.3	-0.05570219742790794	0.00538162499536403	-0.023805026185069966
26.4	-0.05742222222222271	0.006769230769230764	0.0
26.5	-0.056977777777778016	0.006769230769230765	0.0
26.6	-0.06413245563955527	0.006515590730330497	-0.02325162281046289
26.7	-0.06172226322206953	0.006799538167795283	-0.023805026185069966
26.8	-0.07324444444444467	0.006769230769230771	0.0
26.9	-0.06323328026601072	0.006090734875012263	-6.260461946337945
27.0	-0.06478327094331249	0.007105857354180971	-6.260461946337945
27.1	-0.05788281802132644	0.010733412748998555	-0.02325162281046289
27.2	-0.05411408832699571	0.006610019581494701	-6.259933684369123
27.3	-0.04328924566950576	0.011182178882582773	-0.023805026185069966
27.4	-0.0549333333333335	0.00947692307692309	0.0
27.5	-0.052804985441736285	0.007075096066933428	-6.260461946337945
27.6	-0.05600000000000094	0.010830769230769244	0.0
27.7	-0.04927388874651495	0.0138810411211389	-0.02325162281046289
27.8	-0.04533333333333367	0.009476923076923093	0.0
27.9	-0.037066666666667025	0.009476923076923095	0.0
28.0	-0.038577777777778266	0.009476923076923098	0.0
28.1	-0.038373742752436435	0.005504282111384717	-6.260966741852867
28.2	-0.03768888888888977	0.009476923076923102	0.0
28.3	-0.0431111111111111	0.009476923076923102	0.0
28.4	-0.040711111111111364	0.009476923076923105	0.0
28.5	-0.034399999999999764	0.009476923076923105	0.0
28.6	-0.030044444444444984	0.01083076923076926	0.0
28.7	-0.03104592987276078	0.01816181570724977	-0.02325162281046289
28.8	-0.02749993545721985	0.006090734875012235	-6.260461946337945
28.9	-0.03402641882701207	0.020056359285393958	-0.02272336084164106
29.0	-0.03022222222222304	0.013538461538461574	0.0
29.1	-0.03792619365005212	0.006336825172992521	-6.260461946337945
29.2	-0.03457142703245708	0.022537019144524852	-0.02325162281046289
29.3	-0.014571427032456619	0.022537019144524852	-0.02325162281046289
29.4	-0.023930896617708086	0.022648767376353404	-0.022218565326718842
29.5	-0.03130191695300866	0.02306985999689649	-0.022218565326718842
29.6	-0.04451203507150492	0.024745992803772772	-0.021735706841792712
29.7	-0.044711111111110924	0.016246153846153896	0.0
29.8	-0.054370791367445825	0.005444126022735725	-6.260966741852867
29.9	-0.05101063388874749	0.02460384025744632	-0.022218565326718842
30.0	-0.049244444444444646	0.013538461538461593	0.0
30.1	-0.042291799986236	0.025085088966638424	-0.022218565326718842
30.2	-0.04373024455618868	0.02789441281566777	-0.021735706841792712
30.3	-0.0393284915725447	0.029483335064661498	-0.021735706841792712
30.4	-0.04863320364056811	0.03104501968187671	-0.021273386024061036
30.5	-0.047022222222222965	0.018953846153846217	0.0
30.6	-0.05635555555555616	0.018953846153846217	0.0
30.7	-0.05236931567495162	0.005414047978411233	-6.260966741852867
30.8	-0.06165196282732044	0.0036093653189408397	-6.260966741852867
30.9	-0.04524444444444509	0.016246153846153917	0.0
31.0	-0.045067971188580636	0.0021774119708431604	-6.2614496003377935
31.1	-0.032886879095830324	0.0023326962840742515	-6.261911921155525
31.2	-0.012886879095829862	0.0023326962840742515	-6.261911921155525
31.3	-0.10715851692081468	0.044822228019278355	-0.02325162281046289
31.4	-0.0949893689741721	0.043278577058526294	-0.023805026185069966
31.5	-0.0904000000000007	0.05415384615384609	0.0
31.6	-0.08445403436795207	0.03970156882807475	-0.023805026185069966
31.7	-0.07966817262932135	0.0637373871768961	-6.260461946337945
31.8	-0.065977654435871	0.04198915709288752	-0.02272336084164106
31.9	-0.06321764697771304	0.06607524500770888	-6.260461946337945
32.0	-0.07870844506878338	0.04577878346189903	-0.022218565326718842
32.1	-0.07622618074682919	0.0471570533504737	-0.02272336084164106
32.2	-0.07964235618381466	0.0702895413606214	-6.260461946337945
32.3	-0.0790222222222221	0.060923076923076865	0.0
32.4	-0.08855490547100864	0.07200683811286865	-6.260966741852867
32.5	-0.07447264174214663	0.07213521859547362	-6.260461946337945
32.6	-0.07201578004412479	0.07164590158097457	-6.260966741852867
32.7	-0.06379840225146527	0.07167379928676056	-6.260461946337945
32.8	-0.0731331143666738	0.07006620756384395	-6.259933684369123
32.9	-0.066670928586678	0.0680966923506828	-6.260966741852867
33.0	-0.0801811702763473	0.07327818461111861	-6.237762027758009
33.1	-0.06768785049630299	0.06493707737955001	-6.260461946337945
33.2	-0.06714949156157779	0.06192247122929141	-6.260461946337945
33.3	-0.05137965833322333	0.04630161335418433	-0.02325162281046289
33.4	-0.047133039159658274	0.04553815910730296	-0.022218565326718842
33.5	-0.044355555555555704	0.05144615384615381	0.0
33.6	-0.052076425442663776	0.044570417749507145	-0.02325162281046289
33.7	-0.04576161413175761	0.04479075173555697	-0.02325162281046289
33.8	-0.0604551846838266	0.058652186432787766	-6.260966741852867
33.9	-0.04484323715027916	0.048395573318131074	-0.022218565326718842
34.0	-0.05408932490145002	0.05007937563898972	-0.02272336084164106
34.1	-0.05146453997542366	0.06081218014975134	-6.259933684369123
34.2	-0.04149690463795075	0.05062134859814455	-0.022218565326718842
34.3	-0.021496904637950287	0.05062134859814455	-0.022218565326718842
34.4	-0.014924863442442593	0.06043446474509449	-6.259933684369123
34.5	-0.04566674120182235	0.05943421558522493	-6.260966741852867
34.6	-0.04530583384350084	0.05930131853112397	-6.259933684369123
34.7	-0.04112318747136001	0.05343235594897123	-0.02272336084164106
34.8	-0.04248888888888924	0.055507692307692286	0.0
34.9	-0.028538330250525767	0.05250951733154513	-0.02272336084164106
35.0	-0.010411402608429654	0.05239833678120912	-0.023805026185069966
35.1	0.0019539040988583167	0.057097978670625736	-6.259933684369123
35.2	0.014044444444444082	0.054153846153846136	0.0
35.3	0.034044444444443656	0.054153846153846136	0.0
35.4	0.034667987926462196	0.05654672333007232	-6.260966741852867
35.5	-0.0315284000090843	0.05710323048973099	-0.023805026185069966
35.6	-0.03508151326224773	0.058972297853390365	-6.259380280994517
35.7	-0.03458434089192419	0.05918471666426061	-0.02272336084164106
35.8	-0.03800051632891055	0.058261878046834505	-6.260461946337945
35.9	-0.027822222222222415	0.05821538461538461	0.0
36.0	-0.035235345581650535	0.05878481993004263	-0.02272336084164106
36.1	-0.036711111111111805	0.05821538461538461	0.0
36.2	-0.03815351215822371	0.0595201279427388	-0.023805026185069966
36.3	-0.03579632082366224	0.059773462786945016	-0.02325162281046289
36.4	-0.031466666666666754	0.05686153846153847	0.0
36.5	-0.023121232458698238	0.05489463881012747	-6.259933684369123
36.6	-0.020808083415196243	0.06044592944140963	-0.02272336084164106
36.7	-0.01840353972078823	0.06072278102663745	-0.02272336084164106
36.8	-0.03163669419619364	0.055073036629204423	-6.259380280994517
36.9	-0.02332527286460717	0.06278378727222242	-0.02272336084164106
37.0	-0.03269367345776075	0.05583892732176957	-6.259933684369123
37.1	-0.0262424649173969	0.06490409703353377	-0.02325162281046289
37.2	-0.02204444444444409	0.06092307692307694	0.0
37.3	-0.013612842295585459	0.06534476500563341	-0.02325162281046289
37.4	-0.01902819271818945	0.06575395669401166	-0.02325162281046289
37.5	-0.018714859503498715	0.05445397083802782	-6.259933684369123
37.6	-0.026004453889424184	0.05426079196140985	-6.260966741852867
37.7	-0.025555182700353285	0.05396001151816478	-6.260966741852867
37.8	-0.03492024152548723	0.05337083337447614	-6.260461946337945
37.9	-0.014920241525486766	0.05337083337447614	-6.260461946337945
38.0	-0.022400000000000198	0.059569230769230805	0.0
38.1	-0.006241342060670618	0.05272277523335062	-6.259933684369123
38.2	-0.009623316587349606	0.06920957999068955	-0.022218565326718842
38.3	0.0006013190071865182	0.06935997021231209	-0.022218565326718842
38.4	-0.018666666666667275	0.06498461538461542	0.0
38.5	0.0013333333333331865	0.06498461538461542	0.0
38.6	-0.014686002744952908	0.08692137356937586	-0.04441521524691083
38.7	-0.0032061384956634242	0.07877439808588264	-0.022218565326718842
38.8	-0.022755555555555418	0.07040000000000005	0.0
38.9	-0.002755555555554956	0.07040000000000005	0.0
39.0	-0.018731405851522887	0.09044565665311516	-0.043450895391530686
39.1	-0.009688888888888414	0.07040000000000006	0.0
39.2	-0.01511111111111152	0.06904615384615391	0.0
39.3	-0.006844444444443987	0.06904615384615391	0.0
39.4	0.008560107303228648	0.09112918556789339	-0.04441521524691083
39.5	0.02856010730322911	0.09112918556789339	-0.04441521524691083
39.6	0.04856010730322868	0.09112918556789339	-0.04441521524691083
39.7	0.05463631440654915	0.09065445729537193	-0.0425275346197842
39.8	0.07463631440654872	0.09065445729537193	-0.0425275346197842
39.9	0.06336620271915194	0.08845421936883582	-0.04441521524691083
40.0	0.08336620271915152	0.08845421936883582	-0.04441521524691083
40.1	0.04796344228841498	0.07958650528264431	-0.022218565326718842
40.2	0.06796344228841456	0.07958650528264431	-0.022218565326718842
40.3	0.025302525465345838	0.07891647170002197	-0.021735706841792712
40.4	0.04530252546534541	0.07891647170002197	-0.021735706841792712
40.5	0.05162870779774309	0.07805252502209446	-0.022218565326718842
40.6	0.07162870779774266	0.07805252502209446	-0.022218565326718842
40.7	-0.014704014643099228	0.08120594857900305	-0.04647813135100298
40.8	-0.012800000000000367	0.10830769230769223	0.0
40.9	8.29326416269538e-05	0.08472843744067941	-0.04647813135100298
41.0	-0.004314391404001583	0.10063960994324479	-0.023805026185069966
41.1	-0.0018163095525949302	0.10363656278497445	-0.023805026185069966
41.2	-0.022755555555555418	0.11913846153846148	0.0
41.3	-0.022596038786632633	0.13072100629498826	-6.259933684369123
41.4	-0.00856564632144341	0.13089916605490262	-6.259380280994517
41.5	-0.023641323525994906	0.13251962546238813	-6.260461946337945
41.6	-0.0036413235259953325	0.13251962546238813	-6.260461946337945
41.7	0.01635867647400424	0.13251962546238813	-6.260461946337945
41.8	0.036358676474003815	0.13251962546238813	-6.260461946337945
41.9	0.056358676474005165	0.13251962546238813	-6.260461946337945
42.0	0.07635867647400474	0.13251962546238813	-6.260461946337945
42.1	0.09635867647400431	0.13251962546238813	-6.260461946337945
42.2	0.11635867647400389	0.13251962546238813	-6.260461946337945
42.3	0.13635867647400524	0.13251962546238813	-6.260461946337945
42.4	0.1563586764740048	0.13251962546238813	-6.260461946337945
42.5	0.17635867647400438	0.13251962546238813	-6.260461946337945
42.6	0.19635867647400396	0.13251962546238813	-6.260461946337945
42.7	-0.053527186152662054	0.1309815611000113	-6.260461946337945
42.8	-0.033527186152660704	0.1309815611000113	-6.260461946337945
42.9	-0.05653855026138821	0.13179468295356606	-6.238770091932675
43.0	-0.036538550261388636	0.13179468295356606	-6.238770091932675
43.1	-0.047724502342251895	0.11405594407852888	-0.022218565326718842
43.2	-0.04519240422951398	0.12276829740491899	-6.260461946337945
43.3	-0.0642666666666667	0.11643076923076921	0.0
43.4	-0.04426666666666712	0.11643076923076921	0.0
43.5	-0.07706666666666706	0.11778461538461536	0.0
43.6	-0.06488888888888766	0.11778461538461536	0.0
43.7	-0.07618200043186185	0.11485695929940089	-0.02325162281046289
43.8	-0.05618200043186228	0.11485695929940089	-0.02325162281046289
43.9	-0.0713777777777782	0.11643076923076921	0.0
44.0	-0.06701270127707026	0.11724915686222759	-6.259933684369123
44.1	-0.05305500337102664	0.11310925320919243	-0.02272336084164106
44.2	-0.03305500337102707	0.11310925320919243	-0.02272336084164106
44.3	-0.04442468052190485	0.11089444052736977	-0.02272336084164106
44.4	-0.024424680521903497	0.11089444052736977	-0.02272336084164106
44.5	-0.020165305586880677	0.10870765276309118	-0.07130746478529026
44.6	-0.009918235096337824	0.10918994048608625	-0.07130746478529026
44.7	0.01008176490366175	0.10918994048608625	-0.07130746478529026
44.8	0.0300817649036631	0.10918994048608625	-0.07130746478529026
44.9	0.026654618992097312	0.1103099760696666	-0.02272336084164106
45.0	0.03883441618961214	0.11043302121865675	-0.02272336084164106
45.1	0.04123895988402104	0.11070987280388457	-0.02272336084164106
45.2	0.061238959884020616	0.11070987280388457	-0.02272336084164106
45.3	0.053912683045792775	0.1124940274642417	-0.02272336084164106
45.4	0.07391268304579235	0.1124940274642417	-0.02272336084164106
45.5	0.027711492327741283	0.11630110543873542	-0.023805026185069966
45.6	0.004474838149901572	0.11883115004470826	-0.04542327942157698
45.7	-0.02233422217364911	0.12300672481769019	-0.06807645825799957
45.8	-0.03393004013167378	0.11980241875779117	-0.04441521524691083
45.9	-0.09584066371009037	0.11548648497382899	-0.02325162281046289
46.0	-0.13079833148092312	0.114777817142317	-0.022218565326718842
46.1	-0.180518795804538	0.10474218307786241	-6.260461946337945
46.2	-0.23538683255375048	0.11971061641153607	-0.022218565326718842
46.3	-0.27433869127840893	0.09061823696807329	-6.238770091932675
46.4	-0.3088142569008454	0.08311418254549689	-6.237762027758009
46.5	-0.32374309626135833	0.08285951249950539	-6.2397344117880555
46.6	-0.3233777777777771	0.10289230769230776	0.0
46.7	-0.3229022365822747	0.0830359344565661	-6.2397344117880555
46.8	-0.3158673679948105	0.09545303288399358	-6.2614496003377935
46.9	-0.3047679702254076	0.08598964376970403	-6.238770091932675
47.0	-0.29617777777777654	0.11101538461538467	0.0
47.1	-0.292466059682317	0.09055812536809445	-6.238770091932675
47.2	-0.2835555555555569	0.11643076923076928	0.0
47.3	-0.27333333333333165	0.11778461538461545	0.0
47.4	-0.27464957043979155	0.10729536991940795	-6.260461946337945
47.5	-0.2646222222222221	0.1218461538461539	0.0
47.6	-0.2641777777777783	0.12320000000000006	0.0
47.7	-0.26162332731212423	0.11089774942445572	-6.260966741852867
47.8	-0.253511111111111	0.12455384615384622	0.0
47.9	-0.25099286659254183	0.11180009075419091	-6.260966741852867
48.0	-0.24276015087915326	0.10997160190994362	-6.260461946337945
48.1	-2.0326645470939546	0.11085947126678261	-6.259933684369123
48.2	-2.01844498945459	0.11107900825085494	-6.260461946337945
48.3	-1.9984449894545904	0.11107900825085494	-6.260461946337945
48.4	-0.274154820294763	0.18605380670993352	-6.256875589926665
48.5	-0.24732286658650438	0.13975151148113069	-0.052583061610941506
48.6	-0.2369328059232796	0.15257551836626268	-0.02630971725292186
48.7	-0.2089892833080942	0.12169492475348062	-0.0767718912697779
48.8	-0.18906268313516428	0.14930764047311731	-0.02702044918726454
48.9	-0.0368112961254532	0.1442089146164521	-0.02272336084164106
49.0	-0.022566225126576356	0.14460204741612717	-0.02325162281046289
49.1	-0.002566225126576782	0.14460204741612717	-0.02325162281046289
49.2	0.01743377487342279	0.14460204741612717	-0.02325162281046289
49.3	0.037433774873422365	0.14460204741612717	-0.02325162281046289
49.4	-0.15733333333333377	0.17464615384615376	0.0
49.5	-0.14711111111111208	0.17599999999999993	0.0
49.6	-0.13493333333333446	0.17735384615384608	0.0
49.7	-0.11884444444444497	0.18006153846153838	0.0
49.8	-0.10496001273313027	0.15929826861063157	-0.04647813135100298
49.9	-0.0849600127331307	0.15929826861063157	-0.04647813135100298
50.0	-0.06496001273313112	0.15929826861063157	-0.04647813135100298
50.1	-0.04496001273313155	0.15929826861063157	-0.04647813135100298
50.2	-0.024960012733131975	0.15929826861063157	-0.04647813135100298
50.3	-0.004960012733130625	0.15929826861063157	-0.04647813135100298
50.4	0.015039987266868948	0.15929826861063157	-0.04647813135100298
50.5	0.03503998726686852	0.15929826861063157	-0.04647813135100298
50.6	0.055039987266868096	0.15929826861063157	-0.04647813135100298
50.7	-0.24302539688462588	0.22468879791979898	-6.1882336008368295
50.8	-0.26258832238540286	0.22574377360880166	-6.194529425312149
50.9	-0.2572293013240312	0.22810550858294112	-6.192525419978841
51.0	-0.24501939929462502	0.2276152226966801	-6.192525419978841
51.1	-0.25843823392667353	0.2224395711915	-6.216617143403763
51.2	-0.24672732049799784	0.2224067185685464	-6.215108848921586
51.3	-0.2397271327699162	0.22553150768007077	-6.192525419978841
51.4	-0.23559363533958333	0.21697317968840388	-6.215108848921586
51.5	-0.24123557646747784	0.21708321996842678	-6.194529425312149
51.6	-0.2097901095235617	0.20772398137665243	-6.237762027758009
51.7	-0.19343079487010506	0.2035436822545417	-6.237762027758009
51.8	-0.18302089285612588	0.2005314078871383	-6.237762027758009
51.9	-0.1582374642536699	0.19361237131684866	-6.260966741852867
52.0	-0.14615443971252162	0.1922272840098568	-6.260461946337945
52.1	-0.15134336504017654	0.18904050857952368	-6.260966741852867
52.2	-0.14107528338161757	0.18753660636329839	-6.260966741852867
52.3	-0.13075555555555596	0.18412307692307692	0.0
52.4	-0.12444926582668359	0.181160060966503	-0.022218565326718842
52.5	-0.12008888888889047	0.18412307692307692	0.0
52.6	-0.10791111111111285	0.18412307692307692	0.0
52.7	-0.115288888888891	0.18547692307692307	0.0
52.8	-0.11524200078778968	0.1875356984121213	-6.259933684369123
52.9	-0.10243036013991613	0.1850291427939332	-0.02272336084164106
53.0	-0.10808888888889001	0.18683076923076922	0.0
53.1	-0.10748851914346602	0.1871155137427553	-0.022218565326718842
53.2	-0.10915555555555478	0.18683076923076922	0.0
53.3	-0.10635535006667851	0.18633959963070798	-0.02325162281046289
53.4	-0.10240000000000116	0.18547692307692307	0.0
53.5	-0.09804444444444549	0.18547692307692307	0.0
53.6	-0.08173288584827709	0.18555208467714138	-0.02272336084164106
53.7	-0.09128888888889009	0.18547692307692307	0.0
53.8	-0.08851194794439898	0.18630812334698657	-0.02325162281046289
53.9	-0.09822222222222443	0.18412307692307692	0.0
54.0	-0.1037954190147996	0.18253747852688276	-6.260461946337945
54.1	-0.09512582648430978	0.1873362393374985	-0.02272336084164106
54.2	-0.09493333333333354	0.18547692307692307	0.0
54.3	-0.09448888888888973	0.18683076923076922	0.0
54.4	-0.07985755292643404	0.19080923191914725	-0.02325162281046289
54.5	-0.08146425139402425	0.1924426130205896	-0.02272336084164106
54.6	-0.0853333333333346	0.18953846153846154	0.0
54.7	-0.08247588313660259	0.19444209669167947	-0.02272336084164106
54.8	-0.08639999999999937	0.19089230769230772	0.0
54.9	-0.0889927308385623	0.20071263232928485	-0.04441521524691083
55.0	-0.09528888888888964	0.19089230769230772	0.0
55.1	-0.08877728766710469	0.1955845590566911	-0.021735706841792712
55.2	-0.07875555555555636	0.18953846153846157	0.0
55.3	-0.0646222222222228	0.18953846153846157	0.0
55.4	-0.05019008658458368	0.1946651028682064	-0.022218565326718842
55.5	-0.030190086584584108	0.1946651028682064	-0.022218565326718842
55.6	-0.00913255301288629	0.20034155400784281	-0.04647813135100298
55.7	-0.012000000000000455	0.18818461538461542	0.0
55.8	-0.02915555555555649	0.18818461538461542	0.0
55.9	-0.06303918951057597	0.203357542728353	-0.04441521524691083
56.0	-0.09280000000000044	0.18953846153846157	0.0
56.1	-0.09822222222222265	0.19089230769230772	0.0
56.2	-0.09582222222222292	0.19089230769230772	0.0
56.3	-0.10124444444444514	0.19089230769230772	0.0
56.4	-0.1047111111111132	0.19089230769230772	0.0
56.5	-0.1140269063904551	0.18169620162104208	-6.2614496003377935
56.6	-0.09795555555555602	0.19089230769230772	0.0
56.7	-0.1014222222222223	0.19089230769230772	0.0
56.8	-0.07164444444444484	0.18953846153846157	0.0
56.9	-0.02429130451381134	0.17893428568648956	-6.260966741852867
57.0	0.00748257883677006	0.17776124195783377	-6.260966741852867
57.1	-0.01765755919579881	0.17820013702498003	-6.260461946337945
57.2	-0.03080722853499651	0.17926514417405912	-6.260966741852867
57.3	-0.05408226840190089	0.1824144333778926	-6.260461946337945
57.4	-0.03408226840190132	0.1824144333778926	-6.260461946337945
57.5	-0.08278369986758172	0.18511202456557316	-6.259933684369123
57.6	-0.0665968762067628	0.18669025230530015	-6.260461946337945
57.7	-0.05591111111111324	0.201723076923077	0.0
57.8	-0.0638761384299702	0.19016627776427178	-6.260461946337945
57.9	-0.07007589432634909	0.17663793886921286	-6.235602203902603
58.0	-1.8563259495985704	0.177110230636991	-6.234443455869655
58.1	-1.8363259495985709	0.177110230636991	-6.234443455869655
58.2	-0.08759887974043856	0.13790046137804435	-0.10487693873023396
58.3	-0.07098973015912691	0.12020440046977834	-0.1308273960740567
58.4	-0.06447772280339059	0.11668740141925867	-0.13432144195296836
58.5	-0.04673991100742647	0.1284047461546847	-0.10487693873023396
58.6	0.0021073791968859723	0.09644636296033055	-0.15264932839526502
58.7	-1.7047999999999988	0.21390769230769238	0.0
58.8	-1.6847999999999992	0.21390769230769238	0.0
58.9	-1.6647999999999996	0.21390769230769238	0.0
59.0	-1.6447999999999983	0.21390769230769238	0.0
59.1	-0.04640974874529746	0.18064817688798535	-0.049958395721942495
59.2	-0.03575733177887308	0.17371944258581795	-0.0730405653031192
59.3	-0.021192699941817494	0.16501317315225725	-0.09725319825156564
59.4	-0.01821398496300297	0.18883056362057887	-0.04647813135100298
59.5	0.0017860150369966021	0.18883056362057887	-0.04647813135100298
59.6	0.021786015036996176	0.18883056362057887	-0.04647813135100298
59.7	0.04178601503699575	0.18883056362057887	-0.04647813135100298
59.8	0.0617860150369971	0.18883056362057887	-0.04647813135100298
59.9	0.08178601503699667	0.18883056362057887	-0.04647813135100298
60.0	0.0764144768072228	0.2135367864711301	-0.04758310327698334
60.1	0.09641447680722237	0.2135367864711301	-0.04758310327698334
60.2	0.11641447680722194	0.2135367864711301	-0.04758310327698334
60.3	0.1364144768072233	0.2135367864711301	-0.04758310327698334
60.4	-0.11404931462487866	0.2706779947307966	-6.213530733451018
60.5	-0.1765117873790114	0.26089984520938536	-6.237762027758009
60.6	-0.1797271327699157	0.2703926662729544	-6.192525419978841
60.7	-0.08412143727020371	0.2679694687247198	-6.237762027758009
60.8	-0.09094073078516907	0.27836637635101	-6.194529425312149
60.9	-0.07094073078516949	0.27836637635101	-6.194529425312149
61.0	-0.18711886334343575	0.2686269994197926	-6.194529425312149
61.1	-0.1510062158470582	0.2690096128192071	-6.190428986991442
61.2	-0.10764042731177703	0.2705143863205848	-6.190428986991442
61.3	-0.0769071458113757	0.26941209450043235	-6.192525419978841
61.4	-0.056907145811376125	0.26941209450043235	-6.192525419978841
61.5	-0.036907145811374775	0.26941209450043235	-6.192525419978841
61.6	-0.11402853292514159	0.25039486971178077	-6.238770091932675
61.7	-0.07240399868130076	0.2439985304474611	-6.260461946337945
61.8	-0.04444444444444429	0.23963076923076923	0.0
61.9	-0.036177777777776754	0.23692307692307693	0.0
62.0	-0.0435555555555549	0.23556923076923075	0.0
62.1	-0.0372444444444433	0.23286153846153845	0.0
62.2	-0.006025649002252109	0.2282566270646672	-0.04542327942157698
62.3	-0.009468110745853409	0.22899432690974558	-0.04542327942157698
62.4	-0.0067167119600259895	0.22931307026334946	-0.06965457372856809
62.5	-0.027796422988419778	0.2331397960490806	-0.02272336084164106
62.6	-0.017664363090878155	0.2338508508898449	-0.04542327942157698
62.7	-0.02297156610953799	0.2360024754379902	-0.04542327942157698
62.8	-0.045865152101862705	0.23843073745565693	-0.02272336084164106
62.9	-0.02772535671095966	0.24012129957301112	-0.04542327942157698
63.0	-0.03887321039593239	0.24032142621291475	-0.02325162281046289
63.1	-0.0501081759421389	0.24217852695247755	-0.02325162281046289
63.2	-0.05777777777777615	0.23963076923076923	0.0
63.3	-0.04930935759989907	0.24331799890168407	-0.04542327942157698
63.4	-0.056888888888888545	0.23827692307692308	0.0
63.5	-0.050309746864275695	0.24211557438503475	-0.02325162281046289
63.6	-0.048266605966063025	0.2422786470339003	-0.022218565326718842
63.7	-0.06345920061029275	0.23371140663142	-6.259933684369123
63.8	-0.06293333333333351	0.23692307692307693	0.0
63.9	-0.05857777777777784	0.23692307692307696	0.0
64.0	-0.05813333333333226	0.2382769230769231	0.0
64.1	-0.08274199863080334	0.2351310683649794	-6.2614496003377935
64.2	-0.05139275141089428	0.24552707582094702	-0.022218565326718842
64.3	-0.05285510703889251	0.24721144630311936	-0.022218565326718842
64.4	-0.06808888888888731	0.24369230769230774	0.0
64.5	-0.039844270013597693	0.25574480210989586	-0.04441521524691083
64.6	-0.05937316857764152	0.25216784581252333	-0.021735706841792712
64.7	-0.07653333333333379	0.24640000000000004	0.0
64.8	-0.07217777777777634	0.24504615384615389	0.0
64.9	-0.0756444444444444	0.24369230769230774	0.0
65.0	-0.06737777777777687	0.24369230769230774	0.0
65.1	-0.051172564343394455	0.2510012798880072	-0.022218565326718842
65.2	-0.05072329315432533	0.25130206033125224	-0.022218565326718842
65.3	-0.06017777777777766	0.24233846153846159	0.0
65.4	-0.04800000000000004	0.24233846153846159	0.0
65.5	-0.06124444444444421	0.2409846153846154	0.0
65.6	-0.053054944200354726	0.2510202908549168	-0.021735706841792712
65.7	-0.04847693720896906	0.25280596254747756	-0.022218565326718842
65.8	-0.044266666666665344	0.24369230769230774	0.0
65.9	-0.0650533922812997	0.23539588873981163	-6.2614496003377935
66.0	-0.04505339228130012	0.23539588873981163	-6.2614496003377935
66.1	-0.04840517476011286	0.25562629702703005	-0.02272336084164106
66.2	-0.028405174760113283	0.25562629702703005	-0.02272336084164106
66.3	-0.0693290767757091	0.23524038466196584	-6.260966741852867
66.4	-0.049329076775709524	0.23524038466196584	-6.260966741852867
66.5	-0.05288888888888721	0.2450461538461539	0.0
66.6	-0.032888888888887635	0.2450461538461539	0.0
66.7	-0.05764104427884398	0.21691612213376626	-6.236707175828583
66.8	-0.04893583902717147	0.20159626821194368	-6.211877842394296
66.9	-1.8606447574912153	0.19904460871823387	-6.2101447418764675
67.0	-1.8406447574912157	0.19904460871823387	-6.2101447418764675
67.1	-1.8536578551428065	0.1960148099091542	-6.2101447418764675
67.2	-1.8336578551428069	0.1960148099091542	-6.2101447418764675
67.3	-0.0498337981815169	0.17226973318738803	-0.15037142800713443
67.4	-0.038058710142474084	0.17672012675414184	-0.14189705460416402
67.5	-0.011670864679006243	0.15006066336490628	-0.16977827396833822
67.6	0.00832913532099333	0.15006066336490628	-0.16977827396833822
67.7	0.028634443854512526	0.1484836484298497	-0.1607627406258345
67.8	0.048634443854513876	0.1484836484298497	-0.1607627406258345
67.9	0.10995275622646439	0.23944187175865816	-6.230602245568645
68.0	0.12995275622646396	0.23944187175865816	-6.230602245568645
68.1	0.22223592899769962	0.26110918535583494	-6.258190513560667
68.2	-1.6125743516953897	0.2414342558327273	-6.230602245568645
68.3	0.14652503691166885	0.14154567860425096	-0.18697926991891078
68.4	0.16652503691166842	0.14154567860425096	-0.18697926991891078
68.5	0.11712068292047739	0.200034534193463	-0.1308273960740567
68.6	0.13712068292047874	0.200034534193463	-0.1308273960740567
68.7	0.10530836636852747	0.23993842718143807	-0.07485984771076692
68.8	0.12530836636852705	0.23993842718143807	-0.07485984771076692
68.9	0.02904504797390217	0.2640822377486754	-0.04874185130993158
69.0	0.04904504797390352	0.2640822377486754	-0.04874185130993158
69.1	0.1569347220045021	0.24955756513990057	-0.07485984771076692
69.2	0.17693472200450167	0.24955756513990057	-0.07485984771076692
69.3	-0.04662082357604547	0.31324981703049354	-6.258190513560667
69.4	-0.026620823576044117	0.31324981703049354	-6.258190513560667
69.5	-0.016310785766009417	0.3182903317823135	-6.258799898006868
69.6	0.003689214233990157	0.3182903317823135	-6.258799898006868
69.7	0.02368921423398973	0.3182903317823135	-6.258799898006868
69.8	0.04368921423399108	0.3182903317823135	-6.258799898006868
69.9	0.06368921423399065	0.3182903317823135	-6.258799898006868
70.0	0.08368921423399023	0.3182903317823135	-6.258799898006868
70.1	0.1036892142339898	0.3182903317823135	-6.258799898006868
70.2	0.12368921423398938	0.3182903317823135	-6.258799898006868
70.3	0.14368921423399073	0.3182903317823135	-6.258799898006868
70.4	0.1636892142339903	0.3182903317823135	-6.258799898006868
70.5	0.18368921423398987	0.3182903317823135	-6.258799898006868
70.6	0.20368921423398945	0.3182903317823135	-6.258799898006868
70.7	0.2236892142339908	0.3182903317823135	-6.258799898006868
70.8	0.24368921423399037	0.3182903317823135	-6.258799898006868
70.9	0.26368921423398994	0.3182903317823135	-6.258799898006868
71.0	0.2836892142339895	0.3182903317823135	-6.258799898006868
71.1	0.30368921423399087	0.3182903317823135	-6.258799898006868
71.2	0.32368921423399044	0.3182903317823135	-6.258799898006868
71.3	0.34368921423399	0.3182903317823135	-6.258799898006868
71.4	0.3636892142339896	0.3182903317823135	-6.258799898006868
71.5	0.38368921423399094	0.3182903317823135	-6.258799898006868
71.6	0.4036892142339905	0.3182903317823135	-6.258799898006868
71.7	0.4236892142339901	0.3182903317823135	-6.258799898006868
71.8	0.44368921423398966	0.3182903317823135	-6.258799898006868
71.9	0.463689214233991	0.3182903317823135	-6.258799898006868
72.0	0.4836892142339906	0.3182903317823135	-6.258799898006868
72.1	0.5036892142339902	0.3182903317823135	-6.258799898006868
72.2	0.5236892142339897	0.3182903317823135	-6.258799898006868
72.3	0.5436892142339911	0.3182903317823135	-6.258799898006868
72.4	0.5636892142339907	0.3182903317823135	-6.258799898006868
72.5	0.5836892142339902	0.3182903317823135	-6.258799898006868
72.6	0.6036892142339898	0.3182903317823135	-6.258799898006868
72.7	0.6236892142339894	0.3182903317823135	-6.258799898006868
72.8	0.6436892142339907	0.3182903317823135	-6.258799898006868
72.9	0.6636892142339903	0.3182903317823135	-6.258799898006868
73.0	0.6836892142339899	0.3182903317823135	-6.258799898006868
73.1	0.7036892142339894	0.3182903317823135	-6.258799898006868
73.2	0.7236892142339908	0.3182903317823135	-6.258799898006868
73.3	0.7436892142339904	0.3182903317823135	-6.258799898006868
73.4	0.7636892142339899	0.3182903317823135	-6.258799898006868
73.5	0.7836892142339895	0.3182903317823135	-6.258799898006868
73.6	0.8036892142339909	0.3182903317823135	-6.258799898006868
73.7	0.8236892142339904	0.3182903317823135	-6.258799898006868
73.8	0.84368921423399	0.3182903317823135	-6.258799898006868
73.9	0.8636892142339896	0.3182903317823135	-6.258799898006868
74.0	0.8836892142339909	0.3182903317823135	-6.258799898006868
74.1	0.9036892142339905	0.3182903317823135	-6.258799898006868
74.2	0.9236892142339901	0.3182903317823135	-6.258799898006868
74.3	0.9436892142339897	0.3182903317823135	-6.258799898006868
74.4	0.963689214233991	0.3182903317823135	-6.258799898006868
74.5	0.9836892142339906	0.3182903317823135	-6.258799898006868
74.6	1.0036892142339902	0.3182903317823135	-6.258799898006868
74.7	-0.42136573127082855	0.16118839777135077	-0.21293834957939684
74.8	-0.39951114519206676	0.13443959688156792	-0.26396372362570464
74.9	-0.40711926586284264	0.16929624393474393	-0.2074962264352025
75.0	-0.38711926586284306	0.16929624393474393	-0.2074962264352025
75.1	-0.3671192658628435	0.16929624393474393	-0.2074962264352025
75.2	-0.4855061124568003	0.21763242515623216	-0.14531001063570192
75.3	-0.46550611245679896	0.21763242515623216	-0.14531001063570192
75.4	-0.4912826148458098	0.2276744485978823	-0.14888994760949714
75.5	-0.4698769482127094	0.22924806475934736	-0.1651486774146269
75.6	-0.4831203118341083	0.25998141474601083	-0.11575921772081044
75.7	-0.4926098249087687	0.2761886363986965	-0.09275632018814362
75.8	-0.4726098249087691	0.2761886363986965	-0.09275632018814362
75.9	-0.45260982490876955	0.2761886363986965	-0.09275632018814362
76.0	-0.43260982490877	0.2761886363986965	-0.09275632018814362
76.1	-0.41260982490876863	0.2761886363986965	-0.09275632018814362
76.2	-0.39260982490876906	0.2761886363986965	-0.09275632018814362
76.3	-0.3726098249087695	0.2761886363986965	-0.09275632018814362
76.4	-0.3526098249087699	0.2761886363986965	-0.09275632018814362
76.5	-0.33260982490876856	0.2761886363986965	-0.09275632018814362
76.6	-0.312609824908769	0.2761886363986965	-0.09275632018814362
76.7	-0.2926098249087694	0.2761886363986965	-0.09275632018814362
76.8	-0.27260982490876984	0.2761886363986965	-0.09275632018814362
76.9	-0.2526098249087685	0.2761886363986965	-0.09275632018814362
77.0	-0.23260982490876891	0.2761886363986965	-0.09275632018814362
77.1	-0.21260982490876934	0.2761886363986965	-0.09275632018814362
77.2	-0.19260982490876977	0.2761886363986965	-0.09275632018814362
77.3	-0.17260982490876842	0.2761886363986965	-0.09275632018814362
77.4	-0.15260982490876884	0.2761886363986965	-0.09275632018814362
77.5	-0.13260982490876927	0.2761886363986965	-0.09275632018814362
77.6	-0.1126098249087697	0.2761886363986965	-0.09275632018814362
77.7	-0.09260982490877012	0.2761886363986965	-0.09275632018814362
77.8	-0.07260982490876877	0.2761886363986965	-0.09275632018814362
77.9	-0.0526098249087692	0.2761886363986965	-0.09275632018814362
78.0	-0.032609824908769625	0.2761886363986965	-0.09275632018814362
78.1	-0.012609824908770051	0.2761886363986965	-0.09275632018814362
78.2	0.007390175091231299	0.2761886363986965	-0.09275632018814362
78.3	0.027390175091230873	0.2761886363986965	-0.09275632018814362
78.4	0.047390175091230446	0.2761886363986965	-0.09275632018814362
78.5	0.06739017509123002	0.2761886363986965	-0.09275632018814362
78.6	0.08739017509123137	0.2761886363986965	-0.09275632018814362
78.7	0.10739017509123094	0.2761886363986965	-0.09275632018814362
78.8	0.12739017509123052	0.2761886363986965	-0.09275632018814362
78.9	0.1473901750912301	0.2761886363986965	-0.09275632018814362
79.0	0.16739017509123144	0.2761886363986965	-0.09275632018814362
79.1	0.18739017509123101	0.2761886363986965	-0.09275632018814362
79.2	0.2073901750912306	0.2761886363986965	-0.09275632018814362
79.3	0.22739017509123016	0.2761886363986965	-0.09275632018814362
79.4	0.2473901750912315	0.2761886363986965	-0.09275632018814362
79.5	0.2673901750912311	0.2761886363986965	-0.09275632018814362
79.6	0.28739017509123066	0.2761886363986965	-0.09275632018814362
79.7	0.30739017509123023	0.2761886363986965	-0.09275632018814362
79.8	0.3273901750912316	0.2761886363986965	-0.09275632018814362
79.9	0.34739017509123116	0.2761886363986965	-0.09275632018814362
80.0	0.36739017509123073	0.2761886363986965	-0.09275632018814362
80.1	0.3873901750912303	0.2761886363986965	-0.09275632018814362
80.2	0.4073901750912299	0.2761886363986965	-0.09275632018814362
80.3	0.42739017509122945	0.2761886363986965	-0.09275632018814362
80.4	0.447390175091229	0.2761886363986965	-0.09275632018814362
80.5	0.46739017509123215	0.2761886363986965	-0.09275632018814362
80.6	0.4873901750912317	0.2761886363986965	-0.09275632018814362
80.7	0.5073901750912313	0.2761886363986965	-0.09275632018814362
80.8	0.5273901750912309	0.2761886363986965	-0.09275632018814362
80.9	0.5473901750912304	0.2761886363986965	-0.09275632018814362
81.0	0.56739017509123	0.2761886363986965	-0.09275632018814362
81.1	0.5873901750912296	0.2761886363986965	-0.09275632018814362
81.2	0.6073901750912292	0.2761886363986965	-0.09275632018814362
81.3	0.6273901750912323	0.2761886363986965	-0.09275632018814362
