0.0	-0.025858529228878976	0.10792751933824313	0.04758310327698334
0.1	-0.025858529228878976	0.10792751933824313	0.04758310327698334
0.2	-0.025858529228878976	0.10792751933824313	0.04758310327698334
0.3	-0.025858529228878976	0.10792751933824313	0.04758310327698334
0.4	-0.025858529228878976	0.10792751933824313	0.04758310327698334
0.5	-0.025858529228878976	0.10792751933824313	0.04758310327698334
0.6	-0.043777021362104665	0.10844187722652116	0.04542327942157698
0.7	-0.10189281602998963	0.10866370948723078	0.023805026185069966
0.8	-0.09449216152750858	0.10875684360425752	0.04647813135100298
0.9	-0.0430222222222222	0.10424615384615385	0.0
1.0	-0.033690115676475396	0.10346254459225288	0.02325162281046289
1.1	-0.01226349984935128	0.103111834853743	0.02272336084164106
1.2	0.009777777777777797	0.10424615384615385	0.0
1.3	0.04106666666666668	0.10424615384615385	0.0
1.4	0.04106666666666668	0.10424615384615385	0.0
1.5	0.14862222222222224	0.10424615384615382	0.0
1.6	0.15644444444444447	0.10559999999999999	0.0
1.7	0.16426666666666667	0.10559999999999999	0.0
1.8	0.17600000000000002	0.10559999999999999	0.0
1.9	0.21120000000000003	0.10559999999999999	0.0
2.0	0.2288	0.10559999999999999	0.0
2.1	0.2838010504042242	0.10895373718159174	6.259380280994517
2.2	0.2972444444444444	0.10289230769230767	0.0
2.3	0.32266666666666666	0.10153846153846152	0.0
2.4	0.3480888888888889	0.1015384615384615	0.0
2.5	0.3774222222222222	0.1015384615384615	0.0
2.6	0.39557641294113544	0.10764932063740894	6.260966741852867
2.7	0.42826666666666663	0.1015384615384615	0.0
2.8	0.4442457763493134	0.11007256417374763	6.259933684369123
2.9	0.4556444444444444	0.10289230769230766	0.0
3.0	0.47128888888888887	0.10289230769230766	0.0
3.1	0.5123555555555556	0.10289230769230766	0.0
3.2	0.5233759591503947	0.0933297455090263	0.02272336084164106
3.3	0.5487916182584706	0.09292984877480831	0.02272336084164106
3.4	0.5722522266659252	0.09256071332783788	0.02272336084164106
3.5	0.591083701050428	0.11065712506985959	6.260966741852867
3.6	0.6120888888888889	0.10018461538461533	0.0
3.7	0.6394666666666666	0.10018461538461533	0.0
3.8	0.6785777777777777	0.09883076923076917	0.0
3.9	0.6831352160596516	0.1091354189169953	6.2614496003377935
4.0	0.7046412460059082	0.10945908826401254	6.2614496003377935
4.1	0.7399063024180621	0.10975192022971449	6.261911921155525
4.2	0.7558136967080685	0.08747899715293245	0.021735706841792712
4.3	0.7672042422132004	0.1104006718189718	6.2614496003377935
4.4	0.798783254565115	0.08547813209864404	0.021735706841792712
4.5	0.8122138977726586	0.10972390863884483	6.2614496003377935
4.6	0.8316880036169307	0.1102961885379655	6.260966741852867
4.7	0.8415403022448269	0.110165275930232	6.2614496003377935
4.8	0.9545618247695767	0.15264239294413381	0.04542327942157698
4.9	0.974344853242333	0.1684148728698822	0.07130746478529026
5.0	0.9842782440442576	0.15502096070716762	0.04647813135100298
5.1	1.0116264561786614	0.15414033849174852	0.04647813135100298
5.2	1.0252097043982409	0.1523476432675025	0.04647813135100298
5.3	1.068498316525895	0.15530097850079735	0.06807645825799957
5.4	1.0868696580952077	0.1403473955261609	0.04542327942157698
5.5	1.1038222222222223	0.11372307692307698	0.0
5.6	1.1214237834394125	0.12197059942043811	0.02325162281046289
5.7	1.127288888888889	0.1069538461538462	0.0
5.8	1.142701751235081	0.11485695929940097	0.02325162281046289
5.9	1.1664	0.10289230769230776	0.0
6.0	1.1840000000000002	0.10289230769230776	0.0
6.1	1.2094222222222224	0.10289230769230776	0.0
6.2	1.229586786400728	0.09373637292233919	6.259933684369123
6.3	1.2563555555555557	0.10153846153846158	0.0
6.4	1.2658656628852758	0.11037165035402301	0.023805026185069966
6.5	1.2915555555555556	0.10153846153846158	0.0
6.6	1.299377777777778	0.10289230769230773	0.0
6.7	1.2974222222222223	0.10289230769230773	0.0
6.8	1.3052444444444444	0.10153846153846158	0.0
6.9	1.330247941741776	0.1077747954620852	0.02325162281046289
7.0	1.3443555555555555	0.10018461538461543	0.0
7.1	1.3849432307550014	0.10553997931786553	0.02325162281046289
7.2	1.4201337159555303	0.10497340621088026	0.02325162281046289
7.3	1.4284444444444446	0.09883076923076926	0.0
7.4	1.4304000000000001	0.09883076923076926	0.0
7.5	1.448	0.09883076923076926	0.0
7.6	1.4622967655104728	0.09329224168610112	6.259380280994517
7.7	1.5027555555555556	0.09883076923076925	0.0
7.8	1.5340444444444445	0.09883076923076925	0.0
7.9	1.5536	0.09883076923076925	0.0
8.0	1.5653333333333335	0.09883076923076925	0.0
8.1	1.591326864201716	0.09541911144474799	6.259380280994517
8.2	1.6103111111111112	0.0974769230769231	0.0
8.3	1.6396444444444445	0.09612307692307694	0.0
8.4	1.6572444444444445	0.09612307692307694	0.0
8.5	1.686577777777778	0.09612307692307692	0.0
8.6	1.6989450417537197	0.09448457776291833	6.259380280994517
8.7	1.7211482730220182	0.0960958427315902	0.023805026185069966
8.8	1.7296	0.09612307692307692	0.0
8.9	1.739377777777778	0.09612307692307692	0.0
9.0	1.7569777777777777	0.09612307692307692	0.0
9.1	1.7687111111111111	0.09612307692307692	0.0
9.2	1.778488888888889	0.09612307692307692	0.0
9.3	1.8156444444444446	0.09747692307692307	0.0
9.4	1.831288888888889	0.09747692307692307	0.0
9.5	1.8469333333333333	0.09747692307692307	0.0
9.6	1.884088888888889	0.09612307692307692	0.0
9.7	1.9114666666666666	0.09341538461538461	0.0
9.8	1.9290666666666667	0.0934153846153846	0.0
9.9	1.9388444444444446	0.09206153846153844	0.0
10.0	1.9712488214592654	0.08791061669073708	0.023805026185069966
10.1	1.9877333333333334	0.09070769230769228	0.0
10.2	2.0120785680469337	0.09406801640296723	6.260461946337945
10.3	2.0179437201487973	0.09416030026470985	6.260461946337945
10.4	2.0444444444444443	0.09070769230769228	0.0
10.5	2.043702685538356	0.10020001198705626	6.235602203902603
10.6	2.0855111111111113	0.09070769230769228	0.0
10.7	2.098126891334659	0.09667083445896406	6.260966741852867
10.8	2.131425526725766	0.08551637854815199	0.02272336084164106
10.9	2.1488876841199507	0.09757480314918644	6.260461946337945
11.0	2.1488876841199507	0.09757480314918644	6.260461946337945
11.1	2.1930666666666667	0.09070769230769227	0.0
11.2	2.2008888888888887	0.09070769230769227	0.0
11.3	2.244800803480653	0.09757317578869926	6.260966741852867
11.4	2.244800803480653	0.09757317578869926	6.260966741852867
11.5	2.296711111111111	0.08799999999999997	0.0
11.6	2.296711111111111	0.08799999999999997	0.0
11.7	2.326783526294483	0.07991736377021395	0.022218565326718842
11.8	2.328	0.08799999999999997	0.0
11.9	2.353422222222222	0.08799999999999997	0.0
12.0	2.3583492399288026	0.09642404092504545	6.2614496003377935
12.1	2.3990777768308966	0.07745096413560443	0.022218565326718842
12.2	2.3990777768308966	0.07745096413560443	0.022218565326718842
12.3	2.420773030417706	0.0977901321599192	6.260461946337945
12.4	2.4316444444444443	0.08799999999999994	0.0
12.5	2.459022222222222	0.08799999999999994	0.0
12.6	2.459022222222222	0.08799999999999994	0.0
12.7	2.4714589194953596	0.07769158849020048	0.022218565326718842
12.8	2.4714589194953596	0.07769158849020048	0.022218565326718842
12.9	2.5435669396594625	0.07300475407565635	0.021273386024061036
13.0	2.5533910806864544	0.07261963167623182	0.021735706841792712
13.1	2.590489653390141	0.07231358480630103	0.021273386024061036
13.2	2.590489653390141	0.07231358480630103	0.021273386024061036
13.3	2.6374176048045364	0.0700008524140014	0.021735706841792712
13.4	2.6374176048045364	0.0700008524140014	0.021735706841792712
13.5	2.6511032602248816	0.06979488101135407	0.021735706841792712
13.6	2.6569685411193156	0.06970660755307664	0.021735706841792712
13.7	2.6569685411193156	0.06970660755307664	0.021735706841792712
13.8	2.6569685411193156	0.06970660755307664	0.021735706841792712
13.9	2.757474313629196	0.07450436356856184	0.02325162281046289
14.0	2.757474313629196	0.07450436356856184	0.02325162281046289
14.1	2.784799225264232	0.07271021539644185	0.02325162281046289
14.2	2.802994960654514	0.08394216760548398	0.04647813135100298
14.3	2.831583474968811	0.06789434398706712	0.02325162281046289
14.4	2.837448555835566	0.06779991513590292	0.02325162281046289
14.5	2.8827185577243553	0.041527737784174484	6.260461946337945
14.6	2.896	0.051446153846153905	0.0
14.7	2.9468444444444444	0.04738461538461544	0.0
14.8	2.9566222222222223	0.046030769230769285	0.0
14.9	2.976827589176986	0.03488329973870656	6.260461946337945
15.0	2.976827589176986	0.03488329973870656	6.260461946337945
15.1	3.012151800699574	0.031376512992487386	6.260461946337945
15.2	3.0172444444444446	0.03926153846153851	0.0
15.3	3.0454978848580216	0.029386249305042942	6.260966741852867
15.4	3.057251265725268	0.028023532682505885	6.260461946337945
15.5	3.098415190839604	0.026137820517996232	6.260966741852867
15.6	3.098415190839604	0.026137820517996232	6.260966741852867
15.7	3.1258113391584166	0.02503968781949483	6.260461946337945
15.8	3.1258113391584166	0.02503968781949483	6.260461946337945
15.9	3.1427578818392434	0.01644876495229222	6.236707175828583
16.0	3.1427578818392434	0.01644876495229222	6.236707175828583
16.1	3.189668122283396	0.018258071165689758	6.237762027758009
16.2	3.189668122283396	0.018258071165689758	6.237762027758009
16.3	3.2639025844714684	0.020594120675104615	6.237762027758009
16.4	3.2697631999073686	0.02077854563637421	6.237762027758009
16.5	3.2892985846937033	0.02139329550727286	6.237762027758009
16.6	3.2892985846937033	0.02139329550727286	6.237762027758009
16.7	3.3283350356084127	0.022424415699778915	6.236707175828583
16.8	3.3995184372453875	0.02934626803414999	6.260461946337945
16.9	3.449422222222222	0.035200000000000016	0.0
17.0	3.512	0.037907692307692316	0.0
17.1	3.558216982042266	0.037236443642420194	0.02325162281046289
17.2	3.5796941324958205	0.036882783409796505	0.02272336084164106
17.3	3.5992446395020328	0.036575170537321136	0.02272336084164106
17.4	3.657149586154618	0.03475312671564619	0.04647813135100298
17.5	3.7087719117072897	0.03620603509035068	0.02272336084164106
17.6	3.7256109743382506	0.03390395529363492	0.04647813135100298
17.7	3.735431721428949	0.03348586518847638	0.04758310327698334
17.8	3.7537825107920466	0.03685202212254895	0.02272336084164106
17.9	3.7686775941113653	0.03387250450022709	0.04647813135100298
18.0	3.7994666666666665	0.040615384615384595	0.0
18.1	3.807288888888889	0.040615384615384595	0.0
18.2	3.8288	0.040615384615384595	0.0
18.3	3.8483555555555555	0.040615384615384595	0.0
18.4	3.8750500913299266	0.03473887272456544	0.023805026185069966
18.5	3.8835555555555556	0.03926153846153844	0.0
18.6	3.8978342010514555	0.04395787947672996	6.260461946337945
18.7	3.9232498601595314	0.044357776210947934	6.260461946337945
18.8	3.928533333333333	0.03926153846153843	0.0
18.9	3.944177777777778	0.03926153846153843	0.0
19.0	3.966838604189291	0.03214554517367582	0.02272336084164106
19.1	3.9961643646986094	0.03168412586496276	0.02272336084164106
19.2	4.0078946689023365	0.03149955814147754	0.02272336084164106
19.3	4.018488888888889	0.039261538461538424	0.0
19.4	4.033354760980881	0.03245315804615118	0.02272336084164106
19.5	4.040508469226336	0.047556950084691775	6.260461946337945
19.6	4.059976923480299	0.04938628915888192	6.259933684369123
19.7	4.075690955001921	0.04929791464786621	6.260966741852867
19.8	4.112355555555555	0.041969230769230724	0.0
19.9	4.120177777777778	0.041969230769230724	0.0
20.0	4.153937316309662	0.04914752442624368	6.260966741852867
20.1	4.176007916834	0.029055390817473374	0.022218565326718842
20.2	4.18187313547728	0.02896515668449985	0.022218565326718842
20.3	4.202311111111111	0.036553846153846103	0.0
20.4	4.2166620325894035	0.045843349332078405	6.2614496003377935
20.5	4.222461483295516	0.04635725988203785	6.260461946337945
20.6	4.242002488086893	0.04779401243164087	6.260966741852867
20.7	4.261553216897822	0.04809479287488594	6.260966741852867
20.8	4.292910684217041	0.046990904289685	6.2614496003377935
20.9	4.292910684217041	0.046990904289685	6.2614496003377935
21.0	4.292910684217041	0.046990904289685	6.2614496003377935
21.1	4.316444945552723	0.045761165375233864	6.261911921155525
21.2	4.347022222222222	0.03384615384615378	0.0
21.3	4.361551471496101	0.021038507556120585	0.021735706841792712
21.4	4.369286841951079	0.04407788016652984	6.2614496003377935
21.5	4.4005683400547255	0.017742965113763217	0.021735706841792712
21.6	4.422042977403539	0.015790973270365997	0.022218565326718842
21.7	4.455279216382118	0.015279646516849389	0.022218565326718842
21.8	4.455279216382118	0.015279646516849389	0.022218565326718842
21.9	4.455279216382118	0.015279646516849389	0.022218565326718842
22.0	4.455279216382118	0.015279646516849389	0.022218565326718842
22.1	4.455279216382118	0.015279646516849389	0.022218565326718842
22.2	4.455279216382118	0.015279646516849389	0.022218565326718842
22.3	4.568888888888889	-0.0013538461538460834	0.0
22.4	4.606440919005126	-0.018193291990971205	6.259933684369123
22.5	4.639780771703022	-0.021174943204452568	6.260966741852867
22.6	4.676444444444445	-0.012184615384615322	0.0
22.7	4.686745966913277	-0.02180658213526721	6.260966741852867
22.8	4.700402879970884	-0.020487017306859496	6.260461946337945
22.9	4.712044318233674	-0.017595456305591048	6.260461946337945
23.0	4.729615394580422	-0.016860230530989093	6.2614496003377935
23.1	4.74717944197106	-0.01546011478279633	6.260966741852867
23.2	4.772517591041526	-0.01258136648424256	6.260461946337945
23.3	4.788122028645066	-0.011205557004819641	6.259933684369123
23.4	4.813478135672122	-0.009023413297351929	6.260966741852867
23.5	4.8252220750580275	0.009254027414092631	0.02325162281046289
23.6	4.844622222222222	0.001353846153846201	0.0
23.7	4.854585287497148	0.009935895780954399	0.02272336084164106
23.8	4.874180227473829	0.010981779547370644	0.02272336084164106
23.9	4.885910531677556	0.010797211823885423	0.02272336084164106
24.0	4.893738949989807	0.010859317883884197	0.02325162281046289
24.1	4.917153807713673	0.00912812227920701	0.02325162281046289
24.2	4.95420838838348	0.005823112488459654	0.02325162281046289
24.3	4.95420838838348	0.005823112488459654	0.02325162281046289
24.4	4.977759643336806	-0.008152357483843502	6.259933684369123
24.5	5.001080791132334	0.003568309320714289	0.02272336084164106
24.6	5.014950621236073	-0.00890778829315718	6.259933684369123
24.7	5.028407067970562	0.0017841546603571587	0.02272336084164106
24.8	5.057733885543176	0.0014479090511845788	0.02325162281046289
24.9	5.073422222222223	-0.004061538461538434	0.0
25.0	5.1008000000000004	-0.004061538461538436	0.0
25.1	5.116664426142282	-0.008733056130201552	6.259380280994517
25.2	5.134044444444445	-0.005415384615384593	0.0
25.3	5.1499384126577405	-0.009442885116421029	6.259933684369123
25.4	5.165333333333334	-0.006769230769230749	0.0
25.5	5.180977777777779	-0.006769230769230751	0.0
25.6	5.202777587245745	-0.010022068105139037	6.259380280994517
25.7	5.220357500395191	-0.009597521621231465	6.260461946337945
25.8	5.2416	-0.00812307692307691	0.0
25.9	5.259519178264729	-0.010440996996993718	6.259380280994517
26.0	5.280711111111112	-0.008123076923076913	0.0
26.1	5.292205613643021	-0.0064291090347351615	0.02272336084164106
26.2	5.304177777777778	-0.006769230769230761	0.0
26.3	5.315702197427908	-0.00538162499536403	0.023805026185069966
26.4	5.337422222222223	-0.006769230769230764	0.0
26.5	5.356977777777778	-0.006769230769230765	0.0
26.6	5.384132455639556	-0.006515590730330497	0.02325162281046289
26.7	5.401722263222069	-0.006799538167795283	0.023805026185069966
26.8	5.433244444444445	-0.006769230769230771	0.0
26.9	5.443233280266011	-0.006090734875012263	6.260461946337945
27.0	5.464783270943313	-0.007105857354180971	6.260461946337945
27.1	5.477882818021326	-0.010733412748998555	0.02325162281046289
27.2	5.494114088326996	-0.006610019581494701	6.259933684369123
27.3	5.503289245669506	-0.011182178882582773	0.023805026185069966
27.4	5.534933333333334	-0.00947692307692309	0.0
27.5	5.552804985441736	-0.007075096066933428	6.260461946337945
27.6	5.5760000000000005	-0.010830769230769244	0.0
27.7	5.589273888746515	-0.0138810411211389	0.02325162281046289
27.8	5.605333333333333	-0.009476923076923093	0.0
27.9	5.617066666666667	-0.009476923076923095	0.0
28.0	5.638577777777778	-0.009476923076923098	0.0
28.1	5.6583737427524365	-0.005504282111384717	6.260966741852867
28.2	5.6776888888888895	-0.009476923076923102	0.0
28.3	5.703111111111111	-0.009476923076923102	0.0
28.4	5.720711111111111	-0.009476923076923105	0.0
28.5	5.7344	-0.009476923076923105	0.0
28.6	5.750044444444445	-0.01083076923076926	0.0
28.7	5.771045929872761	-0.01816181570724977	0.02325162281046289
28.8	5.78749993545722	-0.006090734875012235	6.260461946337945
28.9	5.814026418827012	-0.020056359285393958	0.02272336084164106
29.0	5.830222222222223	-0.013538461538461574	0.0
29.1	5.857926193650052	-0.006336825172992521	6.260461946337945
29.2	5.874571427032457	-0.022537019144524852	0.02325162281046289
29.3	5.874571427032457	-0.022537019144524852	0.02325162281046289
29.4	5.903930896617708	-0.022648767376353404	0.022218565326718842
29.5	5.931301916953009	-0.02306985999689649	0.022218565326718842
29.6	5.964512035071505	-0.024745992803772772	0.021735706841792712
29.7	5.984711111111111	-0.016246153846153896	0.0
29.8	6.014370791367446	-0.005444126022735725	6.260966741852867
29.9	6.031010633888748	-0.02460384025744632	0.022218565326718842
30.0	6.049244444444445	-0.013538461538461593	0.0
30.1	6.062291799986236	-0.025085088966638424	0.022218565326718842
30.2	6.083730244556189	-0.02789441281566777	0.021735706841792712
30.3	6.099328491572544	-0.029483335064661498	0.021735706841792712
30.4	6.128633203640568	-0.03104501968187671	0.021273386024061036
30.5	6.147022222222223	-0.018953846153846217	0.0
30.6	6.176355555555556	-0.018953846153846217	0.0
30.7	6.192369315674951	-0.005414047978411233	6.260966741852867
30.8	6.221651962827321	-0.0036093653189408397	6.260966741852867
30.9	6.225244444444445	-0.016246153846153917	0.0
31.0	6.245067971188581	-0.0021774119708431604	6.2614496003377935
31.1	6.25288687909583	-0.0023326962840742515	6.261911921155525
31.2	6.25288687909583	-0.0023326962840742515	6.261911921155525
31.3	6.3671585169208145	-0.044822228019278355	0.02325162281046289
31.4	6.374989368974172	-0.043278577058526294	0.023805026185069966
31.5	6.3904000000000005	-0.05415384615384609	0.0
31.6	6.404454034367952	-0.03970156882807475	0.023805026185069966
31.7	6.419668172629321	-0.0637373871768961	6.260461946337945
31.8	6.425977654435871	-0.04198915709288752	0.02272336084164106
31.9	6.443217646977713	-0.06607524500770888	6.260461946337945
32.0	6.478708445068784	-0.04577878346189903	0.022218565326718842
32.1	6.496226180746829	-0.0471570533504737	0.02272336084164106
32.2	6.519642356183815	-0.0702895413606214	6.260461946337945
32.3	6.539022222222222	-0.060923076923076865	0.0
32.4	6.568554905471009	-0.07200683811286865	6.260966741852867
32.5	6.574472641742147	-0.07213521859547362	6.260461946337945
32.6	6.592015780044124	-0.07164590158097457	6.260966741852867
32.7	6.603798402251465	-0.07167379928676056	6.260461946337945
32.8	6.633133114366673	-0.07006620756384395	6.259933684369123
32.9	6.646670928586678	-0.0680966923506828	6.260966741852867
33.0	6.680181170276347	-0.07327818461111861	6.237762027758009
33.1	6.687687850496303	-0.06493707737955001	6.260461946337945
33.2	6.7071494915615775	-0.06192247122929141	6.260461946337945
33.3	6.7113796583332235	-0.04630161335418433	0.02325162281046289
33.4	6.727133039159658	-0.04553815910730296	0.022218565326718842
33.5	6.744355555555556	-0.05144615384615381	0.0
33.6	6.7720764254426635	-0.044570417749507145	0.02325162281046289
33.7	6.785761614131758	-0.04479075173555697	0.02325162281046289
33.8	6.820455184683826	-0.058652186432787766	6.260966741852867
33.9	6.824843237150279	-0.048395573318131074	0.022218565326718842
34.0	6.85408932490145	-0.05007937563898972	0.02272336084164106
34.1	6.871464539975424	-0.06081218014975134	6.259933684369123
34.2	6.881496904637951	-0.05062134859814455	0.022218565326718842
34.3	6.881496904637951	-0.05062134859814455	0.022218565326718842
34.4	6.8949248634424425	-0.06043446474509449	6.259933684369123
34.5	6.945666741201823	-0.05943421558522493	6.260966741852867
34.6	6.965305833843501	-0.05930131853112397	6.259933684369123
34.7	6.98112318747136	-0.05343235594897123	0.02272336084164106
34.8	7.002488888888889	-0.055507692307692286	0.0
34.9	7.008538330250526	-0.05250951733154513	0.02272336084164106
35.0	7.01041140260843	-0.05239833678120912	0.023805026185069966
35.1	7.018046095901141	-0.057097978670625736	6.259933684369123
35.2	7.025955555555556	-0.054153846153846136	0.0
35.3	7.025955555555556	-0.054153846153846136	0.0
35.4	7.045332012073538	-0.05654672333007232	6.260966741852867
35.5	7.131528400009084	-0.05710323048973099	0.023805026185069966
35.6	7.155081513262248	-0.058972297853390365	6.259380280994517
35.7	7.174584340891924	-0.05918471666426061	0.02272336084164106
35.8	7.198000516328911	-0.058261878046834505	6.260461946337945
35.9	7.207822222222222	-0.05821538461538461	0.0
36.0	7.235235345581651	-0.05878481993004263	0.02272336084164106
36.1	7.256711111111112	-0.05821538461538461	0.0
36.2	7.278153512158224	-0.0595201279427388	0.023805026185069966
36.3	7.295796320823662	-0.059773462786945016	0.02325162281046289
36.4	7.311466666666667	-0.05686153846153847	0.0
36.5	7.323121232458698	-0.05489463881012747	6.259933684369123
36.6	7.3408080834151965	-0.06044592944140963	0.02272336084164106
36.7	7.358403539720788	-0.06072278102663745	0.02272336084164106
36.8	7.391636694196194	-0.055073036629204423	6.259380280994517
36.9	7.403325272864607	-0.06278378727222242	0.02272336084164106
37.0	7.432693673457761	-0.05583892732176957	6.259933684369123
37.1	7.446242464917397	-0.06490409703353377	0.02325162281046289
37.2	7.4620444444444445	-0.06092307692307694	0.0
37.3	7.473612842295585	-0.06534476500563341	0.02325162281046289
37.4	7.49902819271819	-0.06575395669401166	0.02325162281046289
37.5	7.518714859503499	-0.05445397083802782	6.259933684369123
37.6	7.546004453889424	-0.05426079196140985	6.260966741852867
37.7	7.565555182700353	-0.05396001151816478	6.260966741852867
37.8	7.594920241525487	-0.05337083337447614	6.260461946337945
37.9	7.594920241525487	-0.05337083337447614	6.260461946337945
38.0	7.6224	-0.059569230769230805	0.0
38.1	7.626241342060671	-0.05272277523335062	6.259933684369123
38.2	7.649623316587349	-0.06920957999068955	0.022218565326718842
38.3	7.659398680992814	-0.06935997021231209	0.022218565326718842
38.4	7.698666666666667	-0.06498461538461542	0.0
38.5	7.698666666666667	-0.06498461538461542	0.0
38.6	7.734686002744953	-0.08692137356937586	0.04441521524691083
38.7	7.743206138495664	-0.07877439808588264	0.022218565326718842
38.8	7.782755555555555	-0.07040000000000005	0.0
38.9	7.782755555555555	-0.07040000000000005	0.0
39.0	7.818731405851523	-0.09044565665311516	0.043450895391530686
39.1	7.829688888888889	-0.07040000000000006	0.0
39.2	7.855111111111111	-0.06904615384615391	0.0
39.3	7.866844444444444	-0.06904615384615391	0.0
39.4	7.871439892696771	-0.09112918556789339	0.04441521524691083
39.5	7.871439892696771	-0.09112918556789339	0.04441521524691083
39.6	7.871439892696771	-0.09112918556789339	0.04441521524691083
39.7	7.885363685593451	-0.09065445729537193	0.0425275346197842
39.8	7.885363685593451	-0.09065445729537193	0.0425275346197842
39.9	7.9166337972808485	-0.08845421936883582	0.04441521524691083
40.0	7.9166337972808485	-0.08845421936883582	0.04441521524691083
40.1	7.972036557711585	-0.07958650528264431	0.022218565326718842
40.2	7.972036557711585	-0.07958650528264431	0.022218565326718842
40.3	8.034697474534655	-0.07891647170002197	0.021735706841792712
40.4	8.034697474534655	-0.07891647170002197	0.021735706841792712
40.5	8.048371292202257	-0.07805252502209446	0.022218565326718842
40.6	8.048371292202257	-0.07805252502209446	0.022218565326718842
40.7	8.1547040146431	-0.08120594857900305	0.04647813135100298
40.8	8.1728	-0.10830769230769223	0.0
40.9	8.179917067358373	-0.08472843744067941	0.04647813135100298
41.0	8.204314391404	-0.10063960994324479	0.023805026185069966
41.1	8.221816309552596	-0.10363656278497445	0.023805026185069966
41.2	8.262755555555556	-0.11913846153846148	0.0
41.3	8.282596038786632	-0.13072100629498826	6.259933684369123
41.4	8.288565646321443	-0.13089916605490262	6.259380280994517
41.5	8.323641323525996	-0.13251962546238813	6.260461946337945
41.6	8.323641323525996	-0.13251962546238813	6.260461946337945
41.7	8.323641323525996	-0.13251962546238813	6.260461946337945
41.8	8.323641323525996	-0.13251962546238813	6.260461946337945
41.9	8.323641323525996	-0.13251962546238813	6.260461946337945
42.0	8.323641323525996	-0.13251962546238813	6.260461946337945
42.1	8.323641323525996	-0.13251962546238813	6.260461946337945
42.2	8.323641323525996	-0.13251962546238813	6.260461946337945
42.3	8.323641323525996	-0.13251962546238813	6.260461946337945
42.4	8.323641323525996	-0.13251962546238813	6.260461946337945
42.5	8.323641323525996	-0.13251962546238813	6.260461946337945
42.6	8.323641323525996	-0.13251962546238813	6.260461946337945
42.7	8.593527186152661	-0.1309815611000113	6.260461946337945
42.8	8.593527186152661	-0.1309815611000113	6.260461946337945
42.9	8.636538550261388	-0.13179468295356606	6.238770091932675
43.0	8.636538550261388	-0.13179468295356606	6.238770091932675
43.1	8.667724502342251	-0.11405594407852888	0.022218565326718842
43.2	8.685192404229515	-0.12276829740491899	6.260461946337945
43.3	8.724266666666667	-0.11643076923076921	0.0
43.4	8.724266666666667	-0.11643076923076921	0.0
43.5	8.777066666666666	-0.11778461538461536	0.0
43.6	8.784888888888888	-0.11778461538461536	0.0
43.7	8.816182000431862	-0.11485695929940089	0.02325162281046289
43.8	8.816182000431862	-0.11485695929940089	0.02325162281046289
43.9	8.851377777777778	-0.11643076923076921	0.0
44.0	8.867012701277071	-0.11724915686222759	6.259933684369123
44.1	8.873055003371027	-0.11310925320919243	0.02272336084164106
44.2	8.873055003371027	-0.11310925320919243	0.02272336084164106
44.3	8.904424680521904	-0.11089444052736977	0.02272336084164106
44.4	8.904424680521904	-0.11089444052736977	0.02272336084164106
44.5	8.920165305586881	-0.10870765276309118	0.07130746478529026
44.6	8.929918235096338	-0.10918994048608625	0.07130746478529026
44.7	8.929918235096338	-0.10918994048608625	0.07130746478529026
44.8	8.929918235096338	-0.10918994048608625	0.07130746478529026
44.9	8.953345381007903	-0.1103099760696666	0.02272336084164106
45.0	8.961165583810388	-0.11043302121865675	0.02272336084164106
45.1	8.978761040115979	-0.11070987280388457	0.02272336084164106
45.2	8.978761040115979	-0.11070987280388457	0.02272336084164106
45.3	9.006087316954208	-0.1124940274642417	0.02272336084164106
45.4	9.006087316954208	-0.1124940274642417	0.02272336084164106
45.5	9.072288507672258	-0.11630110543873542	0.023805026185069966
45.6	9.115525161850098	-0.11883115004470826	0.04542327942157698
45.7	9.16233422217365	-0.12300672481769019	0.06807645825799957
45.8	9.193930040131674	-0.11980241875779117	0.04441521524691083
45.9	9.27584066371009	-0.11548648497382899	0.02325162281046289
46.0	9.330798331480922	-0.114777817142317	0.022218565326718842
46.1	9.400518795804539	-0.10474218307786241	6.260461946337945
46.2	9.47538683255375	-0.11971061641153607	0.022218565326718842
46.3	9.534338691278409	-0.09061823696807329	6.238770091932675
46.4	9.588814256900845	-0.08311418254549689	6.237762027758009
46.5	9.623743096261359	-0.08285951249950539	6.2397344117880555
46.6	9.643377777777777	-0.10289230769230776	0.0
46.7	9.662902236582275	-0.0830359344565661	6.2397344117880555
46.8	9.67586736799481	-0.09545303288399358	6.2614496003377935
46.9	9.684767970225408	-0.08598964376970403	6.238770091932675
47.0	9.696177777777777	-0.11101538461538467	0.0
47.1	9.712466059682317	-0.09055812536809445	6.238770091932675
47.2	9.723555555555556	-0.11643076923076928	0.0
47.3	9.733333333333333	-0.11778461538461545	0.0
47.4	9.754649570439792	-0.10729536991940795	6.260461946337945
47.5	9.764622222222222	-0.1218461538461539	0.0
47.6	9.784177777777778	-0.12320000000000006	0.0
47.7	9.801623327312123	-0.11089774942445572	6.260966741852867
47.8	9.813511111111112	-0.12455384615384622	0.0
47.9	9.830992866592542	-0.11180009075419091	6.260966741852867
48.0	9.842760150879153	-0.10997160190994362	6.260461946337945
48.1	11.652664547093954	-0.11085947126678261	6.259933684369123
48.2	11.65844498945459	-0.11107900825085494	6.260461946337945
48.3	11.65844498945459	-0.11107900825085494	6.260461946337945
48.4	9.954154820294763	-0.18605380670993352	6.256875589926665
48.5	9.947322866586504	-0.13975151148113069	0.052583061610941506
48.6	9.95693280592328	-0.15257551836626268	0.02630971725292186
48.7	9.948989283308094	-0.12169492475348062	0.0767718912697779
48.8	9.949062683135164	-0.14930764047311731	0.02702044918726454
48.9	9.816811296125453	-0.1442089146164521	0.02272336084164106
49.0	9.822566225126577	-0.14460204741612717	0.02325162281046289
49.1	9.822566225126577	-0.14460204741612717	0.02325162281046289
49.2	9.822566225126577	-0.14460204741612717	0.02325162281046289
49.3	9.822566225126577	-0.14460204741612717	0.02325162281046289
49.4	10.037333333333335	-0.17464615384615376	0.0
49.5	10.047111111111112	-0.17599999999999993	0.0
49.6	10.054933333333334	-0.17735384615384608	0.0
49.7	10.058844444444444	-0.18006153846153838	0.0
49.8	10.064960012733131	-0.15929826861063157	0.04647813135100298
49.9	10.064960012733131	-0.15929826861063157	0.04647813135100298
50.0	10.064960012733131	-0.15929826861063157	0.04647813135100298
50.1	10.064960012733131	-0.15929826861063157	0.04647813135100298
50.2	10.064960012733131	-0.15929826861063157	0.04647813135100298
50.3	10.064960012733131	-0.15929826861063157	0.04647813135100298
50.4	10.064960012733131	-0.15929826861063157	0.04647813135100298
50.5	10.064960012733131	-0.15929826861063157	0.04647813135100298
50.6	10.064960012733131	-0.15929826861063157	0.04647813135100298
50.7	10.383025396884626	-0.22468879791979898	6.1882336008368295
50.8	10.422588322385403	-0.22574377360880166	6.194529425312149
50.9	10.437229301324031	-0.22810550858294112	6.192525419978841
51.0	10.445019399294624	-0.2276152226966801	6.192525419978841
51.1	10.478438233926674	-0.2224395711915	6.216617143403763
51.2	10.486727320497998	-0.2224067185685464	6.215108848921586
51.3	10.499727132769916	-0.22553150768007077	6.192525419978841
51.4	10.515593635339583	-0.21697317968840388	6.215108848921586
51.5	10.541235576467479	-0.21708321996842678	6.194529425312149
51.6	10.529790109523562	-0.20772398137665243	6.237762027758009
51.7	10.533430794870105	-0.2035436822545417	6.237762027758009
51.8	10.543020892856125	-0.2005314078871383	6.237762027758009
51.9	10.53823746425367	-0.19361237131684866	6.260966741852867
52.0	10.546154439712522	-0.1922272840098568	6.260461946337945
52.1	10.571343365040176	-0.18904050857952368	6.260966741852867
52.2	10.581075283381617	-0.18753660636329839	6.260966741852867
52.3	10.590755555555557	-0.18412307692307692	0.0
52.4	10.604449265826684	-0.181160060966503	0.022218565326718842
52.5	10.62008888888889	-0.18412307692307692	0.0
52.6	10.627911111111112	-0.18412307692307692	0.0
52.7	10.65528888888889	-0.18547692307692307	0.0
52.8	10.67524200078779	-0.1875356984121213	6.259933684369123
52.9	10.682430360139916	-0.1850291427939332	0.02272336084164106
53.0	10.70808888888889	-0.18683076923076922	0.0
53.1	10.727488519143465	-0.1871155137427553	0.022218565326718842
53.2	10.749155555555555	-0.18683076923076922	0.0
53.3	10.766355350066679	-0.18633959963070798	0.02325162281046289
53.4	10.7824	-0.18547692307692307	0.0
53.5	10.798044444444445	-0.18547692307692307	0.0
53.6	10.801732885848278	-0.18555208467714138	0.02272336084164106
53.7	10.83128888888889	-0.18547692307692307	0.0
53.8	10.848511947944399	-0.18630812334698657	0.02325162281046289
53.9	10.878222222222224	-0.18412307692307692	0.0
54.0	10.9037954190148	-0.18253747852688276	6.260461946337945
54.1	10.91512582648431	-0.1873362393374985	0.02272336084164106
54.2	10.934933333333333	-0.18547692307692307	0.0
54.3	10.95448888888889	-0.18683076923076922	0.0
54.4	10.959857552926435	-0.19080923191914725	0.02325162281046289
54.5	10.981464251394025	-0.1924426130205896	0.02272336084164106
54.6	11.005333333333335	-0.18953846153846154	0.0
54.7	11.022475883136602	-0.19444209669167947	0.02272336084164106
54.8	11.0464	-0.19089230769230772	0.0
54.9	11.068992730838563	-0.20071263232928485	0.04441521524691083
55.0	11.09528888888889	-0.19089230769230772	0.0
55.1	11.108777287667104	-0.1955845590566911	0.021735706841792712
55.2	11.118755555555556	-0.18953846153846157	0.0
55.3	11.124622222222223	-0.18953846153846157	0.0
55.4	11.130190086584584	-0.1946651028682064	0.022218565326718842
55.5	11.130190086584584	-0.1946651028682064	0.022218565326718842
55.6	11.129132553012886	-0.20034155400784281	0.04647813135100298
55.7	11.152000000000001	-0.18818461538461542	0.0
55.8	11.189155555555557	-0.18818461538461542	0.0
55.9	11.243039189510576	-0.203357542728353	0.04441521524691083
56.0	11.2928	-0.18953846153846157	0.0
56.1	11.318222222222223	-0.19089230769230772	0.0
56.2	11.335822222222223	-0.19089230769230772	0.0
56.3	11.361244444444445	-0.19089230769230772	0.0
56.4	11.384711111111113	-0.19089230769230772	0.0
56.5	11.414026906390456	-0.18169620162104208	6.2614496003377935
56.6	11.417955555555556	-0.19089230769230772	0.0
56.7	11.441422222222222	-0.19089230769230772	0.0
56.8	11.431644444444444	-0.18953846153846157	0.0
56.9	11.404291304513812	-0.17893428568648956	6.260966741852867
57.0	11.39251742116323	-0.17776124195783377	6.260966741852867
57.1	11.437657559195799	-0.17820013702498003	6.260461946337945
57.2	11.470807228534996	-0.17926514417405912	6.260966741852867
57.3	11.514082268401902	-0.1824144333778926	6.260461946337945
57.4	11.514082268401902	-0.1824144333778926	6.260461946337945
57.5	11.582783699867582	-0.18511202456557316	6.259933684369123
57.6	11.586596876206762	-0.18669025230530015	6.260461946337945
57.7	11.595911111111112	-0.201723076923077	0.0
57.8	11.62387613842997	-0.19016627776427178	6.260461946337945
57.9	11.65007589432635	-0.17663793886921286	6.235602203902603
58.0	13.45632594959857	-0.177110230636991	6.234443455869655
58.1	13.45632594959857	-0.177110230636991	6.234443455869655
58.2	11.72759887974044	-0.13790046137804435	0.10487693873023396
58.3	11.730989730159127	-0.12020440046977834	0.1308273960740567
58.4	11.74447772280339	-0.11668740141925867	0.13432144195296836
58.5	11.746739911007426	-0.1284047461546847	0.10487693873023396
58.6	11.717892620803115	-0.09644636296033055	0.15264932839526502
58.7	13.444799999999999	-0.21390769230769238	0.0
58.8	13.444799999999999	-0.21390769230769238	0.0
58.9	13.444799999999999	-0.21390769230769238	0.0
59.0	13.444799999999999	-0.21390769230769238	0.0
59.1	11.866409748745298	-0.18064817688798535	0.049958395721942495
59.2	11.875757331778873	-0.17371944258581795	0.0730405653031192
59.3	11.881192699941817	-0.16501317315225725	0.09725319825156564
59.4	11.898213984963004	-0.18883056362057887	0.04647813135100298
59.5	11.898213984963004	-0.18883056362057887	0.04647813135100298
59.6	11.898213984963004	-0.18883056362057887	0.04647813135100298
59.7	11.898213984963004	-0.18883056362057887	0.04647813135100298
59.8	11.898213984963004	-0.18883056362057887	0.04647813135100298
59.9	11.898213984963004	-0.18883056362057887	0.04647813135100298
60.0	11.923585523192777	-0.2135367864711301	0.04758310327698334
60.1	11.923585523192777	-0.2135367864711301	0.04758310327698334
60.2	11.923585523192777	-0.2135367864711301	0.04758310327698334
60.3	11.923585523192777	-0.2135367864711301	0.04758310327698334
60.4	12.194049314624879	-0.2706779947307966	6.213530733451018
60.5	12.276511787379011	-0.26089984520938536	6.237762027758009
60.6	12.299727132769915	-0.2703926662729544	6.192525419978841
60.7	12.224121437270204	-0.2679694687247198	6.237762027758009
60.8	12.25094073078517	-0.27836637635101	6.194529425312149
60.9	12.25094073078517	-0.27836637635101	6.194529425312149
61.0	12.387118863343435	-0.2686269994197926	6.194529425312149
61.1	12.371006215847059	-0.2690096128192071	6.190428986991442
61.2	12.347640427311777	-0.2705143863205848	6.190428986991442
61.3	12.336907145811375	-0.26941209450043235	6.192525419978841
61.4	12.336907145811375	-0.26941209450043235	6.192525419978841
61.5	12.336907145811375	-0.26941209450043235	6.192525419978841
61.6	12.434028532925142	-0.25039486971178077	6.238770091932675
61.7	12.4124039986813	-0.2439985304474611	6.260461946337945
61.8	12.404444444444444	-0.23963076923076923	0.0
61.9	12.416177777777778	-0.23692307692307693	0.0
62.0	12.443555555555555	-0.23556923076923075	0.0
62.1	12.457244444444443	-0.23286153846153845	0.0
62.2	12.446025649002252	-0.2282566270646672	0.04542327942157698
62.3	12.469468110745854	-0.22899432690974558	0.04542327942157698
62.4	12.486716711960026	-0.22931307026334946	0.06965457372856809
62.5	12.52779642298842	-0.2331397960490806	0.02272336084164106
62.6	12.537664363090878	-0.2338508508898449	0.04542327942157698
62.7	12.562971566109537	-0.2360024754379902	0.04542327942157698
62.8	12.605865152101863	-0.23843073745565693	0.02272336084164106
62.9	12.60772535671096	-0.24012129957301112	0.04542327942157698
63.0	12.638873210395932	-0.24032142621291475	0.02325162281046289
63.1	12.670108175942138	-0.24217852695247755	0.02325162281046289
63.2	12.697777777777777	-0.23963076923076923	0.0
63.3	12.7093093575999	-0.24331799890168407	0.04542327942157698
63.4	12.736888888888888	-0.23827692307692308	0.0
63.5	12.750309746864275	-0.24211557438503475	0.02325162281046289
63.6	12.768266605966064	-0.2422786470339003	0.022218565326718842
63.7	12.803459200610293	-0.23371140663142	6.259933684369123
63.8	12.822933333333333	-0.23692307692307693	0.0
63.9	12.838577777777777	-0.23692307692307696	0.0
64.0	12.858133333333333	-0.2382769230769231	0.0
64.1	12.902741998630804	-0.2351310683649794	6.2614496003377935
64.2	12.891392751410894	-0.24552707582094702	0.022218565326718842
64.3	12.912855107038892	-0.24721144630311936	0.022218565326718842
64.4	12.948088888888888	-0.24369230769230774	0.0
64.5	12.939844270013598	-0.25574480210989586	0.04441521524691083
64.6	12.979373168577641	-0.25216784581252333	0.021735706841792712
64.7	13.016533333333333	-0.24640000000000004	0.0
64.8	13.032177777777777	-0.24504615384615389	0.0
64.9	13.055644444444445	-0.24369230769230774	0.0
65.0	13.067377777777777	-0.24369230769230774	0.0
65.1	13.071172564343394	-0.2510012798880072	0.022218565326718842
65.2	13.090723293154324	-0.25130206033125224	0.022218565326718842
65.3	13.120177777777778	-0.24233846153846159	0.0
65.4	13.128	-0.24233846153846159	0.0
65.5	13.161244444444444	-0.2409846153846154	0.0
65.6	13.173054944200354	-0.2510202908549168	0.021735706841792712
65.7	13.18847693720897	-0.25280596254747756	0.022218565326718842
65.8	13.204266666666665	-0.24369230769230774	0.0
65.9	13.2450533922813	-0.23539588873981163	6.2614496003377935
66.0	13.2450533922813	-0.23539588873981163	6.2614496003377935
66.1	13.268405174760113	-0.25562629702703005	0.02272336084164106
66.2	13.268405174760113	-0.25562629702703005	0.02272336084164106
66.3	13.329329076775709	-0.23524038466196584	6.260966741852867
66.4	13.329329076775709	-0.23524038466196584	6.260966741852867
66.5	13.352888888888888	-0.2450461538461539	0.0
66.6	13.352888888888888	-0.2450461538461539	0.0
66.7	13.397641044278844	-0.21691612213376626	6.236707175828583
66.8	13.408935839027171	-0.20159626821194368	6.211877842394296
66.9	15.240644757491216	-0.19904460871823387	6.2101447418764675
67.0	15.240644757491216	-0.19904460871823387	6.2101447418764675
67.1	15.273657855142806	-0.1960148099091542	6.2101447418764675
67.2	15.273657855142806	-0.1960148099091542	6.2101447418764675
67.3	13.509833798181518	-0.17226973318738803	0.15037142800713443
67.4	13.518058710142475	-0.17672012675414184	0.14189705460416402
67.5	13.511670864679006	-0.15006066336490628	0.16977827396833822
67.6	13.511670864679006	-0.15006066336490628	0.16977827396833822
67.7	13.511365556145487	-0.1484836484298497	0.1607627406258345
67.8	13.511365556145487	-0.1484836484298497	0.1607627406258345
67.9	13.470047243773536	-0.23944187175865816	6.230602245568645
68.0	13.470047243773536	-0.23944187175865816	6.230602245568645
68.1	13.3977640710023	-0.26110918535583494	6.258190513560667
68.2	15.25257435169539	-0.2414342558327273	6.230602245568645
68.3	13.513474963088331	-0.14154567860425096	0.18697926991891078
68.4	13.513474963088331	-0.14154567860425096	0.18697926991891078
68.5	13.582879317079522	-0.200034534193463	0.1308273960740567
68.6	13.582879317079522	-0.200034534193463	0.1308273960740567
68.7	13.634691633631473	-0.23993842718143807	0.07485984771076692
68.8	13.634691633631473	-0.23993842718143807	0.07485984771076692
68.9	13.750954952026097	-0.2640822377486754	0.04874185130993158
69.0	13.750954952026097	-0.2640822377486754	0.04874185130993158
69.1	13.663065277995498	-0.24955756513990057	0.07485984771076692
69.2	13.663065277995498	-0.24955756513990057	0.07485984771076692
69.3	13.906620823576045	-0.31324981703049354	6.258190513560667
69.4	13.906620823576045	-0.31324981703049354	6.258190513560667
69.5	13.91631078576601	-0.3182903317823135	6.258799898006868
69.6	13.91631078576601	-0.3182903317823135	6.258799898006868
69.7	13.91631078576601	-0.3182903317823135	6.258799898006868
69.8	13.91631078576601	-0.3182903317823135	6.258799898006868
69.9	13.91631078576601	-0.3182903317823135	6.258799898006868
70.0	13.91631078576601	-0.3182903317823135	6.258799898006868
70.1	13.91631078576601	-0.3182903317823135	6.258799898006868
70.2	13.91631078576601	-0.3182903317823135	6.258799898006868
70.3	13.91631078576601	-0.3182903317823135	6.258799898006868
70.4	13.91631078576601	-0.3182903317823135	6.258799898006868
70.5	13.91631078576601	-0.3182903317823135	6.258799898006868
70.6	13.91631078576601	-0.3182903317823135	6.258799898006868
70.7	13.91631078576601	-0.3182903317823135	6.258799898006868
70.8	13.91631078576601	-0.3182903317823135	6.258799898006868
70.9	13.91631078576601	-0.3182903317823135	6.258799898006868
71.0	13.91631078576601	-0.3182903317823135	6.258799898006868
71.1	13.91631078576601	-0.3182903317823135	6.258799898006868
71.2	13.91631078576601	-0.3182903317823135	6.258799898006868
71.3	13.91631078576601	-0.3182903317823135	6.258799898006868
71.4	13.91631078576601	-0.3182903317823135	6.258799898006868
71.5	13.91631078576601	-0.3182903317823135	6.258799898006868
71.6	13.91631078576601	-0.3182903317823135	6.258799898006868
71.7	13.91631078576601	-0.3182903317823135	6.258799898006868
71.8	13.91631078576601	-0.3182903317823135	6.258799898006868
71.9	13.91631078576601	-0.3182903317823135	6.258799898006868
72.0	13.91631078576601	-0.3182903317823135	6.258799898006868
72.1	13.91631078576601	-0.3182903317823135	6.258799898006868
72.2	13.91631078576601	-0.3182903317823135	6.258799898006868
72.3	13.91631078576601	-0.3182903317823135	6.258799898006868
72.4	13.91631078576601	-0.3182903317823135	6.258799898006868
72.5	13.91631078576601	-0.3182903317823135	6.258799898006868
72.6	13.91631078576601	-0.3182903317823135	6.258799898006868
72.7	13.91631078576601	-0.3182903317823135	6.258799898006868
72.8	13.91631078576601	-0.3182903317823135	6.258799898006868
72.9	13.91631078576601	-0.3182903317823135	6.258799898006868
73.0	13.91631078576601	-0.3182903317823135	6.258799898006868
73.1	13.91631078576601	-0.3182903317823135	6.258799898006868
73.2	13.91631078576601	-0.3182903317823135	6.258799898006868
73.3	13.91631078576601	-0.3182903317823135	6.258799898006868
73.4	13.91631078576601	-0.3182903317823135	6.258799898006868
73.5	13.91631078576601	-0.3182903317823135	6.258799898006868
73.6	13.91631078576601	-0.3182903317823135	6.258799898006868
73.7	13.91631078576601	-0.3182903317823135	6.258799898006868
73.8	13.91631078576601	-0.3182903317823135	6.258799898006868
73.9	13.91631078576601	-0.3182903317823135	6.258799898006868
74.0	13.91631078576601	-0.3182903317823135	6.258799898006868
74.1	13.91631078576601	-0.3182903317823135	6.258799898006868
74.2	13.91631078576601	-0.3182903317823135	6.258799898006868
74.3	13.91631078576601	-0.3182903317823135	6.258799898006868
74.4	13.91631078576601	-0.3182903317823135	6.258799898006868
74.5	13.91631078576601	-0.3182903317823135	6.258799898006868
74.6	13.91631078576601	-0.3182903317823135	6.258799898006868
74.7	15.361365731270828	-0.16118839777135077	0.21293834957939684
74.8	15.359511145192068	-0.13443959688156792	0.26396372362570464
74.9	15.387119265862843	-0.16929624393474393	0.2074962264352025
75.0	15.387119265862843	-0.16929624393474393	0.2074962264352025
75.1	15.387119265862843	-0.16929624393474393	0.2074962264352025
75.2	15.5255061124568	-0.21763242515623216	0.14531001063570192
75.3	15.5255061124568	-0.21763242515623216	0.14531001063570192
75.4	15.57128261484581	-0.2276744485978823	0.14888994760949714
75.5	15.569876948212709	-0.22924806475934736	0.1651486774146269
75.6	15.603120311834108	-0.25998141474601083	0.11575921772081044
75.7	15.63260982490877	-0.2761886363986965	0.09275632018814362
75.8	15.63260982490877	-0.2761886363986965	0.09275632018814362
75.9	15.63260982490877	-0.2761886363986965	0.09275632018814362
76.0	15.63260982490877	-0.2761886363986965	0.09275632018814362
76.1	15.63260982490877	-0.2761886363986965	0.09275632018814362
76.2	15.63260982490877	-0.2761886363986965	0.09275632018814362
76.3	15.63260982490877	-0.2761886363986965	0.09275632018814362
76.4	15.63260982490877	-0.2761886363986965	0.09275632018814362
76.5	15.63260982490877	-0.2761886363986965	0.09275632018814362
76.6	15.63260982490877	-0.2761886363986965	0.09275632018814362
76.7	15.63260982490877	-0.2761886363986965	0.09275632018814362
76.8	15.63260982490877	-0.2761886363986965	0.09275632018814362
76.9	15.63260982490877	-0.2761886363986965	0.09275632018814362
77.0	15.63260982490877	-0.2761886363986965	0.09275632018814362
77.1	15.63260982490877	-0.2761886363986965	0.09275632018814362
77.2	15.63260982490877	-0.2761886363986965	0.09275632018814362
77.3	15.63260982490877	-0.2761886363986965	0.09275632018814362
77.4	15.63260982490877	-0.2761886363986965	0.09275632018814362
77.5	15.63260982490877	-0.2761886363986965	0.09275632018814362
77.6	15.63260982490877	-0.2761886363986965	0.09275632018814362
77.7	15.63260982490877	-0.2761886363986965	0.09275632018814362
77.8	15.63260982490877	-0.2761886363986965	0.09275632018814362
77.9	15.63260982490877	-0.2761886363986965	0.09275632018814362
78.0	15.63260982490877	-0.2761886363986965	0.09275632018814362
78.1	15.63260982490877	-0.2761886363986965	0.09275632018814362
78.2	15.63260982490877	-0.2761886363986965	0.09275632018814362
78.3	15.63260982490877	-0.2761886363986965	0.09275632018814362
78.4	15.63260982490877	-0.2761886363986965	0.09275632018814362
78.5	15.63260982490877	-0.2761886363986965	0.09275632018814362
78.6	15.63260982490877	-0.2761886363986965	0.09275632018814362
78.7	15.63260982490877	-0.2761886363986965	0.09275632018814362
78.8	15.63260982490877	-0.2761886363986965	0.09275632018814362
78.9	15.63260982490877	-0.2761886363986965	0.09275632018814362
79.0	15.63260982490877	-0.2761886363986965	0.09275632018814362
79.1	15.63260982490877	-0.2761886363986965	0.09275632018814362
79.2	15.63260982490877	-0.2761886363986965	0.09275632018814362
79.3	15.63260982490877	-0.2761886363986965	0.09275632018814362
79.4	15.63260982490877	-0.2761886363986965	0.09275632018814362
79.5	15.63260982490877	-0.2761886363986965	0.09275632018814362
79.6	15.63260982490877	-0.2761886363986965	0.09275632018814362
79.7	15.63260982490877	-0.2761886363986965	0.09275632018814362
79.8	15.63260982490877	-0.2761886363986965	0.09275632018814362
79.9	15.63260982490877	-0.2761886363986965	0.09275632018814362
80.0	15.63260982490877	-0.2761886363986965	0.09275632018814362
80.1	15.63260982490877	-0.2761886363986965	0.09275632018814362
80.2	15.63260982490877	-0.2761886363986965	0.09275632018814362
80.3	15.63260982490877	-0.2761886363986965	0.09275632018814362
80.4	15.63260982490877	-0.2761886363986965	0.09275632018814362
80.5	15.63260982490877	-0.2761886363986965	0.09275632018814362
80.6	15.63260982490877	-0.2761886363986965	0.09275632018814362
80.7	15.63260982490877	-0.2761886363986965	0.09275632018814362
80.8	15.63260982490877	-0.2761886363986965	0.09275632018814362
80.9	15.63260982490877	-0.2761886363986965	0.09275632018814362
81.0	15.63260982490877	-0.2761886363986965	0.09275632018814362
81.1	15.63260982490877	-0.2761886363986965	0.09275632018814362
81.2	15.63260982490877	-0.2761886363986965	0.09275632018814362
81.3	15.63260982490877	-0.2761886363986965	0.09275632018814362
