-0.3407832604710565	0.17694515447535628	2.980217543169102
-0.3407832604710565	0.17694515447535628	2.980217543169102
-0.3456966485800898	0.17231648329222948	2.999695598985629
-0.3456966485800898	0.17231648329222948	2.999695598985629
-0.3456966485800898	0.17231648329222948	2.999695598985629
-0.3456966485800898	0.17231648329222948	2.999695598985629
-0.33981636007100247	0.177834178390989	2.976443976175166
-0.3456966485800898	0.17231648329222948	2.999695598985629
-0.3456966485800898	0.17231648329222948	2.999695598985629
-0.3456966485800898	0.17231648329222948	2.999695598985629
-0.33981636007100247	0.177834178390989	2.976443976175166
-0.33981636007100247	0.177834178390989	2.976443976175166
-0.33981636007100247	0.177834178390989	2.976443976175166
-0.33981636007100247	0.177834178390989	2.976443976175166
-0.33981636007100247	0.177834178390989	2.976443976175166
-0.33981636007100247	0.177834178390989	2.976443976175166
-0.33981636007100247	0.177834178390989	2.976443976175166
-0.33981636007100247	0.177834178390989	2.976443976175166
-0.33981636007100247	0.177834178390989	2.976443976175166
-0.33981636007100247	0.177834178390989	2.976443976175166
-0.33981636007100247	0.177834178390989	2.976443976175166
-0.33981636007100247	0.177834178390989	2.976443976175166
-0.33981636007100247	0.177834178390989	2.976443976175166
-0.33981636007100247	0.177834178390989	2.976443976175166
-0.33981636007100247	0.177834178390989	2.976443976175166
-0.33981636007100247	0.177834178390989	2.976443976175166
-0.3456966485800898	0.17231648329222948	2.999695598985629
-0.3456966485800898	0.17231648329222948	2.999695598985629
-0.3456966485800898	0.17231648329222948	2.999695598985629
-0.33981636007100247	0.177834178390989	2.976443976175166
-0.3456966485800898	0.17231648329222948	2.999695598985629
-0.33981636007100247	0.177834178390989	2.976443976175166
-0.3456966485800898	0.17231648329222948	2.999695598985629
-0.3456966485800898	0.17231648329222948	2.999695598985629
-0.33981636007100247	0.177834178390989	2.976443976175166
-0.33981636007100247	0.177834178390989	2.976443976175166
-0.3456966485800898	0.17231648329222948	2.999695598985629
-0.33981636007100247	0.177834178390989	2.976443976175166
-0.33981636007100247	0.177834178390989	2.976443976175166
-0.3456966485800898	0.17231648329222948	2.999695598985629
-0.3456966485800898	0.17231648329222948	2.999695598985629
-0.33981636007100247	0.177834178390989	2.976443976175166
-0.3456966485800898	0.17231648329222948	2.999695598985629
-0.33981636007100247	0.177834178390989	2.976443976175166
-0.33981636007100247	0.177834178390989	2.976443976175166
-0.33981636007100247	0.177834178390989	2.976443976175166
-0.3456966485800898	0.17231648329222948	2.999695598985629
-0.3456966485800898	0.17231648329222948	2.999695598985629
-0.33981636007100247	0.177834178390989	2.976443976175166
-0.3456966485800898	0.17231648329222948	2.999695598985629
-0.33981636007100247	0.177834178390989	2.976443976175166
-0.33981636007100247	0.177834178390989	2.976443976175166
-0.33981636007100247	0.177834178390989	2.976443976175166
-0.3456966485800898	0.17231648329222948	2.999695598985629
-0.3456966485800898	0.17231648329222948	2.999695598985629
-0.3456966485800898	0.17231648329222948	2.999695598985629
-0.3456966485800898	0.17231648329222948	2.999695598985629
-0.3456966485800898	0.17231648329222948	2.999695598985629
-0.3456966485800898	0.17231648329222948	2.999695598985629
-0.33981636007100247	0.177834178390989	2.976443976175166
-0.3456966485800898	0.17231648329222948	2.999695598985629
-0.33981636007100247	0.177834178390989	2.976443976175166
-0.3456966485800898	0.17231648329222948	2.999695598985629
-0.33981636007100247	0.177834178390989	2.976443976175166
-0.3456966485800898	0.17231648329222948	2.999695598985629
-0.3456966485800898	0.17231648329222948	2.999695598985629
-0.3456966485800898	0.17231648329222948	2.999695598985629
-0.33981636007100247	0.177834178390989	2.976443976175166
-0.33981636007100247	0.177834178390989	2.976443976175166
-0.33981636007100247	0.177834178390989	2.976443976175166
-0.33981636007100247	0.177834178390989	2.976443976175166
-0.3456966485800898	0.17231648329222948	2.999695598985629
-0.33981636007100247	0.177834178390989	2.976443976175166
-0.3456966485800898	0.17231648329222948	2.999695598985629
-0.33981636007100247	0.177834178390989	2.976443976175166
-0.3456966485800898	0.17231648329222948	2.999695598985629
-0.3456966485800898	0.17231648329222948	2.999695598985629
-0.33981636007100247	0.177834178390989	2.976443976175166
-0.3456966485800898	0.17231648329222948	2.999695598985629
-0.3456966485800898	0.17231648329222948	2.999695598985629
-0.3456966485800898	0.17231648329222948	2.999695598985629
-0.3456966485800898	0.17231648329222948	2.999695598985629
-0.3456966485800898	0.17231648329222948	2.999695598985629
-0.3456966485800898	0.17231648329222948	2.999695598985629
-0.33981636007100247	0.177834178390989	2.976443976175166
-0.33981636007100247	0.177834178390989	2.976443976175166
-0.3456966485800898	0.17231648329222948	2.999695598985629
-0.3456966485800898	0.17231648329222948	2.999695598985629
-0.33981636007100247	0.177834178390989	2.976443976175166
-0.33981636007100247	0.177834178390989	2.976443976175166
-0.33981636007100247	0.177834178390989	2.976443976175166
-0.33981636007100247	0.177834178390989	2.976443976175166
-0.3456966485800898	0.17231648329222948	2.999695598985629
-0.3456966485800898	0.17231648329222948	2.999695598985629
-0.3456966485800898	0.17231648329222948	2.999695598985629
-0.33981636007100247	0.177834178390989	2.976443976175166
-0.33981636007100247	0.177834178390989	2.976443976175166
-0.33981636007100247	0.177834178390989	2.976443976175166
-0.3456966485800898	0.17231648329222948	2.999695598985629
-0.3456966485800898	0.17231648329222948	2.999695598985629
-0.3456966485800898	0.17231648329222948	2.999695598985629
-0.3456966485800898	0.17231648329222948	2.999695598985629
-0.3456966485800898	0.17231648329222948	2.999695598985629
-0.3456966485800898	0.17231648329222948	2.999695598985629
-0.33981636007100247	0.177834178390989	2.976443976175166
-0.33981636007100247	0.177834178390989	2.976443976175166
-0.3456966485800898	0.17231648329222948	2.999695598985629
-0.33981636007100247	0.177834178390989	2.976443976175166
-0.3456966485800898	0.17231648329222948	2.999695598985629
-0.33981636007100247	0.177834178390989	2.976443976175166
-0.33981636007100247	0.177834178390989	2.976443976175166
-0.3456966485800898	0.17231648329222948	2.999695598985629
-0.3456966485800898	0.17231648329222948	2.999695598985629
-0.3456966485800898	0.17231648329222948	2.999695598985629
-0.33981636007100247	0.177834178390989	2.976443976175166
-0.3456966485800898	0.17231648329222948	2.999695598985629
-0.33981636007100247	0.177834178390989	2.976443976175166
-0.3456966485800898	0.17231648329222948	2.999695598985629
-0.3456966485800898	0.17231648329222948	2.999695598985629
-0.33981636007100247	0.177834178390989	2.976443976175166
-0.3456966485800898	0.17231648329222948	2.999695598985629
-0.33981636007100247	0.177834178390989	2.976443976175166
-0.3456966485800898	0.17231648329222948	2.999695598985629
-0.3456966485800898	0.17231648329222948	2.999695598985629
-0.3456966485800898	0.17231648329222948	2.999695598985629
-0.33981636007100247	0.177834178390989	2.976443976175166
-0.33981636007100247	0.177834178390989	2.976443976175166
-0.3456966485800898	0.17231648329222948	2.999695598985629
-0.33981636007100247	0.177834178390989	2.976443976175166
-0.33981636007100247	0.177834178390989	2.976443976175166
-0.3456966485800898	0.17231648329222948	2.999695598985629
-0.3456966485800898	0.17231648329222948	2.999695598985629
-0.3456966485800898	0.17231648329222948	2.999695598985629
-0.3456966485800898	0.17231648329222948	2.999695598985629
-0.33981636007100247	0.177834178390989	2.976443976175166
-0.33981636007100247	0.177834178390989	2.976443976175166
-0.33981636007100247	0.177834178390989	2.976443976175166
-0.3456966485800898	0.17231648329222948	2.999695598985629
-0.33981636007100247	0.177834178390989	2.976443976175166
-0.3456966485800898	0.17231648329222948	2.999695598985629
-0.33981636007100247	0.177834178390989	2.976443976175166
-0.33981636007100247	0.177834178390989	2.976443976175166
-0.33981636007100247	0.177834178390989	2.976443976175166
-0.3456966485800898	0.17231648329222948	2.999695598985629
-0.3456966485800898	0.17231648329222948	2.999695598985629
-0.3456966485800898	0.17231648329222948	2.999695598985629
-0.33981636007100247	0.177834178390989	2.976443976175166
-0.33981636007100247	0.177834178390989	2.976443976175166
-0.3456966485800898	0.17231648329222948	2.999695598985629
-0.33981636007100247	0.177834178390989	2.976443976175166
-0.33981636007100247	0.177834178390989	2.976443976175166
-0.3456966485800898	0.17231648329222948	2.999695598985629
-0.33981636007100247	0.177834178390989	2.976443976175166
-0.33981636007100247	0.177834178390989	2.976443976175166
-0.3456966485800898	0.17231648329222948	2.999695598985629
-0.33981636007100247	0.177834178390989	2.976443976175166
-0.33981636007100247	0.177834178390989	2.976443976175166
-0.3456966485800898	0.17231648329222948	2.999695598985629
-0.3456966485800898	0.17231648329222948	2.999695598985629
-0.33981636007100247	0.177834178390989	2.976443976175166
-0.33981636007100247	0.177834178390989	2.976443976175166
-0.3456966485800898	0.17231648329222948	2.999695598985629
-0.33981636007100247	0.177834178390989	2.976443976175166
-0.3456966485800898	0.17231648329222948	2.999695598985629
-0.33981636007100247	0.177834178390989	2.976443976175166
-0.3456966485800898	0.17231648329222948	2.999695598985629
-0.33981636007100247	0.177834178390989	2.976443976175166
-0.3456966485800898	0.17231648329222948	2.999695598985629
-0.33981636007100247	0.177834178390989	2.976443976175166
-0.3456966485800898	0.17231648329222948	2.999695598985629
-0.33981636007100247	0.177834178390989	2.976443976175166
-0.3456966485800898	0.17231648329222948	2.999695598985629
-0.33981636007100247	0.177834178390989	2.976443976175166
-0.3456966485800898	0.17231648329222948	2.999695598985629
-0.3456966485800898	0.17231648329222948	2.999695598985629
-0.33981636007100247	0.177834178390989	2.976443976175166
-0.3456966485800898	0.17231648329222948	2.999695598985629
-0.33981636007100247	0.177834178390989	2.976443976175166
-0.3456966485800898	0.17231648329222948	2.999695598985629
-0.33981636007100247	0.177834178390989	2.976443976175166
-0.3456966485800898	0.17231648329222948	2.999695598985629
-0.3456966485800898	0.17231648329222948	2.999695598985629
-0.3456966485800898	0.17231648329222948	2.999695598985629
-0.33981636007100247	0.177834178390989	2.976443976175166
-0.3387984108596549	0.17876265347222434	2.972491427588416
-0.33981636007100247	0.177834178390989	2.976443976175166
-0.3456966485800898	0.17231648329222948	2.999695598985629
-0.3456966485800898	0.17231648329222948	2.999695598985629
-0.3456966485800898	0.17231648329222948	2.999695598985629
-0.3456966485800898	0.17231648329222948	2.999695598985629
-0.33981636007100247	0.177834178390989	2.976443976175166
-0.3456966485800898	0.17231648329222948	2.999695598985629
-0.33981636007100247	0.177834178390989	2.976443976175166
-0.3448451466749345	0.17313229558667978	2.996282642954091
-0.3456966485800898	0.17231648329222948	2.999695598985629
-0.35142748187815215	0.16666780771007708	3.0231026944316555
-0.34677581471259084	0.17019514592616317	3.002952916455635
-0.3473464184381439	0.17064917528764456	2.996282642954091
-0.34925310654389263	0.16770053037576138	3.002952916455635
-0.34952335656185285	0.1663596745174204	3.002952916455635
-0.3564670287173468	0.16026612506325252	3.0231026944316555
-0.352541148429075	0.16118334725033664	3.002952916455635
-0.364977239523968	0.14859638326104668	3.0488363334016495
-0.36578050925551575	0.14536976527639342	3.050932766389048
-0.36570176009870536	0.14320427821444331	3.0488363334016495
-0.38287496988165504	0.1288853513852653	3.09511452223879
-0.3929276258160512	0.12756059821146906	3.096169374168216
-0.4088290100559611	0.12641469475546155	3.0971774383428823
-0.436353443779597	0.12455123515611807	3.0971774383428823
-0.4206839609551526	0.12932114341335793	3.0750244898139694
-0.4127380163441886	0.11633634463430689	3.1183410307793302
-0.39923222726982277	0.12098277459285353	3.096169374168216
-0.39709422303459263	0.12121135779375611	3.09511452223879
-0.3913656038879935	0.11449351113533161	3.118869292748152
-0.37197148577252837	0.11876967505761842	3.096169374168216
-0.35643197514703484	0.11692542544492247	3.096169374168216
-0.334765739565486	0.11649373878258239	3.09511452223879
-0.3193147440529988	0.11575740069021505	3.096169374168216
-0.28431784929982895	0.11445248635967606	3.0971774383428823
-0.09914670144389587	0.11227546795377435	3.050932766389048
-0.09107743576746144	0.11014427967204202	3.0735161953317935
-0.08837717826217292	0.10837201497307179	3.118869292748152
-0.07061279210483977	0.10814810469725578	3.117787627404723
-0.05728587292605206	0.10891409757129664	3.09511452223879
-0.04929863486081244	0.10870027007336182	3.0940095503128098
-0.04715277416097737	0.10776140110477452	3.117787627404723
-0.031718555636862336	0.10812070702202281	3.0940095503128098
-0.02229241030732816	0.10697141696030889	3.070285188804503
-0.024168187467612755	0.10649238647889414	3.09511452223879
-0.020341824405436946	0.10687495941570986	3.070285188804503
-0.020091519113085817	0.10638201786800575	3.0940095503128098
-0.01830785629595477	0.10630368171844719	3.09511452223879
-0.025815555842293836	0.10738765378115062	3.118869292748152
-0.033244444444444424	0.10695384615384615	3.141592653589793
-0.03550874540260092	0.10755446147603531	3.1183410307793302
-0.02814416801300181	0.10726078959410593	3.070285188804503
-0.0316807079441575	0.10747993764289321	3.118869292748152
-0.020596961461813272	0.10685153609586562	3.071938079861225
-0.022376895300710697	0.1064132026525556	3.096169374168216
-0.027688637580261154	0.1074285563411497	3.1183410307793302
-0.02955776070308058	0.10747137341041359	3.117787627404723
-0.02955776070308058	0.10747137341041359	3.117787627404723
-0.031288888888888866	0.10695384615384615	3.141592653589793
-0.027688637580261154	0.1074285563411497	3.1183410307793302
-0.024241636575769922	0.1078271273556225	3.096169374168216
-0.027770606542915053	0.10741841506839815	3.118869292748152
-0.027688637580261154	0.1074285563411497	3.1183410307793302
-0.027770606542915053	0.10741841506839815	3.118869292748152
-0.025858529228878976	0.10792751933824313	3.0940095503128098
-0.024241636575769922	0.1078271273556225	3.096169374168216
-0.027770606542915053	0.10741841506839815	3.118869292748152
-0.017350672752681782	0.10712746614803362	3.050932766389048
-0.027770606542915053	0.10741841506839815	3.118869292748152
-0.024077329619990148	0.1078447705954306	3.09511452223879
-0.024241636575769922	0.1078271273556225	3.096169374168216
-0.024241636575769922	0.1078271273556225	3.096169374168216
-0.024241636575769922	0.1078271273556225	3.096169374168216
-0.024241636575769922	0.1078271273556225	3.096169374168216
-0.024241636575769922	0.1078271273556225	3.096169374168216
-0.024241636575769922	0.1078271273556225	3.096169374168216
-0.024241636575769922	0.1078271273556225	3.096169374168216
-0.027770606542915053	0.10741841506839815	3.118869292748152
-0.024241636575769922	0.1078271273556225	3.096169374168216
-0.024241636575769922	0.1078271273556225	3.096169374168216
-0.024241636575769922	0.1078271273556225	3.096169374168216
-0.024241636575769922	0.1078271273556225	3.096169374168216
-0.024241636575769922	0.1078271273556225	3.096169374168216
-0.024241636575769922	0.1078271273556225	3.096169374168216
-0.025858529228878976	0.10792751933824313	3.0940095503128098
-0.025858529228878976	0.10792751933824313	3.0940095503128098
-0.024241636575769922	0.1078271273556225	3.096169374168216
-0.024241636575769922	0.1078271273556225	3.096169374168216
-0.024241636575769922	0.1078271273556225	3.096169374168216
-0.024241636575769922	0.1078271273556225	3.096169374168216
-0.025858529228878976	0.10792751933824313	3.0940095503128098
-0.024241636575769922	0.1078271273556225	3.096169374168216
-0.024241636575769922	0.1078271273556225	3.096169374168216
-0.024241636575769922	0.1078271273556225	3.096169374168216
-0.024241636575769922	0.1078271273556225	3.096169374168216
-0.024241636575769922	0.1078271273556225	3.096169374168216
-0.025858529228878976	0.10792751933824313	3.0940095503128098
-0.024241636575769922	0.1078271273556225	3.096169374168216
-0.025858529228878976	0.10792751933824313	3.0940095503128098
-0.024241636575769922	0.1078271273556225	3.096169374168216
-0.024241636575769922	0.1078271273556225	3.096169374168216
-0.024241636575769922	0.1078271273556225	3.096169374168216
-0.024241636575769922	0.1078271273556225	3.096169374168216
-0.025858529228878976	0.10792751933824313	3.0940095503128098
-0.025858529228878976	0.10792751933824313	3.0940095503128098
-0.025858529228878976	0.10792751933824313	3.0940095503128098
-0.024241636575769922	0.1078271273556225	3.096169374168216
-0.024241636575769922	0.1078271273556225	3.096169374168216
-0.025858529228878976	0.10792751933824313	3.0940095503128098
-0.025858529228878976	0.10792751933824313	3.0940095503128098
-0.025858529228878976	0.10792751933824313	3.0940095503128098
-0.024241636575769922	0.1078271273556225	3.096169374168216
-0.025858529228878976	0.10792751933824313	3.0940095503128098
-0.025858529228878976	0.10792751933824313	3.0940095503128098
-0.025858529228878976	0.10792751933824313	3.0940095503128098
-0.025858529228878976	0.10792751933824313	3.0940095503128098
-0.025858529228878976	0.10792751933824313	3.0940095503128098
-0.024241636575769922	0.1078271273556225	3.096169374168216
-0.025858529228878976	0.10792751933824313	3.0940095503128098
-0.025858529228878976	0.10792751933824313	3.0940095503128098
-0.025858529228878976	0.10792751933824313	3.0940095503128098
-0.025858529228878976	0.10792751933824313	3.0940095503128098
-0.024241636575769922	0.1078271273556225	3.096169374168216
-0.025858529228878976	0.10792751933824313	3.0940095503128098
-0.025858529228878976	0.10792751933824313	3.0940095503128098
-0.025858529228878976	0.10792751933824313	3.0940095503128098
-0.025858529228878976	0.10792751933824313	3.0940095503128098
-0.025858529228878976	0.10792751933824313	3.0940095503128098
-0.025858529228878976	0.10792751933824313	3.0940095503128098
-0.024241636575769922	0.1078271273556225	3.096169374168216
-0.025858529228878976	0.10792751933824313	3.0940095503128098
-0.025858529228878976	0.10792751933824313	3.0940095503128098
-0.025858529228878976	0.10792751933824313	3.0940095503128098
-0.025858529228878976	0.10792751933824313	3.0940095503128098
-0.025858529228878976	0.10792751933824313	3.0940095503128098
-0.025858529228878976	0.10792751933824313	3.0940095503128098
-0.025858529228878976	0.10792751933824313	3.0940095503128098
-0.0336718977728568	0.10818510291661602	3.0940095503128098
-0.043777021362104665	0.10844187722652116	3.096169374168216
-0.10189281602998963	0.10866370948723078	3.117787627404723
-0.09449216152750858	0.10875684360425752	3.09511452223879
-0.045746926277981305	0.10583191981732983	3.09511452223879
-0.0430222222222222	0.10424615384615385	3.141592653589793
-0.04106666666666664	0.10424615384615385	3.141592653589793
-0.033690115676475396	0.10346254459225288	3.1183410307793302
-0.023993804053078605	0.10329640257722823	3.118869292748152
-0.01226349984935128	0.103111834853743	3.118869292748152
-0.001955555555555537	0.10424615384615385	3.141592653589793
0.009777777777777797	0.10424615384615385	3.141592653589793
0.04106666666666668	0.10424615384615385	3.141592653589793
0.1408	0.10424615384615382	3.141592653589793
0.14862222222222224	0.10424615384615382	3.141592653589793
0.15293828435314186	0.1080336408133489	-3.118869292748152
0.15644444444444447	0.10559999999999999	3.141592653589793
0.16035555555555558	0.10559999999999999	3.141592653589793
0.16426666666666667	0.10559999999999999	3.141592653589793
0.1681777777777778	0.10559999999999999	3.141592653589793
0.17600000000000002	0.10559999999999999	3.141592653589793
0.19946666666666668	0.10559999999999999	3.141592653589793
0.21120000000000003	0.10559999999999999	3.141592653589793
0.2288	0.10559999999999999	3.141592653589793
0.2796444444444444	0.10424615384615382	3.141592653589793
0.2838010504042242	0.10895373718159174	-3.117787627404723
0.28983626636709603	0.10883343428178484	-3.118869292748152
0.2972444444444444	0.10289230769230767	3.141592653589793
0.30943120634377685	0.1077875505153686	-3.118869292748152
0.32266666666666666	0.10153846153846152	3.141592653589793
0.3363555555555555	0.10153846153846152	3.141592653589793
0.3480888888888889	0.1015384615384615	3.141592653589793
0.36764444444444444	0.1015384615384615	3.141592653589793
0.3774222222222222	0.1015384615384615	3.141592653589793
0.3838459756545779	0.10746885237146189	-3.1193740882630743
0.39557641294113544	0.10764932063740894	-3.1193740882630743
0.4190372875142505	0.10801025716930303	-3.1193740882630743
0.42826666666666663	0.1015384615384615	3.141592653589793
0.43217777777777777	0.1015384615384615	3.141592653589793
0.4393087790236821	0.0946524808606704	3.118869292748152
0.4442457763493134	0.11007256417374763	-3.1183410307793302
0.4556444444444444	0.10289230769230766	3.141592653589793
0.46346666666666664	0.10289230769230766	3.141592653589793
0.47128888888888887	0.10289230769230766	3.141592653589793
0.487340820100308	0.11058682765489446	-3.118869292748152
0.5006222222222222	0.10289230769230766	3.141592653589793
0.5123555555555556	0.10289230769230766	3.141592653589793
0.5233759591503947	0.0933297455090263	3.118869292748152
0.5408384013164353	0.09342274334361271	3.1198569467480004
0.5487916182584706	0.09292984877480831	3.118869292748152
0.560592613078194	0.09254027414092589	3.1183410307793302
0.5722522266659252	0.09256071332783788	3.118869292748152
0.5866666666666667	0.10153846153846148	3.141592653589793
0.591083701050428	0.11065712506985959	-3.1193740882630743
0.602311111111111	0.10018461538461533	3.141592653589793
0.6120888888888889	0.10018461538461533	3.141592653589793
0.6296888888888889	0.10018461538461533	3.141592653589793
0.6394666666666666	0.10018461538461533	3.141592653589793
0.6439483393591602	0.11125398191565358	-3.1198569467480004
0.653689479309426	0.11026611049364099	-3.1193740882630743
0.6785777777777777	0.09883076923076917	3.141592653589793
0.6831352160596516	0.1091354189169953	-3.1198569467480004
0.6928343829953088	0.10951415938552835	-3.1193740882630743
0.7046412460059082	0.10945908826401254	-3.1198569467480004
0.7299004058887454	0.1103407373569142	-3.118869292748152
0.7399063024180621	0.10975192022971449	-3.120319267565732
0.7436662779037247	0.1102961885379655	-3.1193740882630743
0.7558136967080685	0.08747899715293245	3.1198569467480004
0.7626666666666666	0.09883076923076917	3.141592653589793
0.7672042422132004	0.1104006718189718	-3.1198569467480004
0.7729115213024124	0.11101748567636	-3.118869292748152
0.7808898976335455	0.11060664322161913	-3.1198569467480004
0.798783254565115	0.08547813209864404	3.1198569467480004
0.8122138977726586	0.10972390863884483	-3.1198569467480004
0.821989365930048	0.10987103106930722	-3.1198569467480004
0.8316880036169307	0.1102961885379655	-3.1193740882630743
0.8415403022448269	0.110165275930232	-3.1198569467480004
-0.8454381752304233	0.15264239294413381	3.096169374168216
-0.825655146757667	0.1684148728698822	3.070285188804503
-0.8182528566635776	0.16709293710464584	3.071938079861225
-0.8157217559557425	0.15502096070716762	3.09511452223879
-0.8079079810601985	0.15476935435990502	3.09511452223879
-0.7883735438213386	0.15414033849174852	3.09511452223879
-0.7737591305463498	0.1640805949963949	3.0735161953317935
-0.7747902956017593	0.1523476432675025	3.09511452223879
-0.7675149271295886	0.14964782814727606	3.0971774383428823
-0.7450258401971214	0.15729634588616045	3.0735161953317935
-0.731501683474105	0.15530097850079735	3.0735161953317935
-0.7249692724779118	0.14156281795012457	3.0971774383428823
-0.7131303419047924	0.1403473955261609	3.096169374168216
-0.6999451158425626	0.1263772791414346	3.1183410307793302
-0.6961777777777778	0.11372307692307698	3.141592653589793
-0.6883555555555555	0.11236923076923083	3.141592653589793
-0.6785762165605876	0.12197059942043811	3.1183410307793302
-0.6651882862989738	0.12752675935506974	3.0971774383428823
-0.672711111111111	0.1069538461538462	3.141592653589793
-0.6668444444444444	0.10560000000000005	3.141592653589793
-0.657298248764919	0.11485695929940097	3.1183410307793302
-0.6433777777777777	0.1042461538461539	3.141592653589793
-0.6335999999999999	0.10289230769230776	3.141592653589793
-0.6257777777777778	0.10289230769230776	3.141592653589793
-0.616	0.10289230769230776	3.141592653589793
-0.5983999999999999	0.10289230769230776	3.141592653589793
-0.5905777777777778	0.10289230769230776	3.141592653589793
-0.5808	0.10289230769230776	3.141592653589793
-0.570413213599272	0.09373637292233919	-3.1183410307793302
-0.5475555555555556	0.10153846153846158	3.141592653589793
-0.5436444444444444	0.10153846153846158	3.141592653589793
-0.5429708991270754	0.09437562927544253	-3.118869292748152
-0.5341343371147241	0.11037165035402301	3.117787627404723
-0.5166272394491094	0.1098837064714192	3.1183410307793302
-0.5084444444444444	0.10153846153846158	3.141592653589793
-0.4990319968488449	0.10960041991792659	3.1183410307793302
-0.5006222222222222	0.10289230769230773	3.141592653589793
-0.4971160736034141	0.11074063409113215	3.118869292748152
-0.5025777777777778	0.10289230769230773	3.141592653589793
-0.5018454855445419	0.09519701028706329	-3.1193740882630743
-0.4947555555555555	0.10153846153846158	3.141592653589793
-0.4830222222222222	0.10153846153846158	3.141592653589793
-0.46975205825822386	0.1077747954620852	3.1183410307793302
-0.46201402693316945	0.10747993764289326	3.118869292748152
-0.4556444444444444	0.10018461538461543	3.141592653589793
-0.4302222222222222	0.10018461538461543	3.141592653589793
-0.4150567692449986	0.10553997931786553	3.1183410307793302
-0.4040734334420315	0.09385268739223443	-3.118869292748152
-0.37986628404446965	0.10497340621088026	3.1183410307793302
-0.37155555555555553	0.09883076923076926	3.141592653589793
-0.37155555555555553	0.09883076923076926	3.141592653589793
-0.37155555555555553	0.09883076923076926	3.141592653589793
-0.3696	0.09883076923076926	3.141592653589793
-0.36568888888888884	0.09883076923076926	3.141592653589793
-0.352	0.09883076923076926	3.141592653589793
-0.34417777777777775	0.09883076923076926	3.141592653589793
-0.33770323448952716	0.09329224168610112	-3.117787627404723
-0.32266666666666666	0.09883076923076925	3.141592653589793
-0.2972444444444444	0.09883076923076925	3.141592653589793
-0.28159999999999996	0.09883076923076925	3.141592653589793
-0.26595555555555556	0.09883076923076925	3.141592653589793
-0.2561777777777778	0.09883076923076925	3.141592653589793
-0.24639999999999995	0.09883076923076925	3.141592653589793
-0.24248888888888884	0.09883076923076925	3.141592653589793
-0.23466666666666663	0.09883076923076925	3.141592653589793
-0.21511111111111106	0.09883076923076925	3.141592653589793
-0.20867313579828398	0.09541911144474799	-3.117787627404723
-0.1955555555555555	0.0974769230769231	3.141592653589793
-0.18968888888888885	0.0974769230769231	3.141592653589793
-0.18186666666666662	0.0974769230769231	3.141592653589793
-0.16035555555555553	0.09612307692307694	3.141592653589793
-0.1525333333333333	0.09612307692307694	3.141592653589793
-0.14275555555555552	0.09612307692307694	3.141592653589793
-0.12319999999999998	0.09612307692307694	3.141592653589793
-0.1134222222222222	0.09612307692307692	3.141592653589793
-0.10677242803619989	0.09446791313718521	-3.118869292748152
-0.10105495824628029	0.09448457776291833	-3.117787627404723
-0.09058173594991312	0.09628919452783083	3.117787627404723
-0.07885172697798193	0.0960958427315902	3.117787627404723
-0.0794017182275028	0.0948985711586507	-3.118869292748152
-0.07039999999999998	0.09612307692307692	3.141592653589793
-0.0606222222222222	0.09612307692307692	3.141592653589793
-0.052799999999999986	0.09612307692307692	3.141592653589793
-0.043022222222222205	0.09612307692307692	3.141592653589793
-0.031288888888888866	0.09612307692307692	3.141592653589793
-0.021511111111111092	0.09612307692307692	3.141592653589793
-0.012974427376849937	0.09729795156395857	-3.118869292748152
-0.001955555555555538	0.09747692307692307	3.141592653589793
0.005866666666666684	0.09747692307692307	3.141592653589793
0.01564444444444446	0.09747692307692307	3.141592653589793
0.0312888888888889	0.09747692307692307	3.141592653589793
0.03715555555555557	0.09747692307692307	3.141592653589793
0.041066666666666675	0.09747692307692307	3.141592653589793
0.04693333333333335	0.09747692307692307	3.141592653589793
0.059208616715462216	0.09848051488522457	-3.117787627404723
0.07235555555555556	0.09612307692307692	3.141592653589793
0.0840888888888889	0.09612307692307692	3.141592653589793
0.09582222222222223	0.09476923076923077	3.141592653589793
0.11146666666666667	0.09341538461538461	3.141592653589793
0.12124444444444445	0.0934153846153846	3.141592653589793
0.1290666666666667	0.0934153846153846	3.141592653589793
0.13884444444444446	0.09206153846153844	3.141592653589793
0.16329116647234065	0.08816184925144015	3.118869292748152
0.1712488214592654	0.08791061669073708	3.117787627404723
0.17991111111111113	0.09070769230769228	3.141592653589793
0.18773333333333336	0.09070769230769228	3.141592653589793
0.2033777777777778	0.09070769230769228	3.141592653589793
0.20924444444444446	0.09070769230769228	3.141592653589793
0.2120785680469338	0.09406801640296723	-3.118869292748152
0.21794372014879745	0.09416030026470985	-3.118869292748152
0.23075555555555557	0.09070769230769228	3.141592653589793
0.23662222222222223	0.09070769230769228	3.141592653589793
0.24444444444444446	0.09070769230769228	3.141592653589793
0.2437026855383559	0.10020001198705626	-3.0940095503128098
0.2766210896426369	0.08647437743295637	3.1193740882630743
0.2855111111111111	0.09070769230769228	3.141592653589793
0.2903065998102874	0.09655052228166604	-3.1193740882630743
0.2981268913346591	0.09667083445896406	-3.1193740882630743
0.3196952225220383	0.08570094627163721	3.118869292748152
0.33142552672576564	0.08551637854815199	3.118869292748152
0.3312179388706118	0.09741909811774345	-3.1183410307793302
0.33911243061684454	0.09742099671294877	-3.118869292748152
0.3488876841199506	0.09757480314918644	-3.118869292748152
0.36068922352963273	0.0851810215270026	3.1193740882630743
0.36870397248677383	0.08465586145401989	3.117787627404723
0.3803017942412961	0.08474734636696357	3.118869292748152
0.3930666666666666	0.09070769230769227	3.141592653589793
0.40088888888888885	0.09070769230769227	3.141592653589793
0.4106666666666666	0.09070769230769227	3.141592653589793
0.4224	0.09070769230769227	3.141592653589793
0.43999999999999995	0.09070769230769227	3.141592653589793
0.4448008034806528	0.09757317578869926	-3.1193740882630743
0.4604144399962976	0.08213263695092295	3.118869292748152
0.4693333333333333	0.08935384615384612	3.141592653589793
0.4935472873159031	0.08042869052373056	3.1193740882630743
0.4967111111111111	0.08799999999999997	3.141592653589793
0.5045333333333333	0.08799999999999997	3.141592653589793
0.5150530890079253	0.08009783203616098	3.1193740882630743
0.5267835262944829	0.07991736377021395	3.1193740882630743
0.5279999999999999	0.08799999999999997	3.141592653589793
0.5338666666666666	0.08799999999999997	3.141592653589793
0.5397333333333333	0.08799999999999997	3.141592653589793
0.5534222222222221	0.08799999999999997	3.141592653589793
0.5583492399288026	0.09642404092504545	-3.1198569467480004
0.5736074706614235	0.07803373711724751	3.1198569467480004
0.5872931260817686	0.07782776571460018	3.1198569467480004
0.5990777768308968	0.07745096413560443	3.1193740882630743
0.6129528276152214	0.09766708701092906	-3.118869292748152
0.6207730304177064	0.0977901321599192	-3.118869292748152
0.6316444444444445	0.08799999999999994	3.141592653589793
0.6394666666666666	0.08799999999999994	3.141592653589793
0.6590222222222222	0.08799999999999994	3.141592653589793
0.6674944670078286	0.07797488814506255	3.1198569467480004
0.6714589194953594	0.07769158849020048	3.1193740882630743
0.6697895769230418	0.09810123663231661	-3.1198569467480004
0.6874279216418095	0.097012530646895	-3.1198569467480004
0.7045562419349746	0.07470877018879765	3.1198569467480004
0.7124285578702623	0.07435292557018025	3.1193740882630743
0.7167968281494447	0.0961003715780282	-3.1198569467480004
0.7435669396594624	0.07300475407565635	3.120319267565732
0.7533910806864546	0.07261963167623182	3.1198569467480004
0.7631180703805784	0.07271676688009163	3.120319267565732
0.7709869233697555	0.07235481130139954	3.1198569467480004
0.7904896533901407	0.07231358480630103	3.120319267565732
0.7989532627069825	0.09598267363365832	-3.1198569467480004
0.815864525177121	0.07058566163291272	3.120319267565732
0.8237319493841914	0.07020682381664875	3.1198569467480004
0.8374176048045365	0.0700008524140014	3.1198569467480004
0.8452379793304481	0.0698831544696315	3.1198569467480004
0.8511032602248817	0.06979488101135407	3.1198569467480004
0.8569685411193154	0.06970660755307664	3.1198569467480004
-0.842525686370804	0.07450436356856184	3.1183410307793302
-0.8350222222222222	0.06092307692307699	3.141592653589793
-0.823076344961534	0.0725351153296916	3.118869292748152
-0.815200774735768	0.07271021539644185	3.1183410307793302
-0.7970050393454859	0.08394216760548398	3.09511452223879
-0.7918914089706838	0.0704127017636698	3.1193740882630743
-0.7898308900563168	0.04551470626114922	-3.1183410307793302
-0.7801540954888045	0.06915137373246256	3.118869292748152
-0.7684165250311887	0.06789434398706712	3.1183410307793302
-0.7625514441644339	0.06779991513590292	3.1183410307793302
-0.7509652166598051	0.06572052684904678	3.1193740882630743
-0.7450666666666667	0.05415384615384622	3.141592653589793
-0.7255927152696213	0.0639760002782254	3.1193740882630743
-0.7172814422756448	0.041527737784174484	-3.118869292748152
-0.704	0.051446153846153905	3.141592653589793
-0.6957018232209117	0.04075575005970643	-3.1193740882630743
-0.6780349718036224	0.039899603141398	-3.1198569467480004
-0.6668444444444444	0.0487384615384616	3.141592653589793
-0.6531555555555555	0.04738461538461544	3.141592653589793
-0.6433777777777777	0.046030769230769285	3.141592653589793
-0.6290375629248779	0.034791015876963954	-3.118869292748152
-0.6231724108230141	0.03488329973870656	-3.118869292748152
-0.6133527243494394	0.033683609536052636	-3.118869292748152
-0.6042666666666666	0.04196923076923082	3.141592653589793
-0.5926870176578508	0.02377413779162383	-3.0971774383428823
-0.5905777777777778	0.040615384615384664	3.141592653589793
-0.5878481993004262	0.031376512992487386	-3.118869292748152
-0.5827555555555555	0.03926153846153851	3.141592653589793
-0.5651555555555555	0.03790769230769236	3.141592653589793
-0.5545021151419782	0.029386249305042942	-3.1193740882630743
-0.5427487342747322	0.028023532682505885	-3.118869292748152
-0.5303944415199537	0.011024364835287716	-3.071938079861225
-0.5107253676580434	0.011174057358033172	-3.0735161953317935
-0.5015848091603962	0.026137820517996232	-3.1193740882630743
-0.49646516518362527	0.01825807116568975	-3.096169374168216
-0.49108208428658023	0.01074428592118574	-3.0735161953317935
-0.47418866084158345	0.02503968781949483	-3.118869292748152
-0.4690268292791824	0.017766271268970835	-3.096169374168216
-0.4624139236673874	0.023870758904088435	-3.118869292748152
-0.4572421181607568	0.01644876495229222	-3.09511452223879
-0.4415884933747395	0.01727447137225192	-3.096169374168216
-0.4337743394602056	0.01752037132061138	-3.096169374168216
-0.4220531085884048	0.01788922124315057	-3.096169374168216
-0.41033187771660395	0.018258071165689758	-3.096169374168216
-0.39203209844502346	0.024978165244999764	-3.118869292748152
-0.3842118956425386	0.025101210393989916	-3.118869292748152
-0.3744366421394325	0.025255016830227597	-3.118869292748152
-0.365400492708034	0.019671995868756644	-3.096169374168216
-0.34589582589925505	0.020034155400784234	-3.09511452223879
-0.3360974155285319	0.020594120675104615	-3.096169374168216
-0.33023680009263146	0.02077854563637421	-3.096169374168216
-0.324376184656731	0.020962970597643803	-3.096169374168216
-0.31070141530629675	0.02139329550727286	-3.096169374168216
-0.3048407998703963	0.02157772046854245	-3.096169374168216
-0.29898018443449587	0.021762145429812044	-3.096169374168216
-0.2931195689985954	0.02194657039108164	-3.096169374168216
-0.28146730016758204	0.021894604161696085	-3.0940095503128098
-0.27166496439158727	0.022424415699778915	-3.09511452223879
-0.26385118949604325	0.022676022047041514	-3.09511452223879
-0.2560374146004993	0.022927628394304112	-3.09511452223879
-0.2395590006738852	0.027289937986456708	-3.1183410307793302
-0.22879999999999998	0.031138461538461556	3.141592653589793
-0.22096628541817398	0.025412241073522263	-3.09511452223879
-0.20920621162093025	0.02594244455192284	-3.096169374168216
-0.20048156275461249	0.02934626803414999	-3.118869292748152
-0.19077425827056793	0.030783805479532488	-3.1183410307793302
-0.18686420435939802	0.030846758046975294	-3.1183410307793302
-0.18012568291181327	0.029437942629723816	-3.09511452223879
-0.1723119080162693	0.029689548976986415	-3.09511452223879
-0.15758426576877702	0.03267238250281669	-3.1183410307793302
-0.15057777777777775	0.035200000000000016	3.141592653589793
-0.14695937191538186	0.03196699328672958	-3.096169374168216
-0.1380532392461394	0.03439111914274602	-3.118869292748152
-0.11411901531437688	0.03840106614011212	3.1183410307793302
-0.10486181030604731	0.036267557664845754	-3.118869292748152
-0.09511433467636511	0.03638658398194229	-3.1183410307793302
-0.088	0.037907692307692316	3.141592653589793
-0.07039999999999999	0.03790769230769231	3.141592653589793
-0.06185069489238046	0.03694430598429157	-3.118869292748152
-0.047676577312876584	0.037313441431262015	3.118869292748152
-0.04178301795773401	0.037236443642420194	3.1183410307793302
-0.029333333333333326	0.03655384615384616	3.141592653589793
-0.0203058675041795	0.036882783409796505	3.118869292748152
-0.01368888888888888	0.03655384615384615	3.141592653589793
-0.007822222222222215	0.03655384615384615	3.141592653589793
-0.0007553604979672839	0.036575170537321136	3.118869292748152
0.0031547409032751583	0.03651364796282606	3.118869292748152
0.010974943705760042	0.036390602813835916	3.118869292748152
0.020750197208866145	0.036236796377598225	3.118869292748152
0.042255754915699585	0.03589842221787533	3.118869292748152
0.04812090701756325	0.035806138356132715	3.118869292748152
0.057149586154618195	0.03475312671564619	3.09511452223879
0.06300991732627619	0.034564421955199244	3.09511452223879
0.08444614059911065	0.033934192873605246	3.096169374168216
0.09226029451364455	0.03368829292524579	3.096169374168216
0.10202798690681192	0.03338091798979647	3.096169374168216
0.10877191170728977	0.03620603509035068	3.118869292748152
0.12165216889672092	0.03411861783487484	3.096169374168216
0.12561097433825064	0.03390395529363492	3.09511452223879
0.1314198612898883	0.03381124289942552	3.096169374168216
0.13543172142894894	0.03348586518847638	3.0940095503128098
0.14791735869018285	0.03694430598429156	3.118869292748152
0.15378251079204652	0.03685202212254895	3.118869292748152
0.15967568995382136	0.03670134681915632	3.1183410307793302
0.16867759411136515	0.03387250450022709	3.09511452223879
0.18230065893793287	0.03356534295106606	3.096169374168216
0.18968888888888888	0.0406153846153846	3.141592653589793
0.19946666666666665	0.040615384615384595	3.141592653589793
0.20728888888888888	0.040615384615384595	3.141592653589793
0.22097777777777777	0.040615384615384595	3.141592653589793
0.22879999999999998	0.040615384615384595	3.141592653589793
0.23857777777777775	0.040615384615384595	3.141592653589793
0.24835555555555555	0.040615384615384595	3.141592653589793
0.2632653500268349	0.035129390036686886	3.118869292748152
0.26913050212869855	0.03503710617494428	3.118869292748152
0.27505009132992636	0.03473887272456544	3.117787627404723
0.28355555555555556	0.03926153846153844	3.141592653589793
0.2939240996502131	0.04389635690223489	-3.118869292748152
0.2978342010514555	0.04395787947672996	-3.118869292748152
0.3031111111111111	0.03926153846153844	3.141592653589793
0.30956450525518286	0.044142447200215186	-3.118869292748152
0.32324986015953144	0.044357776210947934	-3.118869292748152
0.3285333333333333	0.03926153846153843	3.141592653589793
0.3344	0.03926153846153843	3.141592653589793
0.34417777777777775	0.03926153846153843	3.141592653589793
0.3609498999137784	0.03236397569316908	3.1193740882630743
0.36683860418929093	0.03214554517367582	3.118869292748152
0.37351111111111107	0.037907692307692274	3.141592653589793
0.37937777777777776	0.037907692307692274	3.141592653589793
0.3961643646986093	0.03168412586496276	3.118869292748152
0.4078946689023366	0.03149955814147754	3.118869292748152
0.41122714168748636	0.045742034137087106	-3.118869292748152
0.41848888888888885	0.039261538461538424	3.141592653589793
0.42748960887901744	0.03254544190789379	3.118869292748152
0.43335476098088116	0.03245315804615118	3.118869292748152
0.4392199130827448	0.03236087418440857	3.118869292748152
0.44050846922633596	0.047556950084691775	-3.118869292748152
0.45493022599030086	0.03330190817724474	3.1183410307793302
0.45997692348029917	0.04938628915888192	-3.1183410307793302
0.46787066347754935	0.04917760247056818	-3.1193740882630743
0.4756909550019211	0.04929791464786621	-3.1193740882630743
0.4952416838128504	0.049598695091111276	-3.1193740882630743
0.5030256586757464	0.04989480791550456	-3.118869292748152
0.5123555555555556	0.041969230769230724	3.141592653589793
0.5201777777777777	0.041969230769230724	3.141592653589793
0.5362982143158017	0.050230334021925914	-3.1193740882630743
0.5467921345873806	0.03202250002468566	3.118869292748152
0.5539373163096624	0.04914752442624368	-3.1193740882630743
0.5642995248941701	0.030778012452730312	3.1198569467480004
0.5760079168340003	0.029055390817473374	3.1193740882630743
0.5818731354772791	0.02896515668449985	3.1193740882630743
0.5896499809376265	0.027491332512599033	3.1193740882630743
0.593580052490884	0.027223739214069932	3.118869292748152
0.602311111111111	0.036553846153846103	3.141592653589793
0.6068210776905458	0.04611116958405756	-3.118869292748152
0.6166620325894037	0.045843349332078405	-3.1198569467480004
0.6224614832955156	0.04635725988203785	-3.118869292748152
0.6307260158026872	0.02663927475636673	3.118869292748152
0.6420024880868926	0.04779401243164087	-3.1193740882630743
0.6551111111111111	0.037907692307692246	3.141592653589793
0.6615532168978219	0.04809479287488594	-3.1193740882630743
0.6693735084221936	0.04821510505218397	-3.1193740882630743
0.6850575375349613	0.047102217412177225	-3.1193740882630743
0.6929106842170409	0.046990904289685	-3.1198569467480004
0.7068938538856546	0.024569445887217767	3.1198569467480004
0.716444945552723	0.045761165375233864	-3.120319267565732
0.7301307370575041	0.04596275641212917	-3.120319267565732
0.7361777563223558	0.022774552235576697	3.1198569467480004
0.7400879435853116	0.022715703263391743	3.1198569467480004
0.7470222222222221	0.03384615384615378	3.141592653589793
0.7536035908637891	0.04519601063804393	-3.1198569467480004
0.7615514714961015	0.021038507556120585	3.1198569467480004
0.7654616587590573	0.02097965858393563	3.1198569467480004
0.769286841951079	0.04407788016652984	-3.1198569467480004
0.7869538106001516	0.042737299821804305	-3.120319267565732
0.8005683400547252	0.017742965113763217	3.1198569467480004
0.8135111111111111	0.029784615384615316	3.141592653589793
0.822042977403539	0.015790973270365997	3.1193740882630743
0.8376835604522824	0.015550348915769946	3.1193740882630743
0.8474480851747274	0.015683251087289858	3.1198569467480004
0.8552792163821188	0.015279646516849389	3.1193740882630743
-0.8503791028103613	0.015371467801129704	3.117787627404723
-0.8445606459790462	0.013921329329325023	3.117787627404723
-0.8367616998658827	-0.013165830941945773	-3.118869292748152
-0.831111111111111	-0.0013538461538460834	3.141592653589793
-0.8192852695038134	0.00944201271641723	3.117787627404723
-0.8115555555555555	-0.0040615384615383925	3.141592653589793
-0.8017485191365753	0.007198141215923652	3.118869292748152
-0.7935590809948743	-0.018193291990971205	-3.1183410307793302
-0.7778880139949026	-0.01901047551897774	-3.118869292748152
-0.7700380387664671	-0.019971821431472303	-3.1193740882630743
-0.7602192282969782	-0.021174943204452568	-3.1193740882630743
-0.7510940768898431	0.0012590513488561841	3.1183410307793302
-0.7308334982685873	-0.0223326945417117	-3.118869292748152
-0.7235555555555555	-0.012184615384615322	3.141592653589793
-0.7152091059678166	-0.021836660179591717	-3.1193740882630743
-0.7132540330867237	-0.02180658213526721	-3.1193740882630743
-0.7054622721309802	-0.02057930116860211	-3.118869292748152
-0.6995971200291164	-0.020487017306859496	-3.118869292748152
-0.6937764008977216	-0.01904123680622527	-3.118869292748152
-0.6879556817663265	-0.017595456305591048	-3.118869292748152
-0.6781804282632203	-0.017441649869353364	-3.118869292748152
-0.6703846054195786	-0.016860230530989093	-3.1198569467480004
-0.6629333333333333	-0.006769230769230712	3.141592653589793
-0.6528205580289401	-0.01546011478279633	-3.1193740882630743
-0.6335999999999999	-0.004061538461538408	3.141592653589793
-0.6274824089584747	-0.01258136648424256	-3.118869292748152
-0.6196622061559899	-0.012458321335252412	-3.118869292748152
-0.6118779713549339	-0.011205557004819641	-3.1183410307793302
-0.5943856019162738	0.00779021348004716	3.1193740882630743
-0.5865218643278778	-0.009023413297351929	-3.1193740882630743
-0.5808	4.9242105757715724e-17	3.141592653589793
-0.5747779249419732	0.009254027414092631	3.1183410307793302
-0.5670145815809728	-0.007369120859504069	-3.1193740882630743
-0.5553777777777777	0.001353846153846201	3.141592653589793
-0.549332033523088	0.009805442449789103	3.1193740882630743
-0.545414712502852	0.009935895780954399	3.118869292748152
-0.5395419739982911	0.010040934507127713	3.1183410307793302
-0.5258197725261712	0.010981779547370644	3.118869292748152
-0.5199546204243075	0.010889495685628033	3.118869292748152
-0.514089468322444	0.010797211823885423	3.118869292748152
-0.506261050010194	0.010859317883884197	3.1183410307793302
-0.4908444444444444	0.0027076923076923493	3.141592653589793
-0.48284619228632775	0.00912812227920701	3.1183410307793302
-0.4751170159502942	-0.0062952567442807065	-3.1183410307793302
-0.46339571888304776	-0.005774984510305229	-3.1193740882630743
-0.4457916116165201	0.005823112488459654	3.1183410307793302
-0.4360246985477468	0.005353891889762139	3.1193740882630743
-0.42819636901625563	0.005539825934967023	3.1183410307793302
-0.42224035666319454	-0.008152357483843502	-3.1183410307793302
-0.41052185896549026	-0.007669901302749146	-3.1193740882630743
-0.40464511406293	-0.007869070930350872	-3.1183410307793302
-0.3989192088676664	0.003568309320714289	3.118869292748152
-0.3950222222222222	-0.0027076923076922743	3.141592653589793
-0.3850493787639275	-0.00890778829315718	-3.1183410307793302
-0.3791909699795796	-0.00867468300380538	-3.118869292748152
-0.371592932029438	0.0017841546603571587	3.118869292748152
-0.3618188211942642	0.0015039022162253043	3.1193740882630743
-0.34226611445682437	0.0014479090511845788	3.1183410307793302
-0.3344	-0.004061538461538433	3.141592653589793
-0.32657777777777774	-0.004061538461538434	3.141592653589793
-0.3187555555555555	-0.004061538461538434	3.141592653589793
-0.29919999999999997	-0.004061538461538436	3.141592653589793
-0.29137777777777774	-0.004061538461538437	3.141592653589793
-0.28333557385771907	-0.008733056130201552	-3.117787627404723
-0.2774774304636025	-0.008530072888500332	-3.1183410307793302
-0.26595555555555556	-0.005415384615384593	3.141592653589793
-0.2578740067638843	-0.009667589812031233	-3.117787627404723
-0.25006158734226014	-0.009442885116421029	-3.1183410307793302
-0.24460350242999596	-0.0029223222885159657	3.118869292748152
-0.23466666666666666	-0.006769230769230749	3.141592653589793
-0.22684444444444443	-0.00676923076923075	3.141592653589793
-0.2190222222222222	-0.006769230769230751	3.141592653589793
-0.21090742322150893	-0.0102476452007531	-3.117787627404723
-0.1972224127542559	-0.010022068105139037	-3.117787627404723
-0.18940240677296843	-0.009893166907645287	-3.117787627404723
-0.17964249960480902	-0.009597521621231465	-3.118869292748152
-0.17208888888888887	-0.008123076923076908	3.141592653589793
-0.15839999999999999	-0.00812307692307691	3.141592653589793
-0.15025582921188055	-0.010602123493860905	-3.117787627404723
-0.14048082173527124	-0.010440996996993718	-3.117787627404723
-0.13072179911880982	-0.010181986078934656	-3.118869292748152
-0.11928888888888887	-0.008123076923076913	3.141592653589793
-0.11342222222222222	-0.008123076923076913	3.141592653589793
-0.10779438635697916	-0.0064291090347351615	3.118869292748152
-0.10144047157996018	-0.00836707013132999	-3.118869292748152
-0.09582222222222221	-0.006769230769230761	3.141592653589793
-0.088	-0.006769230769230762	3.141592653589793
-0.08429780257209285	-0.00538162499536403	3.117787627404723
-0.07626666666666666	-0.0067692307692307635	3.141592653589793
-0.06257777777777777	-0.006769230769230764	3.141592653589793
-0.05475555555555555	-0.006769230769230764	3.141592653589793
-0.04302222222222222	-0.006769230769230765	3.141592653589793
-0.03128888888888889	-0.006769230769230767	3.141592653589793
-0.015867544360445233	-0.006515590730330497	3.1183410307793302
-0.008052744254540068	-0.006638411670928095	3.117787627404723
0.0017222632220692616	-0.006799538167795283	3.117787627404723
0.01564444444444444	-0.0067692307692307704	3.141592653589793
0.033244444444444445	-0.006769230769230771	3.141592653589793
0.03932317886476774	-0.006152257449507336	-3.118869292748152
0.043233280266010185	-0.006090734875012263	-3.118869292748152
0.04693333333333333	-0.008123076923076927	3.141592653589793
0.06478327094331228	-0.007105857354180971	-3.118869292748152
0.07260879181556172	-0.006956258702430141	-3.1183410307793302
0.07788281802132574	-0.010733412748998555	3.1183410307793302
0.08604444444444444	-0.009476923076923084	3.141592653589793
0.09411408832699607	-0.006610019581494701	-3.1183410307793302
0.09743308757717517	-0.01104817558621259	3.1183410307793302
0.10328924566950526	-0.011182178882582773	3.117787627404723
0.11366435788284551	-0.006295256744280666	-3.1183410307793302
0.13493333333333332	-0.00947692307692309	3.141592653589793
0.14498478263925102	-0.007198141215923576	-3.118869292748152
0.1528049854417359	-0.007075096066933428	-3.118869292748152
0.15994848441274018	-0.013408896865317849	3.1183410307793302
0.176	-0.010830769230769244	3.141592653589793
0.18340880787975952	-0.01378661226997469	3.1183410307793302
0.18927388874651435	-0.0138810411211389	3.1183410307793302
0.19582095576056624	-0.006326733028002064	-3.1183410307793302
0.2053333333333333	-0.009476923076923093	3.141592653589793
0.2112	-0.009476923076923095	3.141592653589793
0.21706666666666666	-0.009476923076923095	3.141592653589793
0.22293333333333332	-0.009476923076923096	3.141592653589793
0.23857777777777775	-0.009476923076923098	3.141592653589793
0.24665165660577476	-0.005508349651245574	-3.1183410307793302
0.25837374275243624	-0.005504282111384717	-3.1193740882630743
0.2679111111111111	-0.0094769230769231	3.141592653589793
0.2776888888888889	-0.009476923076923102	3.141592653589793
0.29333333333333333	-0.009476923076923102	3.141592653589793
0.3031111111111111	-0.009476923076923102	3.141592653589793
0.3128888888888889	-0.009476923076923103	3.141592653589793
0.3207111111111111	-0.009476923076923105	3.141592653589793
0.3304888888888889	-0.009476923076923105	3.141592653589793
0.3344	-0.009476923076923105	3.141592653589793
0.34176599128213986	-0.016336191251408373	3.1183410307793302
0.35004444444444444	-0.01083076923076926	3.141592653589793
0.3659537666396094	-0.0049417765442603045	-3.1183410307793302
0.37104592987276086	-0.01816181570724977	3.1183410307793302
0.378879939186299	-0.018149159476046683	3.118869292748152
0.3874999354572197	-0.006090734875012235	-3.118869292748152
0.40620621602452733	-0.019933314136403812	3.118869292748152
0.4140264188270122	-0.020056359285393958	3.118869292748152
0.4218466216294971	-0.020179404434384107	3.118869292748152
0.4302222222222222	-0.013538461538461574	3.141592653589793
0.4501012232916159	-0.0066171697513914725	-3.1193740882630743
0.4579261936500524	-0.006336825172992521	-3.118869292748152
0.46873958475803507	-0.02210736257851229	3.1193740882630743
0.4745714270324566	-0.022537019144524852	3.1183410307793302
0.4902453864500573	-0.02243822106608186	3.1193740882630743
0.49611060509333604	-0.022528455199055376	3.1193740882630743
0.5039308966177078	-0.022648767376353404	3.1193740882630743
0.5087534097244036	-0.005714828421656279	-3.1193740882630743
0.5204838470109612	-0.00553436015570924	-3.1193740882630743
0.526345207222219	-0.005620076843662944	-3.1198569467480004
0.5313019169530088	-0.02306985999689649	3.1193740882630743
0.5371671355962876	-0.023160094129870013	3.1193740882630743
0.5527642725810067	-0.02475423047906886	3.1193740882630743
0.5645120350715045	-0.024745992803772772	3.1198569467480004
0.5749333333333333	-0.016246153846153893	3.141592653589793
0.5847111111111111	-0.016246153846153896	3.141592653589793
0.6035961674894227	-0.025536259631506027	3.1193740882630743
0.6143707913674459	-0.005444126022735725	-3.1193740882630743
0.6238222222222222	-0.014892307692307745	3.141592653589793
0.631010633888748	-0.02460384025744632	3.1193740882630743
0.6433777777777777	-0.013538461538461593	3.141592653589793
0.6492444444444444	-0.013538461538461593	3.141592653589793
0.6553838758063731	-0.003458975097318297	-3.1193740882630743
0.6622917999862348	-0.025085088966638424	3.1193740882630743
0.6779250582170775	-0.026235633515945902	3.120319267565732
0.6837302445561885	-0.02789441281566777	3.1198569467480004
0.6922666666666666	-0.017600000000000057	3.141592653589793
0.6993284915725444	-0.029483335064661498	3.1198569467480004
0.7215999999999999	-0.018953846153846213	3.141592653589793
0.7286332036405676	-0.03104501968187671	3.120319267565732
0.7352744438565051	-0.04245888433260671	3.0981417581982624
0.7470222222222221	-0.018953846153846217	3.141592653589793
0.7665777777777777	-0.018953846153846217	3.141592653589793
0.7763555555555555	-0.018953846153846217	3.141592653589793
0.7853730808822743	-0.03052664272986021	3.120319267565732
0.7923693156749508	-0.005414047978411233	-3.1193740882630743
0.8096	-0.01760000000000007	3.141592653589793
0.8166964881865302	-0.02963388242360958	3.120319267565732
0.8216519628273204	-0.0036093653189408397	-3.1193740882630743
0.8252444444444444	-0.016246153846153917	3.141592653589793
0.8372490998120394	-0.002015228969741993	-3.1193740882630743
0.8450679711885803	-0.0021774119708431604	-3.1198569467480004
0.8528868790958299	-0.0023326962840742515	-3.120319267565732
-0.8506666666666666	-0.058215384615384544	3.141592653589793
-0.8328414830791856	-0.044822228019278355	3.1183410307793302
-0.8250106310258276	-0.043278577058526294	3.117787627404723
-0.8171440773898896	-0.04205401568233567	3.117787627404723
-0.8096	-0.05415384615384609	3.141592653589793
-0.7998222222222222	-0.05279999999999993	3.141592653589793
-0.795545965632048	-0.03970156882807475	3.117787627404723
-0.7876632674980089	-0.04042033144326315	3.118869292748152
-0.7803318273706792	-0.0637373871768961	-3.118869292748152
-0.7763772929989681	-0.06502936124129265	-3.118869292748152
-0.774022345564129	-0.04198915709288752	3.118869292748152
-0.7646025558247721	-0.06619829015669902	-3.118869292748152
-0.7567823530222872	-0.06607524500770888	-3.118869292748152
-0.7352888888888889	-0.05550769230769225	3.141592653589793
-0.7212915549312168	-0.04577878346189903	3.1193740882630743
-0.7077652236649024	-0.06827205939172397	-3.1183410307793302
-0.703773819253171	-0.0471570533504737	3.118869292748152
-0.6901245153214848	-0.06934225303825169	-3.1183410307793302
-0.6803576438161849	-0.0702895413606214	-3.118869292748152
-0.6681101596926483	-0.08065518306190239	-3.096169374168216
-0.6609777777777778	-0.060923076923076865	3.141592653589793
-0.6412639049984797	-0.0708037163398884	-3.1193740882630743
-0.6373103131722697	-0.07209707224584216	-3.1193740882630743
-0.6314450945289908	-0.07200683811286865	-3.1193740882630743
-0.6255273582578534	-0.07213521859547362	-3.118869292748152
-0.6138059925351302	-0.07308964770855089	-3.1193740882630743
-0.6079842199558758	-0.07164590158097457	-3.1193740882630743
-0.6039669320462878	-0.07201773715457095	-3.1183410307793302
-0.5962015977485351	-0.07167379928676056	-3.118869292748152
-0.5805066085792686	-0.07164002174991412	-3.1183410307793302
-0.5703444385574004	-0.07893388342338617	-3.096169374168216
-0.5668668856333271	-0.07006620756384395	-3.1183410307793302
-0.5610018047665724	-0.06997177871267973	-3.1183410307793302
-0.5533290714133223	-0.0680966923506828	-3.1193740882630743
-0.5319129738683843	-0.06623451819416458	-3.1198569467480004
-0.5198188297236528	-0.07327818461111861	-3.096169374168216
-0.5123121495036973	-0.06493707737955001	-3.118869292748152
-0.5121344176218225	-0.0488181628618407	3.118869292748152
-0.5023147311482479	-0.04761847265918676	3.118869292748152
-0.49285050843842243	-0.06192247122929141	-3.118869292748152
-0.4888888888888889	-0.054153846153846115	3.141592653589793
-0.48862034166677626	-0.04630161335418433	3.1183410307793302
-0.48068725236471405	-0.04541784693000494	3.1193740882630743
-0.4728669608403424	-0.04553815910730296	3.1193740882630743
-0.4636136138700414	-0.058754058642795134	-3.118869292748152
-0.4556444444444444	-0.05144615384615381	3.141592653589793
-0.43574368237967653	-0.04444451261462153	3.1183410307793302
-0.42792357455733676	-0.044570417749507145	3.1183410307793302
-0.42006930281075056	-0.04484995680690847	3.118869292748152
-0.41423838586824213	-0.04479075173555697	3.1183410307793302
-0.3911111111111111	-0.05279999999999997	3.141592653589793
-0.3795448153161734	-0.058652186432787766	-3.1193740882630743
-0.3751567628497203	-0.048395573318131074	3.1193740882630743
-0.36932685053553616	-0.04835674355312765	3.118869292748152
-0.35008622227916414	-0.05980493907066643	-3.1183410307793302
-0.34591067509855017	-0.05007937563898972	3.118869292748152
-0.3380538241729791	-0.05032056815489949	3.1193740882630743
-0.3285354600245766	-0.06081218014975134	-3.1183410307793302
-0.3185030953620498	-0.05062134859814455	3.1193740882630743
-0.3146298638886106	-0.050571556234950306	3.118869292748152
-0.30507513655755736	-0.06043446474509449	-3.1183410307793302
-0.30098321967377495	-0.050676816791459404	3.1183410307793302
-0.28339348564913974	-0.05241723346980252	3.118869292748152
-0.2718396783126133	-0.059899367921830635	-3.1183410307793302
-0.2621535503225492	-0.05955452776252296	-3.1193740882630743
-0.25433325879817753	-0.05943421558522493	-3.1193740882630743
-0.23469416615649938	-0.05930131853112397	-3.1183410307793302
-0.22869268806028517	-0.05319491948917168	3.1183410307793302
-0.21887681252863947	-0.05343235594897123	3.118869292748152
-0.2110566097261546	-0.05355540109796137	3.118869292748152
-0.1975111111111111	-0.055507692307692286	3.141592653589793
-0.1914616697494737	-0.05250951733154513	3.118869292748152
-0.18958859739157052	-0.05239833678120912	3.117787627404723
-0.1819539040988591	-0.057097978670625736	-3.1183410307793302
-0.17404444444444445	-0.054153846153846136	3.141592653589793
-0.16817777777777776	-0.05415384615384614	3.141592653589793
-0.15466798792646258	-0.05654672333007232	-3.1193740882630743
-0.14489262352099797	-0.05639633310844979	-3.1193740882630743
-0.1308958745378849	-0.05341525347522151	3.1183410307793302
-0.12307576671554513	-0.05354115861010712	3.1183410307793302
-0.11525565889320535	-0.05366706374499274	3.1183410307793302
-0.1037509860443307	-0.05715447170592319	-3.118869292748152
-0.08784794145710881	-0.05552406982303911	3.1193740882630743
-0.08000628042039822	-0.05575781329050717	3.096169374168216
-0.06847159999091586	-0.05710323048973099	3.117787627404723
-0.06251718944941043	-0.057246755567665786	3.118869292748152
-0.04491848673775239	-0.058972297853390365	-3.117787627404723
-0.035190485200528955	-0.0587976979915815	-3.1183410307793302
-0.03332812072977278	-0.05903674845213724	3.117787627404723
-0.025415659108075882	-0.05918471666426061	3.118869292748152
-0.013730654432247745	-0.05936427109856677	3.1183410307793302
-0.0019994836710898753	-0.058261878046834505	-3.118869292748152
-8.250190654103385e-18	-0.058231124884596246	3.1183410307793302
0.007822222222222211	-0.05821538461538461	3.141592653589793
0.015644444444444433	-0.05821538461538461	3.141592653589793
0.03523534558165063	-0.05878481993004263	3.118869292748152
0.04888888888888888	-0.05821538461538461	3.141592653589793
0.0567111111111111	-0.05821538461538461	3.141592653589793
0.06648888888888888	-0.05821538461538463	3.141592653589793
0.07815351215822411	-0.0595201279427388	3.117787627404723
0.08995555555555554	-0.05821538461538463	3.141592653589793
0.0957963208236622	-0.059773462786945016	3.1183410307793302
0.10170706940277215	-0.05983070369645888	3.118869292748152
0.11146666666666664	-0.05686153846153847	3.141592653589793
0.11730008971931198	-0.054944135431710686	-3.117787627404723
0.12312123245869827	-0.05489463881012747	-3.1183410307793302
0.1308995310006845	-0.05481661387511039	-3.118869292748152
0.14080808341519654	-0.06044592944140963	3.118869292748152
0.14862828621768143	-0.06056897459039976	3.118869292748152
0.15840353972078755	-0.06072278102663745	3.118869292748152
0.1661772912247201	-0.060906609000915546	3.1183410307793302
0.19163669419619345	-0.055073036629204423	-3.117787627404723
0.20132578919351712	-0.05506270417309067	-3.118869292748152
0.20332527286460697	-0.06278378727222242	3.118869292748152
0.20914241850443574	-0.06295256744280676	3.1183410307793302
0.23269367345776132	-0.05583892732176957	-3.1183410307793302
0.24246880823568603	-0.05568154590316255	-3.1183410307793302
0.24624246491739651	-0.06490409703353377	3.1183410307793302
0.2620444444444444	-0.06092307692307694	3.141592653589793
0.2657927344732459	-0.0652188598707478	3.1183410307793302
0.2736128422955857	-0.06534476500563341	3.1183410307793302
0.2814329501179255	-0.06547067014051904	3.1183410307793302
0.28930307072147204	-0.06549078055000565	3.118869292748152
0.29902819271819	-0.06575395669401166	3.1183410307793302
0.31081314202975097	-0.054802196759250965	-3.1193740882630743
0.3187148595034988	-0.05445397083802782	-3.1183410307793302
0.3284087979595873	-0.0545314943603304	-3.1193740882630743
0.3460044538894236	-0.05426079196140985	-3.1193740882630743
0.3539053447040278	-0.05388739773104255	-3.1183410307793302
0.36555518270035287	-0.05396001151816478	-3.1193740882630743
0.3753697345192744	-0.05367844624695151	-3.118869292748152
0.39492024152548666	-0.05337083337447614	-3.118869292748152
0.39682500624059025	-0.06597429068006151	3.1183410307793302
0.40675555555555554	-0.059569230769230805	3.141592653589793
0.4126222222222222	-0.059569230769230805	3.141592653589793
0.4224	-0.059569230769230805	3.141592653589793
0.42624134206067066	-0.05272277523335062	-3.1183410307793302
0.42816096095935086	-0.06752520950851719	3.1193740882630743
0.43608888888888886	-0.06092307692307696	3.141592653589793
0.4496233165873487	-0.06920957999068955	3.1193740882630743
0.45939868099281334	-0.06935997021231209	3.1193740882630743
0.4670695794121888	-0.07116787749409306	3.1183410307793302
0.4791111111111111	-0.06363076923076927	3.141592653589793
0.49866666666666665	-0.06498461538461542	3.141592653589793
0.5022258652073106	-0.07425774741555363	3.118869292748152
0.510151931709326	-0.07403200700867084	3.1198569467480004
0.517877083169504	-0.07567635952045847	3.1193740882630743
0.5346860027449524	-0.08692137356937586	3.0971774383428823
0.5432061384956635	-0.07877439808588264	3.1193740882630743
0.5490137831108137	-0.07905650822616936	3.118869292748152
0.5573333333333333	-0.07040000000000005	3.141592653589793
0.5749333333333333	-0.07040000000000005	3.141592653589793
0.5827555555555555	-0.07040000000000005	3.141592653589793
0.5905777777777778	-0.07040000000000005	3.141592653589793
0.5933331781813411	-0.08968116150585216	3.0981417581982624
0.6089628567476069	-0.09015162005801401	3.0981417581982624
0.618731405851523	-0.09044565665311516	3.0981417581982624
0.6296888888888889	-0.07040000000000006	3.141592653589793
0.635094563907031	-0.08018806616913444	3.1193740882630743
0.6551111111111111	-0.06904615384615391	3.141592653589793
0.6668444444444444	-0.06904615384615391	3.141592653589793
0.6714398926967712	-0.09112918556789339	3.0971774383428823
0.6853636855934514	-0.09065445729537193	3.099065118970009
0.6969238715544593	-0.09055812536809457	3.0971774383428823
0.7036636991901694	-0.07829855749207995	3.1198569467480004
0.7036524529373562	-0.07718026173668377	3.1193740882630743
0.7075625986995421	-0.0772404178253328	3.1193740882630743
0.7166337972808485	-0.08845421936883582	3.0971774383428823
0.7290684003915643	-0.07757127631290235	3.1193740882630743
0.7409046580293531	-0.07726696457001415	3.120319267565732
0.7548444444444444	-0.06633846153846161	3.141592653589793
0.7720365577115844	-0.07958650528264431	3.1193740882630743
0.7818674444492846	-0.07947553693577902	3.1198569467480004
0.7895738852281613	-0.08013315327983316	3.118869292748152
0.8037333333333333	-0.06769230769230776	3.141592653589793
0.8291246858394978	-0.053599074986270735	-3.1193740882630743
0.8346974745346543	-0.07891647170002197	3.1198569467480004
0.8448	-0.06498461538461545	3.141592653589793
0.8483712922022572	-0.07805252502209446	3.1193740882630743
-0.8556105731081394	-0.06491592751513782	3.070285188804503
-0.8452959853569004	-0.08120594857900305	3.09511452223879
-0.8271999999999999	-0.10830769230769223	3.141592653589793
-0.8200829326416277	-0.08472843744067941	3.09511452223879
-0.7956856085959995	-0.10063960994324479	3.117787627404723
-0.7911965813699449	-0.08912391811702174	3.0940095503128098
-0.7781836904474038	-0.10363656278497445	3.117787627404723
-0.7372444444444444	-0.11913846153846148	3.141592653589793
-0.7174039612133677	-0.13072100629498826	-3.1183410307793302
-0.7114343536785571	-0.13089916605490262	-3.117787627404723
-0.7058177358947295	-0.10941789873948797	3.118869292748152
-0.6901841730898273	-0.13114027325484856	-3.1193740882630743
-0.6763586764740052	-0.13251962546238813	-3.118869292748152
-0.4064728138473393	-0.1309815611000113	-3.118869292748152
-0.39023445553908603	-0.1358988783152102	-3.09511452223879
-0.3845806886800718	-0.1354293965589717	-3.096169374168216
-0.3774222222222222	-0.12184615384615381	3.141592653589793
-0.3634614497386117	-0.13179468295356606	-3.0971774383428823
-0.3637333333333333	-0.12049230769230765	3.141592653589793
-0.34203878574105867	-0.12467755982047879	-3.1183410307793302
-0.33440435479493896	-0.12431255719318558	-3.1193740882630743
-0.33227549765774883	-0.11405594407852888	3.1193740882630743
-0.3148075957704853	-0.12276829740491899	-3.118869292748152
-0.29530152173474167	-0.12110718789355199	-3.118869292748152
-0.2872921245030133	-0.12119935094349793	-3.117787627404723
-0.28355555555555556	-0.11643076923076921	3.141592653589793
-0.27573333333333333	-0.11643076923076921	3.141592653589793
-0.2659291317027054	-0.11353495538310195	3.1183410307793302
-0.2600640508359506	-0.11362938423426615	3.1183410307793302
-0.25411215811029014	-0.11381676281588578	3.118869292748152
-0.24053333333333335	-0.11778461538461536	3.141592653589793
-0.22293333333333334	-0.11778461538461536	3.141592653589793
-0.21511111111111111	-0.11778461538461536	3.141592653589793
-0.21101753296596315	-0.11456727083204547	3.1193740882630743
-0.20319724144159143	-0.11468758300934351	3.1193740882630743
-0.1838179995681378	-0.11485695929940089	3.1183410307793302
-0.17013333333333336	-0.11643076923076921	3.141592653589793
-0.16413539291124526	-0.11387828539038082	3.118869292748152
-0.14862222222222224	-0.11643076923076921	3.141592653589793
-0.13298729872292922	-0.11724915686222759	-3.1183410307793302
-0.13680642114779284	-0.11290542970867391	3.1183410307793302
-0.1290666666666667	-0.11507692307692306	3.141592653589793
-0.12694499662897338	-0.11310925320919243	3.118869292748152
-0.1113456049820355	-0.11196114119703178	3.1183410307793302
-0.10343995525105008	-0.11212489201727127	3.118869292748152
-0.10106763676439182	-0.1107255671609891	3.0971774383428823
-0.09557531947809654	-0.11089444052736977	3.118869292748152
-0.09518155318696973	-0.10804505707518453	3.071938079861225
-0.08713104249418785	-0.10851728780397672	3.0735161953317935
-0.07983469441311904	-0.10870765276309118	3.070285188804503
-0.07008176490366294	-0.10918994048608625	3.070285188804503
-0.046654618992097344	-0.1103099760696666	3.118869292748152
-0.038834416189612454	-0.11043302121865675	3.118869292748152
-0.031014213387127572	-0.11055606636764688	3.118869292748152
-0.021238959884021465	-0.11070987280388457	3.118869292748152
-0.015198198435478961	-0.11190829603455885	3.071938079861225
-0.009090006977765177	-0.11220104297695471	3.0735161953317935
0.00013639722945939865	-0.11240180916913146	3.1183410307793302
0.006087316954206964	-0.1124940274642417	3.118869292748152
0.017937035121998252	-0.114404950974238	3.096169374168216
0.03341359379243539	-0.11427818212459884	3.118869292748152
0.035250746819006425	-0.11705928131372463	3.071938079861225
0.04500481447162724	-0.11753040801608736	3.071938079861225
0.06651638223304118	-0.11617896321569987	3.1183410307793302
0.07228850767225851	-0.11630110543873542	3.117787627404723
0.08215659787772073	-0.1164307734854711	3.1183410307793302
0.09388675961123037	-0.11661963118779953	3.1183410307793302
0.1037509860443307	-0.11673908510440177	3.118869292748152
0.11161808489283079	-0.11870820007052854	3.096169374168216
0.11552516185009773	-0.11883115004470826	3.096169374168216
0.11943223880736469	-0.11895410001888798	3.096169374168216
0.12136267852752773	-0.12107275335187674	3.0735161953317935
0.14287470055096638	-0.11969179986396636	3.096169374168216
0.15477067227880442	-0.11995269775773822	3.0971774383428823
0.16233422217364965	-0.12300672481769019	3.0735161953317935
0.1698568804251738	-0.12356082980633021	3.071938079861225
0.18581849226687583	-0.11674553632268511	3.1183410307793302
0.18972854617804571	-0.11680848889012793	3.1183410307793302
0.19393004013167445	-0.11980241875779117	3.0971774383428823
0.19730437312208357	-0.12352942135950605	3.071938079861225
0.22709257665494945	-0.11589070478232376	3.1193740882630743
0.23686794106041406	-0.11604109500394628	3.1193740882630743
0.2466433054658787	-0.11619148522556882	3.1193740882630743
0.2522668139241612	-0.12061379271900742	3.09511452223879
0.2758406637100895	-0.11548648497382899	3.1183410307793302
0.2878237841819175	-0.11537340996860024	3.1198569467480004
0.30134440571848004	-0.11578548519972814	3.118869292748152
0.32227233480922085	-0.10461913792887229	-3.118869292748152
0.33079833148092314	-0.114777817142317	3.1193740882630743
0.33462470059950944	-0.11495493044404467	3.118869292748152
0.34417777777777775	-0.1096615384615385	3.141592653589793
0.3539555555555555	-0.1096615384615385	3.141592653589793
0.37351111111111107	-0.11101538461538465	3.141592653589793
0.388788491600811	-0.10492675080134764	-3.118869292748152
0.40051879580453836	-0.10474218307786241	-3.118869292748152
0.4084187707446405	-0.10446978567133776	-3.1183410307793302
0.42984455631385665	-0.10428076376914938	-3.118869292748152
0.4380444444444444	-0.11101538461538465	3.141592653589793
0.4478222222222222	-0.11101538461538465	3.141592653589793
0.45759999999999995	-0.11101538461538465	3.141592653589793
0.475386832553751	-0.11971061641153607	3.1193740882630743
0.4922585747777568	-0.10363304001770204	-3.1198569467480004
0.4967111111111111	-0.11101538461538465	3.141592653589793
0.5025777777777778	-0.11101538461538465	3.141592653589793
0.5285646381471092	-0.09215108276753323	-3.0971774383428823
0.5343386912784082	-0.09061823696807329	-3.0971774383428823
0.5371236895322633	-0.09736262947842776	-3.1193740882630743
0.5468311883172698	-0.09739504896609703	-3.1198569467480004
0.5653362396674871	-0.0855989183698417	-3.0971774383428823
0.5702073078240706	-0.09433490241247948	-3.1198569467480004
0.5834160683005132	-0.07483695694742365	-3.0750244898139694
0.5888142569008441	-0.08311418254549689	-3.096169374168216
0.6083496416871789	-0.08249943267459825	-3.096169374168216
0.6178819667990085	-0.08303593445656608	-3.0981417581982624
0.6237430962613583	-0.08285951249950539	-3.0981417581982624
0.6315579355444911	-0.08262428322342448	-3.0981417581982624
0.6433777777777777	-0.10289230769230776	3.141592653589793
0.6523212403461416	-0.09309907399659546	-3.1198569467480004
0.6629022365822743	-0.0830359344565661	-3.0981417581982624
0.6687633660446239	-0.08285951249950539	-3.0981417581982624
0.67586736799481	-0.09545303288399358	-3.1198569467480004
0.6779323830349782	-0.09655052228166609	-3.1193740882630743
0.6847679702254088	-0.08598964376970403	-3.0971774383428823
0.6844444444444444	-0.10966153846153852	3.141592653589793
0.6961777777777778	-0.11101538461538467	3.141592653589793
0.7083472258917972	-0.08979877614389266	-3.0981417581982624
0.712466059682317	-0.09055812536809445	-3.0971774383428823
0.7118222222222221	-0.11372307692307698	3.141592653589793
0.7235555555555555	-0.11643076923076928	3.141592653589793
0.7361700672739655	-0.09389431916691904	-3.0971774383428823
0.7333333333333333	-0.11778461538461545	3.141592653589793
0.7392	-0.1191384615384616	3.141592653589793
0.7546495704397913	-0.10729536991940795	-3.118869292748152
0.7587555555555555	-0.12049230769230775	3.141592653589793
0.7646222222222222	-0.1218461538461539	3.141592653589793
0.7664392055747961	-0.1347641463035423	3.1198569467480004
0.7841777777777778	-0.12320000000000006	3.141592653589793
0.7938030357877524	-0.11101806160175376	-3.1193740882630743
0.801623327312124	-0.11089774942445572	-3.1193740882630743
0.8037333333333333	-0.12455384615384622	3.141592653589793
0.8135111111111111	-0.12455384615384622	3.141592653589793
0.8213333333333332	-0.12455384615384622	3.141592653589793
0.8309928665925421	-0.11180009075419091	-3.1193740882630743
0.8367800742725328	-0.11198959406796533	-3.1198569467480004
0.8427601508791523	-0.10997160190994362	-3.118869292748152
0.8502023091285209	-0.09595637068727278	-3.09511452223879
0.8526645470939538	-0.11085947126678261	-3.1183410307793302
0.8584449894545907	-0.11107900825085494	-3.118869292748152
-0.8458451797052381	-0.18605380670993352	-3.1152829363368713
-0.8508382976676142	-0.15553704421838035	3.115957245068116
-0.852677133413497	-0.13975151148113069	3.0890095919788516
-0.8470283958062732	-0.15385766557942457	3.1152829363368713
-0.8430671940767206	-0.15257551836626268	3.1152829363368713
-0.8515165856601308	-0.12185889239945108	3.0628086926006493
-0.8510107166919071	-0.12169492475348062	3.064820762320015
-0.8509373168648358	-0.14930764047311731	3.1145722044025286
0.8168112961254524	-0.1442089146164521	3.118869292748152
0.8225662251265763	-0.14460204741612717	3.1183410307793302
-0.7626666666666666	-0.17464615384615376	3.141592653589793
-0.7528888888888888	-0.17599999999999993	3.141592653589793
-0.7450666666666667	-0.17735384615384608	3.141592653589793
-0.7411555555555555	-0.18006153846153838	3.141592653589793
-0.7309982184161561	-0.191879425565675	-3.1183410307793302
-0.7333333333333333	-0.18141538461538453	3.141592653589793
-0.7350399872668699	-0.15929826861063157	3.09511452223879
-0.41697460311537404	-0.22468879791979898	-3.046640947247037
-0.3991201907906434	-0.2303329842949459	-3.0284416719993086
-0.4101088322666454	-0.21411634952246922	-3.0940095503128098
-0.377411677614597	-0.22574377360880166	-3.0529367717223557
-0.3755996562606875	-0.22171222613189756	-3.071938079861225
-0.36277069867596895	-0.22810550858294112	-3.050932766389048
-0.3549806007053771	-0.2276152226966801	-3.050932766389048
-0.32156176607332626	-0.2224395711915	-3.0750244898139694
-0.30593839302687864	-0.22724750828198437	-3.050932766389048
-0.30524957464405306	-0.22769104042721142	-3.0488363334016495
-0.3132726795020035	-0.2224067185685464	-3.0735161953317935
-0.29675676943052925	-0.23045527417245848	-3.0284416719993086
-0.3002728672300846	-0.22553150768007077	-3.050932766389048
-0.28743910733278144	-0.22956433971512824	-3.0231026944316555
-0.2844063646604176	-0.21697317968840388	-3.0735161953317935
-0.2657485694058709	-0.2192803626302427	-3.050932766389048
-0.25876442353252216	-0.21708321996842678	-3.0529367717223557
-0.270121093272865	-0.20907643109262947	-3.096169374168216
-0.2702098904764392	-0.20772398137665243	-3.096169374168216
-0.27007495205819165	-0.2052164269860556	-3.09511452223879
-0.266569205129895	-0.2035436822545417	-3.096169374168216
-0.26275092537620226	-0.20206828256438492	-3.096169374168216
-0.2569791071438762	-0.2005314078871383	-3.096169374168216
-0.2617190896823064	-0.19496588331145148	-3.1193740882630743
-0.2617625357463307	-0.19361237131684866	-3.1193740882630743
-0.25303910562895326	-0.19653600800549603	-3.09511452223879
-0.25384556028747807	-0.1922272840098568	-3.118869292748152
-0.23810409689298476	-0.19071480306798305	-3.1183410307793302
-0.2286566349598238	-0.18904050857952368	-3.1193740882630743
-0.2288	-0.18547692307692304	3.141592653589793
-0.21892471661838345	-0.18753660636329839	-3.1193740882630743
-0.21706666666666669	-0.18412307692307692	3.141592653589793
-0.20924444444444446	-0.18412307692307692	3.141592653589793
-0.1935522152281997	-0.18579207979247697	-3.1193740882630743
-0.1955507341733169	-0.181160060966503	3.1193740882630743
-0.18186666666666668	-0.18412307692307692	3.141592653589793
-0.17991111111111113	-0.18412307692307692	3.141592653589793
-0.17795555555555556	-0.18412307692307692	3.141592653589793
-0.1720888888888889	-0.18412307692307692	3.141592653589793
-0.16263096325877538	-0.182908684705075	3.1183410307793302
-0.14471111111111112	-0.18547692307692307	3.141592653589793
-0.13493333333333335	-0.18547692307692307	3.141592653589793
-0.1247579992122112	-0.1875356984121213	-3.1183410307793302
-0.1255309168458146	-0.18486021429580202	3.1183410307793302
-0.11756963986008528	-0.1850291427939332	3.118869292748152
-0.10168888888888891	-0.18683076923076922	3.141592653589793
-0.09191111111111114	-0.18683076923076922	3.141592653589793
-0.08061076261051406	-0.1869376490214146	3.1183410307793302
-0.07251148085653539	-0.1871155137427553	3.1193740882630743
-0.06062222222222225	-0.18683076923076922	3.141592653589793
-0.05084444444444448	-0.18683076923076922	3.141592653589793
-0.03324444444444448	-0.18683076923076922	3.141592653589793
-0.0336446499333223	-0.18633959963070798	3.1183410307793302
-0.02973459602215241	-0.18640255219815077	3.1183410307793302
-0.01760000000000003	-0.18547692307692307	3.141592653589793
-0.0058666666666667	-0.18547692307692307	3.141592653589793
-0.0019555555555555884	-0.18547692307692307	3.141592653589793
-0.0021772155529645727	-0.18549056210264628	3.118869292748152
0.0017328858482778694	-0.18555208467714138	3.118869292748152
0.017373291453247636	-0.18579817497512166	3.118869292748152
0.03128888888888885	-0.18547692307692307	3.141592653589793
0.03663300420995969	-0.1861333291809742	3.117787627404723
0.04851194794439844	-0.18630812334698657	3.1183410307793302
0.06429450826815694	-0.1865364458690625	3.118869292748152
0.07822222222222219	-0.18412307692307692	3.141592653589793
0.08604444444444441	-0.18412307692307692	3.141592653589793
0.1037954190147994	-0.18253747852688276	-3.118869292748152
0.10716275661194673	-0.18725241185862868	3.1183410307793302
0.11512582648430869	-0.1873362393374985	3.118869292748152
0.12711111111111106	-0.18547692307692307	3.141592653589793
0.1349333333333333	-0.18547692307692307	3.141592653589793
0.14230777606932254	-0.18917246516563427	3.1183410307793302
0.15448888888888884	-0.18683076923076922	3.141592653589793
0.14755314453910953	-0.19313932231745093	3.09511452223879
0.1598575529264339	-0.19080923191914725	3.1183410307793302
0.18186666666666662	-0.1881846153846154	3.141592653589793
0.1814642513940242	-0.1924426130205896	3.118869292748152
0.1891374915170549	-0.19263485637498867	3.1183410307793302
0.20533333333333328	-0.18953846153846154	3.141592653589793
0.21047074872584676	-0.19755677333039673	3.0971774383428823
0.2224758831366012	-0.19444209669167947	3.118869292748152
0.23014759184118555	-0.19464933853315847	3.1183410307793302
0.24639999999999995	-0.19089230769230772	3.141592653589793
0.2698666666666666	-0.19089230769230772	3.141592653589793
0.26899273083856157	-0.20071263232928485	3.0971774383428823
0.2874666666666666	-0.19089230769230772	3.141592653589793
0.2952888888888888	-0.19089230769230772	3.141592653589793
0.30277562018525783	-0.19559752224226612	3.1193740882630743
0.3087772876671043	-0.1955845590566911	3.1198569467480004
0.31875555555555546	-0.18953846153846157	3.141592653589793
0.32462222222222215	-0.18953846153846157	3.141592653589793
0.3301900865845831	-0.1946651028682064	3.1193740882630743
0.3291325530128845	-0.20034155400784281	3.09511452223879
0.3519999999999999	-0.18818461538461542	3.141592653589793
0.3617777777777777	-0.18818461538461542	3.141592653589793
0.3832888888888888	-0.18818461538461542	3.141592653589793
0.3891555555555555	-0.18818461538461542	3.141592653589793
0.3888857190813952	-0.19421393220333882	3.1193740882630743
0.3903780883957951	-0.20038201852940135	3.0971774383428823
0.41430166653560324	-0.19460494677955742	3.1193740882630743
0.4282666666666666	-0.18818461538461542	3.141592653589793
0.43413333333333326	-0.18818461538461542	3.141592653589793
0.4399999999999999	-0.18818461538461542	3.141592653589793
0.4430391895105748	-0.203357542728353	3.0971774383428823
0.4634666666666666	-0.18953846153846157	3.141592653589793
0.46933333333333327	-0.18953846153846157	3.141592653589793
0.4751999999999999	-0.18953846153846157	3.141592653589793
0.4927999999999999	-0.18953846153846157	3.141592653589793
0.5045333333333333	-0.18953846153846157	3.141592653589793
0.5182222222222221	-0.19089230769230772	3.141592653589793
0.5279999999999999	-0.19089230769230772	3.141592653589793
0.5358222222222222	-0.19089230769230772	3.141592653589793
0.5534222222222221	-0.19089230769230772	3.141592653589793
0.5612444444444444	-0.19089230769230772	3.141592653589793
0.5710222222222222	-0.19089230769230772	3.141592653589793
0.5847111111111111	-0.19089230769230772	3.141592653589793
0.6003555555555555	-0.19224615384615387	3.141592653589793
0.6140269063904553	-0.18169620162104208	-3.1198569467480004
0.6217743529809361	-0.1719492317394187	-3.0971774383428823
0.6179555555555555	-0.19089230769230772	3.141592653589793
0.6355555555555555	-0.19089230769230772	3.141592653589793
0.6414222222222222	-0.19089230769230772	3.141592653589793
0.6433777777777777	-0.19089230769230772	3.141592653589793
0.6316444444444445	-0.18953846153846157	3.141592653589793
0.6139419023195215	-0.17898914890053427	-3.1198569467480004
0.6042913045138113	-0.17893428568648956	-3.1193740882630743
0.5866666666666667	-0.18818461538461542	3.141592653589793
0.5925174211632295	-0.17776124195783377	-3.1193740882630743
0.6376575591957987	-0.17820013702498003	-3.118869292748152
0.6513429141001472	-0.17798480801424726	-3.118869292748152
0.6708072285349951	-0.17926514417405912	-3.1193740882630743
0.6961777777777778	-0.19224615384615393	3.141592653589793
0.714082268401901	-0.1824144333778926	-3.118869292748152
0.7785534673152275	-0.18437841170922523	-3.1193740882630743
0.7827836998675805	-0.18511202456557316	-3.1183410307793302
0.7847387268231654	-0.18508054828185178	-3.1183410307793302
0.7865968762067609	-0.18669025230530015	-3.118869292748152
0.7946047930873964	-0.18763012726328546	-3.1183410307793302
0.795911111111111	-0.201723076923077	3.141592653589793
0.8180886365295547	-0.17618731299955187	-3.096169374168216
0.8238761384299701	-0.19016627776427178	-3.118869292748152
0.8330666666666666	-0.2044307692307693	3.141592653589793
0.850075894326349	-0.17663793886921286	-3.0940095503128098
0.8389333333333333	-0.20578461538461545	3.141592653589793
0.8563259495985699	-0.177110230636991	-3.0928508022798615
-0.8724011202595611	-0.13790046137804435	3.036715714859559
-0.8692653808876796	-0.12154667705451287	3.0107652575157364
-0.8690102698408733	-0.12020440046977834	3.0107652575157364
-0.8604220206938683	-0.12154560959290427	3.0140830953745548
-0.8555222771966098	-0.11668740141925867	3.0072712116368248
-0.8439614562610789	-0.14651155190030812	3.064820762320015
-0.8532600889925731	-0.1284047461546847	3.036715714859559
-0.8608346147345898	-0.12649143040072414	3.036715714859559
-0.8821073791968851	-0.09644636296033055	2.988943325194528
0.8448	-0.21390769230769238	3.141592653589793
-0.7528963516113658	-0.1422315842667884	3.017237659043032
-0.7335902512547027	-0.18064817688798535	3.0916342578678506
-0.7338516678257688	-0.17187521722376944	3.068552088286674
-0.7242426682211273	-0.17371944258581795	3.068552088286674
-0.7056929024847687	-0.1887047604469476	3.09511452223879
-0.718807300058183	-0.16501317315225725	3.0443394553382275
-0.704040315587716	-0.18822919989599318	3.0940095503128098
-0.7017860150369967	-0.18883056362057887	3.09511452223879
-0.7146878293994066	-0.20603414761465896	3.09511452223879
-0.6953351078557918	-0.20936793171588838	3.09511452223879
-0.676414476807223	-0.2135367864711301	3.0940095503128098
-0.43917712162766204	-0.25506324454075674	-3.117787627404723
-0.4232962694384442	-0.2613301701190144	-3.096169374168216
-0.4297556903729193	-0.2559339098995054	-3.118869292748152
-0.40985231243616993	-0.2708664454117417	-3.071938079861225
-0.40595068537512163	-0.2706779947307966	-3.071938079861225
-0.39814743125302493	-0.2703010933689064	-3.071938079861225
-0.38764322932787715	-0.2689087285740158	-3.0750244898139694
-0.383959108255052	-0.2641580195251481	-3.096169374168216
-0.331595622683172	-0.262266910707598	-3.0971774383428823
-0.32348821262098854	-0.26089984520938536	-3.096169374168216
-0.3168199992982045	-0.265997821448786	-3.0735161953317935
-0.3129179475223834	-0.2658136336901371	-3.0735161953317935
-0.3031628180828306	-0.26535316429351485	-3.0735161953317935
-0.3117669817491877	-0.26053099528684615	-3.096169374168216
-0.3002728672300846	-0.2703926662729544	-3.050932766389048
-0.37587856272979536	-0.2679694687247198	-3.096169374168216
-0.3490592692148308	-0.27836637635101	-3.0529367717223557
-0.21288113665656472	-0.2686269994197926	-3.0529367717223557
-0.23569424398362668	-0.2620264643076827	-3.0971774383428823
-0.2289937841529412	-0.2690096128192071	-3.0488363334016495
-0.26070858969399463	-0.2629899947704407	-3.096169374168216
-0.25235957268822246	-0.2705143863205848	-3.0488363334016495
-0.2865753738323669	-0.26223685490760856	-3.0971774383428823
-0.26309285418862366	-0.26941209450043235	-3.050932766389048
-0.17568796523309788	-0.24922794927954237	-3.118869292748152
-0.16597146707485813	-0.25039486971178077	-3.0971774383428823
-0.18559651764760995	-0.24532126579910515	-3.118869292748152
-0.18759600131869983	-0.2439985304474611	-3.118869292748152
-0.19751111111111117	-0.24098461538461538	3.141592653589793
-0.1955555555555556	-0.23963076923076923	3.141592653589793
-0.20547502239851997	-0.23191815058929866	3.09511452223879
-0.18382222222222228	-0.23692307692307693	3.141592653589793
-0.17404444444444447	-0.23556923076923075	3.141592653589793
-0.15644444444444447	-0.23556923076923075	3.141592653589793
-0.15992376363722222	-0.22942465181937466	3.096169374168216
-0.14275555555555558	-0.23286153846153845	3.141592653589793
-0.15822894163476567	-0.2280182522067284	3.09511452223879
-0.15397435099774753	-0.2282566270646672	3.096169374168216
-0.1422531201259467	-0.22862547698720642	3.096169374168216
-0.13053188925414583	-0.22899432690974558	3.096169374168216
-0.11652299702561326	-0.2295060887191403	3.0971774383428823
-0.11328328803997303	-0.22931307026334946	3.071938079861225
-0.08568930144915017	-0.2317607013287895	3.096169374168216
-0.07220357701157923	-0.2331397960490806	3.118869292748152
-0.06421328262789652	-0.23328531178087286	3.1193740882630743
-0.062335636909122714	-0.2338508508898449	3.096169374168216
-0.04288904932636222	-0.23581805047672058	3.096169374168216
-0.0370284338904618	-0.2360024754379902	3.096169374168216
-0.03152767312504379	-0.236164007699355	3.09511452223879
-0.02148892326496825	-0.23784672505068608	3.096169374168216
0.005865152101863622	-0.23843073745565693	3.118869292748152
0.0077253567109596185	-0.24012129957301112	3.096169374168216
0.01944658758276047	-0.24049014949555028	3.096169374168216
0.038873210395933125	-0.24032142621291475	3.1183410307793302
0.05219783345918618	-0.2429259282820373	3.09511452223879
0.07010817594213907	-0.24217852695247755	3.1183410307793302
0.07368571442193213	-0.24361784573700945	3.09511452223879
0.09777777777777773	-0.23963076923076923	3.141592653589793
0.0894041220606427	-0.24276867431499816	3.09511452223879
0.10930935759990029	-0.24331799890168407	3.096169374168216
0.13297777777777772	-0.23827692307692308	3.141592653589793
0.13688888888888884	-0.23827692307692308	3.141592653589793
0.14471111111111104	-0.23827692307692308	3.141592653589793
0.15030974686427487	-0.24211557438503475	3.1183410307793302
0.1606151920294545	-0.24210467156889637	3.1198569467480004
0.16826660596606455	-0.2422786470339003	3.1193740882630743
0.1818666666666666	-0.23827692307692308	3.141592653589793
0.2034592006102935	-0.23371140663142	-3.1183410307793302
0.20533333333333326	-0.23692307692307693	3.141592653589793
0.2131555555555555	-0.23692307692307693	3.141592653589793
0.22293333333333326	-0.23692307692307693	3.141592653589793
0.2385777777777777	-0.23692307692307696	3.141592653589793
0.24639999999999992	-0.23692307692307696	3.141592653589793
0.25813333333333327	-0.2382769230769231	3.141592653589793
0.2698666666666666	-0.2382769230769231	3.141592653589793
0.2874666666666666	-0.23963076923076926	3.141592653589793
0.30274199863080314	-0.2351310683649794	-3.1198569467480004
0.2913927514108946	-0.24552707582094702	3.1193740882630743
0.3128888888888888	-0.2409846153846154	3.141592653589793
0.31285510703889247	-0.24721144630311936	3.1193740882630743
0.3265777777777777	-0.24233846153846159	3.141592653589793
0.3343999999999999	-0.24233846153846159	3.141592653589793
0.34808888888888884	-0.24369230769230774	3.141592653589793
0.3398442700135991	-0.25574480210989586	3.0971774383428823
0.36373333333333324	-0.24504615384615389	3.141592653589793
0.3592937121400801	-0.2576984291092076	3.0971774383428823
0.37937316857764264	-0.25216784581252333	3.1198569467480004
0.3966086944032959	-0.25270397473851397	3.118869292748152
0.41653333333333326	-0.24640000000000004	3.141592653589793
0.4161592014095081	-0.25301158761098935	3.118869292748152
0.4321777777777777	-0.24504615384615389	3.141592653589793
0.4421467413505134	-0.25161441276489516	3.120319267565732
0.45564444444444435	-0.24369230769230774	3.141592653589793
0.46151111111111104	-0.24369230769230774	3.141592653589793
0.46737777777777767	-0.24369230769230774	3.141592653589793
0.47117256434339516	-0.2510012798880072	3.1193740882630743
0.4849777777777777	-0.24369230769230774	3.141592653589793
0.4927999999999999	-0.24369230769230774	3.141592653589793
0.49072329315432445	-0.25130206033125224	3.1193740882630743
0.49622125782517096	-0.25920121910867816	3.0971774383428823
0.5201777777777777	-0.24233846153846159	3.141592653589793
0.5279999999999999	-0.24233846153846159	3.141592653589793
0.5279131239591143	-0.25052003117881505	3.1193740882630743
0.5514666666666667	-0.2409846153846154	3.141592653589793
0.5612444444444444	-0.2409846153846154	3.141592653589793
0.5611493629376941	-0.25103135793233167	3.1193740882630743
0.5730549442003535	-0.2510202908549168	3.1198569467480004
0.5884769372089708	-0.25280596254747756	3.1193740882630743
0.6042666666666666	-0.24369230769230774	3.141592653589793
0.6101333333333333	-0.24369230769230774	3.141592653589793
0.6274150475625321	-0.23430718275439	-3.1198569467480004
0.6296888888888889	-0.24504615384615389	3.141592653589793
0.6450533922813	-0.23539588873981163	-3.1198569467480004
0.6528737668072114	-0.23527819079544174	-3.1198569467480004
0.6531555555555555	-0.24504615384615389	3.141592653589793
0.6605849719576294	-0.2555032518780399	3.118869292748152
0.6684051747601143	-0.25562629702703005	3.118869292748152
0.6844444444444444	-0.2450461538461539	3.141592653589793
0.7020853663753618	-0.2340626346665067	-3.118869292748152
0.7137777777777777	-0.24640000000000006	3.141592653589793
0.7293290767757099	-0.23524038466196584	-3.1193740882630743
0.7428774051021658	-0.22327715311038815	-3.096169374168216
0.7510309684484482	-0.22248291256695124	-3.09511452223879
0.7642775311635599	-0.22124847853642265	-3.096169374168216
0.7528888888888888	-0.2450461538461539	3.141592653589793
0.7759099648317865	-0.2195271788979064	-3.096169374168216
0.7763328600284994	-0.23154020911220863	-3.118869292748152
0.7976410442788444	-0.21691612213376626	-3.09511452223879
0.808935839027171	-0.20159626821194368	-3.070285188804503
0.8076604650876124	-0.21463151667921496	-3.0940095503128098
0.8131777362223098	-0.21506052532270462	-3.09511452223879
0.8342934557517567	-0.20034232013215647	-3.070285188804503
0.8406447574912158	-0.19904460871823387	-3.068552088286674
0.8392708903520448	-0.21292805381609198	-3.0928508022798615
0.8393514627524582	-0.22688336966810208	-3.1172072444170746
0.867806830631069	-0.196311203270912	-3.068552088286674
0.8736578551428061	-0.1960148099091542	-3.068552088286674
-0.8912923059315903	-0.17609697261860577	2.995580395878518
-0.8901662018184817	-0.17226973318738803	2.9912212255826587
-0.8819412898575254	-0.17672012675414184	2.999695598985629
-0.8777929300745643	-0.1757628129580739	2.999695598985629
-0.876963258117972	-0.17174209501458854	2.999695598985629
-0.8730874952682626	-0.18573776695009198	3.027800646446085
-0.8883291353209947	-0.15006066336490628	2.971814379621455
-0.8813881752197972	-0.16446651016447217	2.999695598985629
-0.8886344438545143	-0.1484836484298497	2.9808299129639586
-0.8947104352673606	-0.1424453994621187	2.976443976175166
0.8700472437735357	-0.23944187175865816	-3.0890095919788516
0.7802666666666667	-0.2748307692307693	3.141592653589793
0.7977640710023006	-0.26110918535583494	-3.1165978599708732
0.8525743516953903	-0.2414342558327273	-3.0890095919788516
0.8627261307096298	-0.23887954497986477	-3.087591153213825
-0.9114357288635041	-0.11218975800049141	2.922923707715851
-0.8865250369116687	-0.14154567860425096	2.9546133836708823
-0.8643695903931179	-0.1752206228489216	3.0035866299322738
-0.8171206829204781	-0.200034534193463	3.0107652575157364
-0.7989722510060113	-0.2166337884434127	3.0339027827569724
-0.7653083663685284	-0.23993842718143807	3.066732805879026
-0.6490450479739035	-0.2640822377486754	3.0928508022798615
-0.7202100071219678	-0.2729706358370771	3.115957245068116
-0.7369347220045022	-0.24955756513990057	3.066732805879026
-0.5020782016401052	-0.31007287093954466	-3.1183410307793302
-0.49337917642395557	-0.31324981703049354	-3.1165978599708732
-0.46577204785873794	-0.3311387506084224	-3.070285188804503
-0.4836892142339905	-0.3182903317823135	-3.1172072444170746
-0.850651991950974	-0.14851962904511481	2.909035711784884
-0.8386342687291716	-0.16118839777135077	2.9286543040103963
-0.8316139538806218	-0.16518237309777942	2.9340964271545906
-0.8404888548079325	-0.13443959688156792	2.8776289299640885
-0.8128807341371562	-0.16929624393474393	2.9340964271545906
-0.6744938875432	-0.21763242515623216	2.996282642954091
-0.62871738515419	-0.2276744485978823	2.992702705980296
-0.6225807000048906	-0.2338380523709884	2.996282642954091
-0.6301230517872896	-0.22924806475934736	2.976443976175166
-0.62280708208189	-0.24200892764597545	2.999695598985629
-0.5968796881658918	-0.25998141474601083	3.0258334358689827
-0.5673901750912305	-0.2761886363986965	3.0488363334016495
