0.0	0.20002725735428678	-0.008538890410224383
0.1	0.20402725735428678	-0.008538890410224383
0.2	0.2080272573542868	-0.008538890410224383
0.3	0.2120272573542868	-0.008538890410224383
0.4	0.2160272573542868	-0.008538890410224383
0.5	0.22117333333333336	-0.008393846153846153
0.6	0.22517333333333334	-0.008393846153846153
0.7	0.2280272573542868	-0.008538890410224383
0.8	0.23202725735428678	-0.008538890410224383
0.9	0.23602725735428678	-0.008538890410224383
1.0	0.2400272573542868	-0.008538890410224383
1.1	0.2440272573542868	-0.008538890410224383
1.2	0.2480272573542868	-0.008538890410224383
1.3	0.25202725735428677	-0.008538890410224383
1.4	0.2560272573542868	-0.008538890410224383
1.5	0.2600272573542868	-0.008538890410224383
1.6	0.26517333333333337	-0.008393846153846153
1.7	0.26682666666666666	-0.008393846153846113
1.8	0.262650727479634	-0.008387926601866783
1.9	0.25090765461695286	-0.00748199911311696
2.0	0.2304067533751615	-0.005831814518160167
2.1	0.22404663331110877	-0.006457036206578241
2.2	0.2199744987318961	-0.005458668495161767
2.3	0.2208085849198842	-0.00536205313525299
2.4	0.2216859811513493	-0.005313797797653815
2.5	0.22412142159264462	-0.005359037386923553
2.6	0.2281211656225354	-0.005368087680516749
2.7	0.23212090965242618	-0.005377137974109946
2.8	0.23612065368231697	-0.005386188267703143
2.9	0.23701464391275628	-0.005266231744771482
3.0	0.23729047714460155	-0.006191845827895988
3.1	0.2223424932086783	-0.0047058647406506195
3.2	0.21723747728857246	-0.004868246352156448
3.3	0.2157493356069991	-0.004938138862903932
3.4	0.21582052549112868	-0.004813336372885627
3.5	0.2108086975864444	-0.004611962083458045
3.6	0.2112842623179628	-0.00385867371411534
3.7	0.2121976412849908	-0.0049127203396153105
3.8	0.2118481710932133	-0.0036301352726633472
3.9	0.21198644417800586	-0.004599915359856923
4.0	0.2116920537538226	-0.003352459046804224
4.1	0.2102183730488659	-0.0032080009439537337
4.2	0.2106554564340664	-0.004284615950860797
4.3	0.20761026734717375	-0.004162399572150657
4.4	0.20806034591732409	-0.0039937626658624525
4.5	-0.1531796749265445	5.065249423588615e-05
4.6	-0.15014354856626433	-0.0009470582620130967
4.7	0.19784867905478012	-0.004295749037269532
4.8	0.19834338390097087	-0.0042217261534223454
4.9	0.19437063013199177	-0.002877499941854886
5.0	0.19718510849788104	-0.0028319158840584037
5.1	0.20490718603659888	-0.0015939206554464371
5.2	0.20539242083357567	-0.0042511813313128675
5.3	0.1990868954193013	-0.003397343544230739
5.4	0.20326500173226017	-0.0045303060687181705
5.5	0.19940924563608303	-0.004446842362272582
5.6	0.2014269726403492	-0.0020995452598568994
5.7	0.20072126235073515	-0.0020745787808858513
5.8	0.20158250356772134	-0.0018849813609662733
5.9	0.19656006524282182	-0.003865064447762569
6.0	0.19857450577606245	-0.0016705477373752534
6.1	0.19942272054961946	-0.0015840521665630488
6.2	0.1994733173584144	-0.00336644348930752
6.3	0.20068650949523417	-0.0033713592482154404
6.4	0.20387864379772105	-0.003516391179844154
6.5	0.2078774201761073	-0.003536177514178774
6.6	0.21230167734329408	-0.0018410640992862432
6.7	0.21313879388340265	-0.0037705297394440103
6.8	0.2128418743296837	-0.00373524166386282
6.9	0.21277907263012072	-0.0029307468851332407
7.0	0.20472504896609744	-0.0034082564978974014
7.1	0.202840830677087	-0.0031116543756531164
7.2	0.20328327037452087	-0.0029419266773044357
7.3	0.19981980874869346	-0.0027721119901950916
7.4	0.20066974824057512	-0.002680648309078341
7.5	0.19995149843327298	-0.002562144427733886
7.6	0.20040612857891485	-0.002449666556693297
7.7	0.20087332811317415	-0.0023947479065743868
7.8	0.20267817126333498	-0.001980168368394473
7.9	0.20159317683066608	-0.0022071072735269084
8.0	0.20054728644466696	-0.0030898144018059476
8.1	0.19887284350037251	-0.002769940190370762
8.2	0.200147620797286	-0.0028340155569328215
8.3	0.201973641450463	-0.002614787360465309
8.4	0.20306671454521064	-0.0030799352317303396
8.5	0.2043329226755869	-0.0031054084679320217
8.6	0.20226889425597994	-0.0031161256848332326
8.7	0.20330709549611492	-0.002754910951721942
8.8	0.20259227417690231	-0.0026556848743853993
8.9	0.20383225478418696	-0.002566973209069218
9.0	0.20195756065274836	-0.002518552182844684
9.1	0.20163799422076434	-0.0024403573560801235
9.2	0.20292156291882266	-0.0025429263074474824
9.3	0.20418028133303345	-0.0023190608855711992
9.4	0.20271820592679501	-0.0023681987337832375
9.5	0.20358037796859388	-0.002334797482114354
9.6	0.20247322684272306	-0.0024450030148520166
9.7	0.20254896112428414	-0.0023881469148957554
9.8	0.2018646463052159	-0.002422512285436153
9.9	0.20293693637333216	-0.0022107361814377004
10.0	0.2048000975349359	-0.0027457802723674643
10.1	0.20439779227674565	-0.002404895500578488
10.2	0.20167076755084537	-0.0019325838056804797
10.3	0.20397804766708771	-0.0028131591584959247
10.4	0.20148383966950492	-0.0017233567933555727
10.5	0.20453349999709186	-0.0028852240834616634
10.6	0.20696680764693456	-0.0029110676894740506
10.7	0.2082216470571392	-0.002920605964288745
10.8	0.20941467884041917	-0.0027105946906154695
10.9	0.21341299118185902	-0.002733831231054789
11.0	0.21020085909076167	-0.0016944181725509506
11.1	0.21419909255965305	-0.0017181913744697703
11.2	0.20880792779237042	-0.0022009954683356358
11.3	0.2033918905429108	-0.0017132819250170617
11.4	0.20234682410216856	-0.00241145757973162
11.5	0.20634502321727352	-0.00243546077616369
11.6	0.20414348173291197	-0.002650942759286369
11.7	0.20814181627860256	-0.0026740259659415637
11.8	0.19922557193132956	-0.0017259819858367002
11.9	0.20322390647702016	-0.0017490651924918933
12.0	0.19901943566881225	-0.001605726851316689
12.1	0.19990186220383102	-0.0016073874444142077
12.2	0.19600237124497136	-0.0011194461144402642
12.3	0.20000041767164442	-0.00114444593057305
12.4	0.19731850854445426	-0.001138970104059429
12.5	0.20131649459108097	-0.0011643532252055954
12.6	0.1997871795071401	-0.003224230187454222
12.7	0.2037851411445071	-0.00324976662897746
12.8	0.19728207573274115	-0.0011780244244017912
12.9	0.20128006177936789	-0.0012034075455479576
13.0	0.20222448001224427	-0.0015050008680650125
13.1	0.20622267912734923	-0.0015290040644970826
13.2	0.20360894295956006	-0.0015776927467125645
13.3	0.20760721045147973	-0.0016012359521514691
13.4	0.20299388431749993	-0.0014042470669360582
13.5	0.20699210637187992	-0.0014280969339120876
13.6	0.19245959621403183	0.0008403098599705184
13.7	0.1964577490095805	0.0008160000072795874
13.8	0.19624329438073082	0.0025188166434705153
13.9	0.20024128042735756	0.002493433522324349
14.0	0.2001987597132382	0.0013306474365011147
14.1	0.2041966596843608	0.001304727698155224
14.2	0.20505799058699078	0.00135627944581061
14.3	0.20905585311739175	0.001330129732224473
14.4	0.20427196005460377	9.965132531561133e-05
14.5	0.20826982258500476	7.350161172947622e-05
14.6	0.20940885900837322	0.0022213532826386813
14.7	0.2134067837562379	0.002195586862312038
14.8	0.20684148714993233	0.001827412327931344
14.9	0.21083952157409408	0.0018023358503334785
15.0	0.21108275928478026	-0.0004679227114898453
15.1	0.2149338804376762	0.0015395277004074696
15.2	0.20815322282406937	-0.0006718488051891932
15.3	0.21215142193917433	-0.0006958520016212624
15.4	0.2072191458499208	-0.000844088864414499
15.5	0.21066725131265365	0.0008221491052172909
15.6	0.20920721684076377	0.0009420924254686614
15.7	0.2116405120907998	0.0009162021614852493
15.8	0.20645179500509991	-0.0006486238293871103
15.9	0.21045017351826917	-0.000671400365933582
16.0	0.20475065772156414	3.531690951815922e-05
16.1	0.20874900331425242	1.2310370073643356e-05
16.2	0.20698030975661985	0.00043507837048220675
16.3	0.21097878504660048	0.0004129918538590344
16.4	0.2079640794608776	-9.397893209174557e-06
16.5	0.21196268928387085	-3.0487685490876784e-05
16.6	0.20655655966790434	-0.0010258821523014081
16.7	0.21055532654295744	-0.0010457451621217195
16.8	0.20203237519504885	-0.0009460734687104797
16.9	0.206031113339568	-0.0009661665038895838
17.0	0.20494701099816504	-0.000960719058796581
17.1	0.20738515326799595	-0.0009919794370680576
17.2	0.20471697334779065	-0.0008642636601810579
17.3	0.20871566287297685	-0.0008847400672549353
17.4	0.20415658037659387	-0.0007062157136258646
17.5	0.20493858097424283	-0.0012816412998261856
17.6	0.19881668405708758	-0.001296635325273055
17.7	0.20281546990205113	-0.001316344983940114
17.8	0.2040773089909063	-0.0013225644762305637
17.9	0.2080760948358698	-0.0013422741348976227
18.0	0.20743733397353026	-0.0014470550815844163
18.1	0.2114362033636597	-0.0014660746511754768
18.2	0.20562433137725783	-0.0016560468309203555
18.3	0.2096232098664009	-0.0016749897230639013
18.4	0.20346658155380076	-0.0017030816234765217
18.5	0.1886441889982838	-0.0015986717391608526
18.6	0.17384258615669282	-0.0015405143864074301
18.7	0.16030582417965383	-0.002026854679095796
18.8	0.15137640246784384	-0.0018455069240178121
18.9	0.14476193809717763	-0.0027501387388816625
19.0	0.1428696525387736	-0.0013398868807051063
19.1	0.14605461175578735	-0.002060175493859409
19.2	0.1469421459865824	-0.0022130664655918937
19.3	0.14976705496697257	-0.0022363958996116417
19.4	0.1478727262914266	-0.0023051722737637064
19.5	0.15187138620395113	-0.00232587870172151
19.6	0.1515673956648639	-0.0015952225080775881
19.7	0.154419397548073	-0.001750199325430993
19.8	0.15374501340329297	-0.0018469631337187454
19.9	0.15538631190651975	-0.002837066082634638
20.0	0.1539113671148972	-0.002911129265922554
20.1	0.153223061473238	-0.0027893240744278694
20.2	0.1548492760631702	-0.0026952522016355732
20.3	0.1572664258998022	-0.002622957593866224
20.4	0.15890048185845407	-0.002586146153187515
20.5	0.1602888963571827	-0.0005139584272629283
20.6	0.16299349149258346	-0.00155532706666841
20.7	0.1631935325506083	-0.00039083191228423547
20.8	0.16433654065670905	-0.0015227758046613329
20.9	0.1625873398262127	-0.00024192734146316792
21.0	0.16215704404040016	-0.0014515396721302039
21.1	0.16341880823457366	-0.0014583398385197557
21.2	0.16657783067632145	-0.002738294823112799
21.3	0.16216911187939473	-0.0003365615898579767
21.4	0.16421200759138588	-0.000312979658869607
21.5	0.16624943947255835	-0.0002501107222783079
21.6	0.17024798797522114	-0.0002716605453437909
21.7	0.17424653647788377	-0.0002932103684092739
21.8	0.1633240237762838	-0.00039932177379689137
21.9	0.16396567512406332	0.002218000917720512
22.0	0.1648398958557469	0.002129362416050433
22.1	0.16126828076776337	-0.000612109355635413
22.2	0.16214939045640156	-0.0006316914130866103
22.3	0.1670795035900607	0.0017837077983225906
22.4	0.16627354506318825	-0.0008195542679906688
22.5	0.16840540761621436	0.00039932390329724086
22.6	0.1695916158005424	-0.0006498799855286144
22.7	0.16771527605450304	-0.0005804610983674964
22.8	0.16826798724664788	0.0004988084781729803
22.9	0.1683280829012325	0.0007158876440222237
23.0	0.16920799236176615	0.0017310741188626497
23.1	0.16763418340153055	-0.00043589296472953867
23.2	0.16968358166200914	-0.0004507342535447897
23.3	0.17102973597045965	0.0013473957658273962
23.4	0.17182760422442256	-0.0006486781484104105
23.5	0.17317115986003576	0.00010535077807692726
23.6	0.17477953429291987	-0.0011915306637148076
23.7	0.17494951025351357	0.0004718597658870411
23.8	0.17456757020588204	-0.001359537779038915
23.9	0.17237498741738624	-0.0005356474373663161
24.0	0.17359613027295756	-0.00128759026344782
24.1	0.17484435925038055	-0.0012488358670539532
24.2	0.1781227417990732	0.00030561293091927073
24.3	0.17898428284927045	0.0003357967900243517
24.4	0.17980542008508119	-0.0011033305165005372
24.5	0.18033304320314753	-0.0002992094964245533
24.6	0.18120392179539235	-0.0003032346447246186
24.7	0.17972595915160594	-0.0002768592208440288
24.8	0.17941420570977856	0.00027062836565935975
24.9	0.1791288429904478	-0.0005659563551453058
25.0	0.18117562866959272	-0.0005946587653080683
25.1	0.18087633524255584	-0.0006128443962775676
25.2	0.18212944639318676	-0.00019890029044032208
25.3	0.1821787977021903	-0.0011748170640784074
25.4	0.18387666302050457	-0.0008394735804492619
25.5	0.1831707312000857	-0.0005324516249886934
25.6	0.1828687873770659	-0.0005844742308026571
25.7	0.18220272443260635	-0.0009296445090821422
25.8	0.18423505062082549	-0.0008604994944325399
25.9	0.18553187646112815	-0.0010993613084127035
26.0	0.18795819746237594	-0.0010511994990454734
26.1	0.1884410010310502	-0.001072597226127482
26.2	0.18774491072259003	-0.0010503078098036325
26.3	0.18821898474139293	-0.0010135230497304304
26.4	0.186732106389014	-0.0009296035779387413
26.5	0.18758840517917738	-0.0008363089208461667
26.6	0.18608189383224047	-0.0008875621442355564
26.7	0.18735286227419834	-0.0008757994204525573
26.8	0.1874829114829383	-0.0009033805685655883
26.9	0.1890996606254093	-0.0006403470112425255
27.0	0.18915153780661764	-0.0009591016214443608
27.1	0.19085501089243823	-0.0012180490330167904
27.2	0.19210416942826467	-0.0014361591352116008
27.3	0.19338478361988035	-0.0015572641830556401
27.4	0.19345088672219113	-0.0018581628705842653
27.5	0.19315046067803354	-0.0016672538412531796
27.6	0.19173136453359993	-0.0015502801470458419
27.7	0.19450085903744394	-0.0017443116648139566
27.8	0.1930099242217968	-0.0017041893772949662
27.9	0.19347505355090094	-0.0016566720095986323
28.0	0.1916441163602502	-0.0012215363061200551
28.1	0.19249971486856945	-0.0011287125485250644
28.2	0.1917942732861164	-0.0010483629841285457
28.3	0.19377570769199914	-0.0015111642471603778
28.4	0.19312992704734547	-0.0011897497044035124
28.5	0.193609807289245	-0.0011918940311935388
28.6	0.19253504197827762	-0.0012449864057424527
28.7	0.19414593554923465	-0.0019446767644891536
28.8	0.1931239554074501	-0.0015951645437879362
28.9	0.19354622338726316	-0.0028301774270995967
29.0	0.19214448767329068	-0.001687587155405991
29.1	0.19389545512192266	-0.0009753888048075268
29.2	0.19499088912831627	-0.0022145771779367484
29.3	0.19680212906410494	-0.0008291607445925862
29.4	0.19676621305563233	-0.0014951538550856385
29.5	0.19683906612727214	-0.001399388604812742
29.6	0.19432679587383847	-0.0005302012409576255
29.7	0.19441002436947222	-0.00046250254897218547
29.8	0.19513133165912838	-0.0012763677423235495
29.9	0.19641570893480678	-0.0014167450230315416
30.0	0.19564968731676216	-0.002444955569710437
30.1	0.1963618549839561	-0.0004757807655630022
30.2	0.1962977000361732	-0.0014546792585433017
30.3	0.19706111574823718	-0.002449859774553092
30.4	0.1942826033752588	-0.0005491857114951265
30.5	0.19438974123046673	-0.0006070103332279442
30.6	0.19369870128417974	-0.0005494853367042658
30.7	0.1953501024178654	-0.0005134303586292691
30.8	0.19660822786287463	-0.00045144241416608926
30.9	0.19827845046459572	-0.0005443612062676715
31.0	0.1975848980183434	-0.0004669372918408767
31.1	0.19768153357411375	-0.00046497700390122146
31.2	0.19591076156601986	-0.0028590491406731795
31.3	0.19990986372763023	-0.0028759983601271202
31.4	0.18660858028616822	0.00027745582431377026
31.5	0.18863411273035977	0.0015382249449069118
31.6	0.18859573110962677	0.002970106676853432
31.7	0.18946586102753252	0.0029223538798790623
31.8	0.1853872478498793	0.0005491310813749454
31.9	0.18767228477766582	0.002795393048265403
32.0	0.18713033453066438	0.00011144781560483603
32.1	0.18824427406003325	0.002282943424058846
32.2	0.185764327574862	-0.00021641754938569926
32.3	0.1878282053639045	-0.00026291189874060646
32.4	0.18871156346644116	-0.00031976252962555816
32.5	0.19070693650843787	0.0005623794169882755
32.6	0.1906686044670936	0.0015408091946580624
32.7	0.19074708736596083	0.0014483641466416322
32.8	0.18927652010948604	0.001491387058886089
32.9	0.18974976530237989	0.0014420519945221736
33.0	0.18919425184693225	0.0005872625015144761
33.1	0.18975235083411912	-0.0004450837595382593
33.2	0.18983809401940066	-0.0003572353524696854
33.3	0.19140181165046494	0.00046309815088299566
33.4	0.19018372439389244	0.00120989473100161
33.5	0.19183568470162718	0.0011853523632893068
33.6	0.1888120764146952	0.0007344142319775371
33.7	0.19176057944167132	-7.954569559374437e-05
33.8	0.18900596459728355	0.0002849520254625533
33.9	0.1904058768245528	-0.0003845086078723735
34.0	0.19291796460550958	-0.0011051516638845363
34.1	0.19514665145288027	0.00010381616282974454
34.2	0.19193262563406213	-0.0010506507828228098
34.3	0.1923069623299763	-0.00044856337458826483
34.4	0.19435114786240684	-0.000455070587266254
34.5	0.19256386913858448	-0.0007220692397696691
34.6	0.1922517187488439	-0.0006377779008217527
34.7	0.19392329320829613	-0.0006923687655358869
34.8	0.1942991475051713	-0.0003007105562570604
34.9	0.19543348598864965	-6.983100955163142e-05
35.0	0.19827095820930676	-7.386956195835556e-05
35.1	0.19622660603733877	-0.0007251945836681682
35.2	0.19180940902282076	-0.0005245860985100786
35.3	0.1920248298290739	-0.0009309699950745686
35.4	0.1948511843913477	-0.0009393707873200621
35.5	0.19325702109831694	-0.000804646603594947
35.6	0.19607668708518597	-0.0008251235953085374
35.7	0.19577509390584075	-0.0008188063640610214
35.8	0.1951899576719985	-0.0010180041465649887
35.9	0.1961654465226883	-0.0009685383935638453
36.0	0.194965474484101	-0.0009210155333193239
36.1	0.1959763789926551	-0.0009416425074717364
36.2	0.1963356902339068	-0.0008668396125823606
36.3	0.19799750362104865	-0.0009487226126499095
36.4	0.19860830353083703	-0.0009717933661016354
36.5	0.20012723110850264	-0.0011479421779324699
36.6	0.20256252805281025	-0.0011550405080014868
36.7	0.20029159451794257	-0.0010334613093632484
36.8	0.1990788362398933	-0.0013447109159917992
36.9	0.19995401400593243	-0.0015138162977952553
37.0	0.1980768326148179	-0.0015286542716102
37.1	0.19776580860617643	-0.0015039425164529501
37.2	0.1982674770539338	-0.0016284414528414787
37.3	0.1999157040463544	-0.0016619358994267443
37.4	0.19910354984320772	-0.0009524450024968462
37.5	0.19958643729672956	-0.0009261736322052905
37.6	0.1981156124095921	-0.0008787878716430006
37.7	0.19830897318158533	-0.0018245668144547633
37.8	0.19956763501538158	-0.0018305976192267617
37.9	0.20201271273446697	-0.0019265824366596351
38.0	0.20208747262584534	-0.0018619365122790233
38.1	0.20247758573824945	-0.0007111714029166176
38.2	0.20099045956959155	-0.0005104778107365353
38.3	0.2005009425137433	-0.00115165591333526
38.4	0.19966234285750345	-0.0019071002364839345
38.5	0.19735089834598127	-0.0006074199697811986
38.6	0.19987095987003536	-0.0021777118211887543
38.7	0.20074924545891976	-0.0022623834007646434
38.8	0.2020243138691581	-0.0023832633371365106
38.9	0.2005410763909069	-0.0024020438286398377
39.0	0.20063780219188662	-0.0024723417586894436
39.1	0.19755318513880618	-0.002247317112362624
39.2	0.1971898468038819	-0.00046312807121220555
39.3	0.19965407994919762	-0.002397056346432804
39.4	0.19973875117243137	-0.0023936381554315786
39.5	0.19939520599069843	-0.0004613383501085441
39.6	0.2033946871440143	-0.000474223231591373
39.7	0.20586285814176455	-0.002421770131324618
39.8	0.20554657891455363	-0.0023909484592645326
39.9	0.2067826192256507	-0.00028715194972783135
40.0	0.20883539194576312	-0.0023431268805161596
40.1	0.20127855322473218	-0.0015029196005860758
40.2	0.2027483435773574	-0.00034660668871930745
40.3	0.20560182938099747	-0.0005940001415040779
40.4	0.20807842354280634	-0.0030233814022208455
40.5	0.2089549731036833	-0.003079909797469655
40.6	0.21295451418499822	-0.0030920277822418787
40.7	0.2150174399652739	-0.0032269085200274353
40.8	0.21901701523877148	-0.0032385663613816586
40.9	0.20262841727648323	0.0020230871913147204
41.0	0.20662796990224463	0.0020111225872438054
41.1	0.19849342574140982	0.0021601531004795753
41.2	0.20249294329267714	0.0021477283556470025
41.3	0.20217916346147194	0.0021399851589042826
41.4	0.2061786568944884	0.0021272536558386507
41.5	0.20019046342525149	0.0010145031514134273
41.6	0.20418991323597535	0.001001234825972553
41.7	0.19430481040633044	0.0019851143962034768
41.8	0.1983042602170543	0.0019718460707626026
41.9	0.1986063850547381	0.0002691005827522904
42.0	0.20260598238776006	0.000257749505829262
42.1	0.1982119722029503	0.0009571828255676147
42.2	0.20221162211133556	0.0009465986669274472
42.3	0.20378684834756314	-0.0009541841325147993
42.4	0.20778649825594842	-0.0009647682911549669
42.5	0.19639432014412017	-0.00013007827367525785
42.6	0.20039395466591547	-0.00014089250885387494
42.7	0.19616420000827176	0.0012380955565260464
42.8	0.2001638748256949	0.0012278948607196416
42.9	0.19970576084315927	0.00031364855134146524
43.0	0.200197169950125	0.00025657669160136223
43.1	0.19068947053537633	-0.000578953007562822
43.2	0.1946891878729217	-0.0005884634644206239
43.3	0.19656151143089312	-0.0001496582826318641
43.4	0.200561246710394	-0.00015886196432020197
43.5	0.1967314482218127	-0.00038794446439033856
43.6	0.20073118789489122	-0.0003970714520730532
43.7	0.1947718607917743	-0.00020335544668981242
43.8	0.1987716301904783	-0.00021194557402362405
43.9	0.19709946638975082	-0.0008174932859602952
44.0	0.1995441531809863	-0.0008204824404614711
44.1	0.19471736253160762	-0.0011483788688723324
44.2	0.198717144118391	-0.001156738912000993
44.3	0.20076849743325811	-0.0012376473449007808
44.4	0.20146722717726182	-0.0011193039089582339
44.5	0.19765390521509843	-0.0012266124490714144
44.6	0.2016537286605836	-0.0012341288443423076
44.7	0.1999782340131868	-0.000990758545316231
44.8	0.20397801958913345	-0.0009990418935552146
44.9	0.20073385169309177	-0.001316023945512607
45.0	0.20473364513706832	-0.0013241539037445235
45.1	0.2087334385810449	-0.001332283861976439
45.2	0.2027281021800753	-0.0015123757991228437
45.3	0.20672789950291953	-0.001520429062238782
45.4	0.2083792595177165	-0.0015047448499105396
45.5	0.21237905296169307	-0.0015128748081424553
45.6	0.20825849205965719	-0.0019240317010403725
45.7	0.20656136721166538	-0.0020561542736082608
45.8	0.20729159165171457	-0.0022058042419308087
45.9	0.2112914427457152	-0.0022127070698189787
46.0	0.20681316971282754	-0.0020038796794481393
46.1	0.21081301071437764	-0.0020110125956000874
46.2	0.19683180461139832	-0.002336724833256732
46.3	0.20083165899601774	-0.0023435509649291364
46.4	0.19478598644322972	-0.001767167953097809
46.5	0.19878578376607395	-0.0017752212162137474
46.6	0.1987244877454693	-0.002334071778350833
46.7	0.20272429648432322	-0.0023418949556775087
46.8	0.19618143173161656	-0.0025642539828418867
46.9	0.20018126929548496	-0.002571463594951572
47.0	0.19989458101374527	-0.002738237760087551
47.1	0.19869761544752712	-0.00343330652376802
47.2	0.1985108462516178	-0.0028045243602249185
47.3	0.18799865333534355	-0.002570815227402297
47.4	0.1770374547736459	-0.003602604634712661
47.5	0.16266460053840565	-0.003932038675944671
47.6	0.15021988367920186	-0.004022094357077389
47.7	0.14059544237308946	-0.002700845133354408
47.8	0.1398879796707681	-0.0026588177875201116
47.9	0.1438877237006588	-0.002667868081113309
48.0	0.1478874677305495	-0.0026769183747065058
48.1	0.13458984370342178	-0.0006914529763255156
48.2	0.13702950734002117	-0.0007249030645752061
48.3	0.140636890431471	-0.0007091251441864147
48.4	0.14268562174604627	-0.0006267356301414466
48.5	0.14277256048738868	-0.0005353608066661557
48.6	0.141652909002571	0.002010026765008603
48.7	0.14330569832702533	0.0019878290150115024
48.8	0.1434248882225951	-0.0006234784882611292
48.9	0.14471000944552406	-0.0007810690845098446
49.0	0.1457914139873443	0.0003017173833841436
49.1	0.14744662950093385	0.00025812100718782677
49.2	0.1488824852316646	-0.0010303690928875557
49.3	0.15127604277858744	0.0012416114422472255
49.4	0.1525859211717139	-0.001043649643995599
49.5	0.15462993734026517	-0.0010119901739780233
49.6	0.15471972132271392	-0.0009613554433136155
49.7	0.15599039727513786	-0.0009398343488856925
49.8	0.15607494587733198	-0.0009116056599639665
49.9	0.15732823403607266	-0.0007525043539255024
50.0	0.15703247217860422	-0.0006775984499693549
50.1	0.15789597698880697	-0.0006152867803297496
50.2	0.15832398411482385	0.0010519576036928844
50.3	0.16041930183965694	-0.0007735950144359101
50.4	0.16129640259152314	-0.0008891996683216192
50.5	0.16257126535523847	-0.0009316935452940193
50.6	0.16285410070103715	-0.00018139281600041768
50.7	0.16352018996274592	-0.0010909635177534674
50.8	0.16166352130613343	-0.0010457600956808018
50.9	0.16351285895103726	-0.0004371866336743582
51.0	0.16417566967892205	-0.0012926875849572888
51.1	0.1654379393638338	-0.0012528766488783109
51.2	0.16689893292928523	-0.0005188051510063344
51.3	0.16894081197870345	-0.00048279443764303546
51.4	0.16922526711717403	-0.0010610367502620003
51.5	0.1704921217739721	-0.0010812120022437733
51.6	0.17057849452825974	-0.0010627975771777827
51.7	0.17146665043464665	-0.0011655518739422943
51.8	0.17194718335488082	-0.0011189210380459945
51.9	0.17339503217705537	-0.0006481081178092685
52.0	0.17171951087777135	-0.0011987877483003936
52.1	0.17279060733380308	-0.0006471345618597067
52.2	0.174594508651628	-0.00022439659243593253
52.3	0.17703769887120707	-0.00024349522873563247
52.4	0.1771597392882433	-0.001044123628249802
52.5	0.17860952666855753	-0.0006939864249543791
52.6	0.17830600052980014	-0.0006738807954031682
52.7	0.1787846657042576	-0.0006551284547134063
52.8	0.17635355083531531	-0.0011952904336156814
52.9	0.17663048388939712	-0.001081058289452477
53.0	0.17789402917838087	-0.0011024957333083379
53.1	0.1799397771085308	-0.0011249946736757751
53.2	0.1796375624923366	-0.0011245658444219368
53.3	0.18168331134554683	-0.001146992167854122
53.4	0.18020508054314466	-0.0011058193297082076
53.5	0.18147133728619363	-0.001166223054994965
53.6	0.18076851046734216	-0.0010284660870556626
53.7	0.1810611452676633	-0.001051449576903873
53.8	0.1799738556821912	-0.0008741075935480246
53.9	0.18258294344631773	-0.0010105574649442585
54.0	0.1830658122336746	-0.001050355622284043
54.1	0.18472197197480694	-0.0010919842729271243
54.2	0.18384644258982388	-0.0010331997986580983
54.3	0.1843326910267783	-0.0010640610118808685
54.4	0.18208639586395592	-0.0010749819263473207
54.5	0.18313602804037585	-0.0014782881589778239
54.6	0.18440265889576624	-0.0015384024868696988
54.7	0.18605595811935938	-0.001540526524326988
54.8	0.18614040482536348	-0.0014823207937551862
54.9	0.18778775213046803	-0.0014069066505960376
55.0	0.18747806374519416	-0.0013094069505798975
55.1	0.18834464299603199	-0.0012525339425578559
55.2	0.18726623457732117	-0.0013285020844876676
55.3	0.18774322264459756	-0.0012904017971390462
55.4	0.1862707068587743	-0.0013270131143475984
55.5	0.1879224954417146	-0.0013100801912665355
55.6	0.18801587235212122	-0.0013684267206274063
55.7	0.18967065634448635	-0.0013902083058488215
55.8	0.18898032385765465	-0.0014279822448462973
55.9	0.1894573285262005	-0.001389901512334992
56.0	0.18900020212832647	-0.000752033135935218
56.1	0.18752530989959046	-0.0006679372337430353
56.2	0.18879497183781394	-0.0007452874314580204
56.3	0.18960891849951808	-0.0023515789642472792
56.4	0.19126900066839647	-0.002409566466387795
56.5	0.19174894241593132	-0.0024379148943280676
56.6	0.19339627884775812	-0.0024007523393947613
56.7	0.19432033268855708	-0.0007946169622721469
56.8	0.1941634504495856	-0.001532057651216091
56.9	0.19309146466224628	-0.0016849526351339324
57.0	0.19395790798378584	-0.0016282015277745477
57.1	0.191187749468391	-0.0006281690002849973
57.2	0.19138532141477488	-0.001663450450986907
57.3	0.19146769504034214	-0.0015862275811017288
57.4	0.19370563241479088	-0.0026837213160924743
57.5	0.19378999676548114	-0.00267534837486043
57.6	0.19433381824374865	-0.00048545746095514353
57.7	0.19317489398395996	-0.0027601146903401957
57.8	0.19286546128047377	-0.0027347649919659154
57.9	0.1899038386297741	-0.0005203568457328978
58.0	0.19273679864036367	-0.0006123456561805847
58.1	0.1943330461920069	-0.003176163389332779
58.2	0.1950021595314461	-0.0019394281716232631
58.3	0.19900205612430602	-0.0019451805500075717
58.4	0.18734747097180993	0.001462048226338355
58.5	0.18734667504736577	-1.4091455940249244e-05
58.6	0.18821622687408177	2.355637733028734e-05
58.7	0.18752290960376003	2.4500279552318142e-05
58.8	0.1861385312898173	0.001305824799526497
58.9	0.18700900226101208	0.0013376936705176941
59.0	0.18935087403052503	9.95208527575901e-05
59.1	0.19022274189448718	7.890645562917274e-05
59.2	0.19118470296853418	0.0011594169040291913
59.3	0.19023494988405223	-0.0012177189302735073
59.4	0.19097717925191057	0.0008451066584635606
59.5	0.1886300992204579	-0.0005580430566253199
59.6	0.18881981831299974	0.000304718647307598
59.7	0.19125828681498228	0.00015495689999223702
59.8	0.19226116558875456	-0.0018357786159389742
59.9	0.18821101064582468	-0.0009257837698187812
60.0	0.1889136349701734	-0.0017653111273298583
60.1	0.19043919932930944	0.00014244026294021612
60.2	0.19199958022406502	-0.0007741945006343419
60.3	0.1907550377182622	-0.0014529583477567664
60.4	0.19007417722723996	-0.0014196011841384121
60.5	0.1883500071887566	-0.000654732557502988
60.6	0.19049739615704012	1.9925449740669033e-05
60.7	0.19058877210218167	-8.90550159852911e-05
60.8	0.19081660544959744	-0.0015295114091554768
60.9	0.18608579024782956	-0.00047677087160441023
61.0	0.1877415747946978	-0.0004838505219288778
61.1	0.18873307747792337	-0.0016611570220614645
61.2	0.19132905888348617	-0.0012571420113710666
61.3	0.19075759704968112	-0.0008615272158572394
61.4	0.19240669454895762	-0.0008336896076435906
61.5	0.19182391647555663	-0.0017529363957618652
61.6	0.19297670074235984	-0.00082559913654805
61.7	0.19279161946449677	-0.0017741950251837254
61.8	0.19394267535460288	-0.000932736680096583
61.9	0.1928639211418609	-0.0010898341499900523
62.0	0.19412478868757463	-0.001138848606578904
62.1	0.192651030922286	-0.0012015242709516882
62.2	0.19508685805729967	-0.001215235773356966
62.3	0.19361141054380496	-0.0012393269057746528
62.4	0.19381995859925646	-0.0016348087674729972
62.5	0.191702308436769	-0.001431429736822721
62.6	0.19178603418558343	-0.0013348221128384975
62.7	0.19201183523214993	-0.0013222796795990396
62.8	0.19405858537601137	-0.001377967310491065
62.9	0.19440795344501588	-0.001664829760371786
63.0	0.19723461132973247	-0.0016662389759295277
63.1	0.19707573881344334	-0.0016645412382978613
63.2	0.19662617720886297	-0.0017628431232852232
63.3	0.19584730741679507	-0.0018696345608124304
63.4	0.19618155357229392	-0.0019411424645855383
63.5	0.1970532674204656	-0.0019666578363380658
63.6	0.1951817866550722	-0.0019168217407417283
63.7	0.19409457931514468	-0.0018993579457890562
63.8	0.19574828751813186	-0.0019191316510179474
63.9	0.194496660332582	-0.0015303469705527004
64.0	0.1941897272753343	-0.0014529714155109422
64.1	0.1909049295287745	-0.0017325295253272687
64.2	0.19295341356325874	-0.0017599672318167926
64.3	0.19327771683452957	-0.0015489830436937768
64.4	0.19471689716725063	-0.002186777736431551
64.5	0.1956074108815356	-0.0024163830898734514
64.6	0.19648050519821905	-0.0024612743528440112
64.7	0.194611816224038	-0.0024689671039580894
64.8	0.19626096808013963	-0.0024310335801058336
64.9	0.1951757368816876	-0.0024520208564573964
65.0	0.19644298723395587	-0.002532582016966637
65.1	0.1965217044221645	-0.002471155746935845
65.2	0.19682417579095296	-0.0016867523238174162
65.3	0.1965119887340862	-0.0015325955195251203
65.4	0.19715507948280048	-0.0022531317804015314
65.5	0.19489941673462394	-0.0023194585333548502
65.6	0.19537466427077	-0.002289805833589441
65.7	0.19216460207223762	-0.001567446113780312
65.8	0.19343077726793353	-0.0016266061286986733
65.9	0.1983832166212568	-0.002535542371954888
66.0	0.2012265937103177	-0.0027008746652122996
66.1	0.19859021436816415	-0.0028486393945711115
66.2	0.2008843334787169	-0.003864931490151494
66.3	0.1987505316007514	-0.0027687613604121582
66.4	0.19883070503348665	-0.0027022735157173584
66.5	0.19656416805556806	-0.0026511173467507563
66.6	0.1982277111750879	-0.0027524017084275005
66.7	0.19830234615089504	-0.0026759886556560536
66.8	0.19878495691881104	-0.002707697943066929
66.9	0.19691165395044655	-0.002661114826887079
67.0	0.19700065606485243	-0.002691294042545627
67.1	0.19473996118400863	-0.002739338741096332
67.2	0.19679347194937266	-0.002811925726889962
67.3	0.1840771813121429	0.00271610673564533
67.4	0.1869038206270524	0.002703463531415231
67.5	0.18692030193534884	-4.113295493842037e-05
67.6	0.1885770667678731	-0.00018963197548625796
67.7	0.1899075834173718	0.0022806771280277915
67.8	0.1910979789721637	-0.0003535874278251612
67.9	0.18922216083373533	-0.0003581944127466507
68.0	0.18892151326771872	-0.00040856627749379093
68.1	0.18940706482754513	-0.00039642379712300077
68.2	0.19106479304227608	-0.000559037591525232
68.3	0.19201403729549155	0.000599071705981532
68.4	0.19601401074964464	0.0005961571489320153
68.5	0.1972032664876041	-0.0005957744390261352
68.6	0.19807915367549242	-0.0005883576582996672
68.7	0.20051080235756746	-0.0006235782312599425
68.8	0.195196432638109	0.0012932973985799547
68.9	0.19919641381334724	0.0012908430331695822
69.0	0.19177240783319044	-0.0004943138889361727
69.1	0.19577237540461534	-0.0004975352398853861
69.2	0.19556249923016306	0.0013643585938907046
69.3	0.1995624568744907	0.0013606770529943463
69.4	0.19485333474474134	-0.0007226301604652667
69.5	0.19885330819889444	-0.0007255447175147831
69.6	0.19906009112220133	0.0006465334570735222
69.7	0.20098652869202857	-0.0009532969404651648
69.8	0.19756254380893873	-0.0010821221721456478
69.9	0.20156253570178667	-0.001083732850884759
70.0	0.1965777943892323	-0.0012226161123205157
70.1	0.2005777925508753	-0.0012233831025969583
70.2	0.20457779071251828	-0.001224150092873401
70.3	0.20545187487384428	-0.0012569189627382928
70.4	0.20788787505358985	-0.0012449414131464685
70.5	0.20406787955549782	-0.0011829060922455188
70.6	0.20610902379533846	-0.0010534544950737154
70.7	0.2065881906298476	-0.0009687440584955667
70.8	0.21058818592365433	-0.0009699712426445947
70.9	0.20010717458628627	-0.0008540817031784404
71.0	0.2041071648613812	-0.0008558457796548845
71.1	0.20309816467417396	-0.0004315818728462098
71.2	0.20709815127255826	-0.0004336527445971001
71.3	0.20632844431051467	-0.0011501887280565364
71.4	0.2103284420861027	-0.0011510324173334805
71.5	0.20307607381573864	-0.001102192704879337
71.6	0.207076073797355	-0.0011021160058400602
71.7	0.20630520330905894	-0.0011892676659406376
71.8	0.21030520323552457	-0.0011894210640184858
71.9	0.2085129356302903	-0.0009880194216958503
72.0	0.21251293517070097	-0.000988402916878134
72.1	0.21651293471111163	-0.0009887864120604177
72.2	0.20948705677267404	-0.0008861811723548302
72.3	0.21348705454826244	-0.0008870248616317746
72.4	0.21357549369320722	-0.0008558400618505054
72.5	0.21757549146879526	-0.0008566837511274496
72.6	0.2153196775459837	-0.0007507894030752012
72.7	0.21782364618319028	-0.0008194160905621618
72.8	0.21485949708554972	-0.0009914698731818576
72.9	0.21885949443831573	-0.0009923902614515485
73.0	0.2204438593386217	-0.0011996787903543152
73.1	0.22444385932023808	-0.0011997554893935917
73.2	0.2244543975433054	-0.0012998701305730496
73.3	0.22845439664251038	-0.001299333237337592
73.4	0.2153257384697478	-0.0013916079633393267
73.5	0.21932573839621344	-0.0013914545652614783
73.6	0.21816483680617865	-0.0010688954619425327
73.7	0.22216483651204144	-0.0010685886657924755
73.8	0.20417008460280464	-0.002172301111448829
73.9	0.20569302387140836	-0.0016574568639406762
74.0	0.2034471121317831	-0.0018799833666229993
74.1	0.2062740638083227	-0.0018894285779644973
74.2	0.20286371944270287	-0.0022741618041690137
74.3	0.20686371878089427	-0.0022737016099580285
74.4	0.19875082022655988	-0.00248614585074363
74.5	0.20275081976697054	-0.002485762355561346
74.6	0.198405406851885	-0.0017590530849126455
74.7	0.20240540595109	-0.001758516191677188
74.8	0.20092908394228595	-0.0017395573125702853
74.9	0.20492908328047735	-0.0017390971183592998
75.0	0.19732053152656398	-0.0025281650767477923
75.1	0.1997670972795142	-0.0026396691527243847
75.2	0.19281657529976665	-0.002722689646594566
75.3	0.18781985019678746	-0.002768726783045451
75.4	0.1898687738237147	-0.002774902190035445
75.5	0.19386877292291968	-0.002774365296799987
75.6	0.19396001202755242	-0.0028891665286556647
75.7	0.1948345872561465	-0.002918917017149983
75.8	0.1988345865943379	-0.0029184568229389967
75.9	0.1905646412126609	-0.0017407497269035965
76.0	0.1876785246083436	-0.003078353127717848
76.1	0.1642742716193942	0.001703312684880055
76.2	0.1390234563126506	0.00047420901609593
76.3	0.1328540901426692	0.00039354286553799016
76.4	0.12702965108315023	0.001003491065708482
76.5	0.1252082255108771	0.0001677248963903427
76.6	0.12724573320954322	-0.0006442477396323942
76.7	0.12812418249231278	0.00022966331331277862
76.8	0.13051286271364662	0.001209076480970012
76.9	0.13139209838541943	0.001164707051069777
77.0	0.13343699561325617	0.0011490519310482876
77.1	0.13430883171827201	0.001124325874955179
77.2	0.1363915346902818	0.0002781456893003358
77.3	0.13723362034470232	0.0008521874676004863
77.4	0.13930666666666697	3.531504554341229e-18
77.5	0.1397636209267873	0.00046489224307028163
77.6	0.1417455007468392	0.0010407267473339103
77.7	0.14190668180735708	0.0001619975926497957
77.8	0.14316749722161082	0.00010665834446887799
77.9	0.1444465657262989	-0.0006350890838653415
78.0	0.14687866135468736	-2.738784809003627e-05
78.1	0.14892590346513385	-0.0005126184545449737
78.2	0.15214100836095	-7.596362943437196e-05
78.3	0.15223300877703175	-0.0005922202552683698
78.4	0.15388558026292937	-0.00022672652333600394
78.5	0.15397425068631046	-0.0003073573312951243
78.6	0.15445562862275744	-0.0004753188708153773
78.7	0.15454569784819983	-0.0005661670000080696
78.8	0.15580826530437225	-0.0006789994611255016
78.9	0.15550851624522502	-0.0005808729019586287
79.0	0.1575536276602786	-0.0006150264790303107
79.1	0.15842616889731065	-0.00047303038444899384
79.2	0.1600804608261234	-0.00036536854270399993
79.3	0.1597797433392616	-0.00034640392792145615
79.4	0.1606425810613617	-0.0006851660940618643
79.5	0.1611426724573472	-0.0005188158907777799
79.6	0.162808270210232	-0.0005015454972370978
79.7	0.16212760939154935	-0.0004716939575679321
79.8	0.16337979030945812	-0.0009491151100446602
79.9	0.16422238896228392	-0.0012727482730870957
80.0	0.166268469331894	-0.0013905009470518226
80.1	0.16835588838390503	-0.0013748292013284074
80.2	0.17040440369948187	-0.0014865725121507773
80.3	0.17044675528480396	-0.0014270996619208296
80.4	0.17175540553119883	-0.0014795253965417955
80.5	0.1710151077261281	-0.0013872243705943528
80.6	0.17154537170508433	-0.0014676796095282995
80.7	0.16971935936715715	-0.0014423315436631965
80.8	0.17098429676126636	-0.001445149826746372
80.9	0.17105910640788005	-0.0014107975428553853
81.0	0.17193381334057506	-0.0014397447735516314
81.1	0.1732691792397095	-0.0017233776820395328
81.2	0.17402823834770942	-0.0013795339746280797
81.3	0.17535939045810917	-0.001688617869521482
81.4	0.17422086519640098	-0.0015642729091856764
81.5	0.1758764220497518	-0.001641182341506823
81.6	0.17557200858351116	-0.0016390216801895406
81.7	0.17626577006287847	-0.002567627185385362
81.8	0.17654983984736033	-0.0019357677238635317
81.9	0.17909089842933382	-0.0023941613400688764
82.0	0.18035509240800418	-0.0023972419790682436
82.1	0.18151199071362784	-0.0019682786457125468
82.2	0.18121259858480904	-0.0020413819594770075
82.3	0.18208215974143752	-0.002033651378144814
82.4	0.18072200484338877	-0.0026524351964516057
82.5	0.18159187489956038	-0.0026929924676683085
82.6	0.18078233654889705	-0.0020746137097097926
82.7	0.18215115135060808	-0.0026936383601349817
82.8	0.18201153558176464	-0.003331334338934074
82.9	0.18261067242699194	-0.0019386682030384517
83.0	0.18191311859519563	-0.001800246805108655
83.1	0.182391147388289	-0.0016902481716301655
83.2	0.1817000391603364	-0.00176866754626254
83.3	0.18310011641740304	-0.0026251124611811907
83.4	0.18123828919178644	-0.002774891917444333
83.5	0.18316428009324165	-0.002179173436084555
83.6	0.18403781003067501	-0.0022799551733998715
83.7	0.1868665781471862	-0.002326693349586432
83.8	0.187745276331894	-0.0024497251357748335
83.9	0.18859925424011756	-0.004337171598101373
84.0	0.18752678199302772	-0.0024373299685402088
84.1	0.1883930655119432	-0.002325657017496687
84.2	0.1877084868311461	-0.0024737048263684582
84.3	0.18896477383032811	-0.002392748479509779
84.4	0.18787320697775664	-0.002256730258695224
84.5	0.19109421839195512	-0.002286888061349717
84.6	0.19116916595411235	-0.0020592777193923174
84.7	0.19244038573878944	-0.0022152762492181257
84.8	0.1917481271835207	-0.002250559085394784
84.9	0.1922313893203164	-0.002315794211794463
85.0	0.19085160034517876	-0.0049806922448724054
85.1	0.19203057013478847	-0.002522267185395893
85.2	0.19603057011640482	-0.0025223438844351694
85.3	0.20003057009802117	-0.0025224205834744463
85.4	0.1861519882391562	-0.00042954893915302176
85.5	0.18688655681790964	0.0024268214749202503
85.6	0.18503171197703028	0.002295109915213174
85.7	0.18603044347554637	-0.0003147509816275611
85.8	0.18402636721528703	0.002182006400592757
85.9	0.18685335858911292	0.00217304904778242
86.0	0.18709093997003384	-9.324937766168296e-05
86.1	0.1863987381570396	-0.00012427911251186214
86.2	0.18727050916129775	-0.00010062250632167952
86.3	0.1888852119971415	0.0009473620002065289
86.4	0.18626881809581147	-0.00019020683988034363
86.5	0.18828122198309294	0.0008118962847769539
86.6	0.18565836323306192	-0.0004150663128124571
86.7	0.18495754479802323	-0.0004376461879720172
86.8	0.18543052834676016	-0.0006035824832100337
86.9	0.18708507561968363	-0.0006235702463612451
87.0	0.1867675032553441	0.00013354170147974619
87.1	0.1872103340588213	-0.0015667662623490663
87.2	0.18811949157503477	0.00019229335456055383
87.3	0.18821875570984553	-0.0007606811139008517
87.4	0.1867365555826565	-0.0008898319647709785
87.5	0.18760952139460293	-0.0009660042079595343
87.6	0.18769908504340646	-0.0009552868510101196
87.7	0.18935164348982836	-0.0009072424024477579
87.8	0.18865975801541604	-0.0009139882133921478
87.9	0.1895307168462643	-0.0007726251857059329
88.0	0.1876191552332632	-0.0013359291089880265
88.1	0.18657179389759168	-0.0005820273300644705
88.2	0.18783918165069252	-7.810259454113649e-05
88.3	0.18830788366525647	-0.0006757501899488456
88.4	0.18878827286328306	-0.0006091749425965512
88.5	0.1896540956899104	-0.0009134814093878139
88.6	0.19054336782323894	-0.0006967105724188215
88.7	0.19217471213799198	-0.0012173722618126041
88.8	0.1946251609434578	-0.00039766181301034774
88.9	0.19393895738250214	-0.0008105676387187439
89.0	0.1908416759477221	-0.0015607671946994946
89.1	0.19294339247108377	-0.000927095263344258
89.2	0.1945966796710858	-0.0009836300009845444
89.3	0.1931095561623407	-0.0010582877381397225
89.4	0.19320786239957524	-0.0006563680818928894
89.5	0.1944704595543419	-0.0005205803426760588
89.6	0.19726910326722505	-0.0008682364062396906
89.7	0.19463955642726632	-0.0005153621382120428
89.8	0.19235634556692188	-0.0006052296473634473
89.9	0.19402860675889216	-0.0005828754255532147
90.0	0.19096165916117627	-0.0008186774086834753
90.1	0.19344598671458368	-0.001120270005140624
90.2	0.19353584914280972	-0.001274595255347916
90.3	0.193983314544503	-0.001241913824212283
90.4	0.19410438147467757	-0.0012162415729990573
90.5	0.19458461316302136	-0.0012544118214267526
90.6	0.19389128599871544	-0.0012549967776989061
90.7	0.1943712817278502	-0.0012545918079720445
90.8	0.1944369971611658	-0.0009398393152544166
90.9	0.1960901483956984	-0.00080882841731943
91.0	0.1953979759383953	-0.0007488365585972343
91.1	0.19587868090928334	-0.0006052975651439929
91.2	0.19403141907928248	-0.0009462520522772154
91.3	0.19333808824415277	-0.000946624297834742
91.4	0.19222958075663388	-0.0006197012552995605
91.5	0.19351890928996307	-0.001197706635359164
91.6	0.19399968835116	-0.0012745524423861455
91.7	0.19561927285492495	-0.0009165298032087997
91.8	0.19770091498912573	-0.001484116551306586
91.9	0.19735594407912746	-0.0010012634875759675
92.0	0.19822732754185143	-0.0008991181452522828
92.1	0.19914236435958785	-0.0015415762895954767
92.2	0.19762372080031976	-0.0009472034343659551
92.3	0.19705845877933548	-0.002308890399340875
92.4	0.19823569901329774	-0.0015989373735282267
92.5	0.1983233791899501	-0.0015028221722656206
92.6	0.19919169224139424	-0.0013667204654927091
92.7	0.19779324304676274	-0.002139078462817804
92.8	0.19738437115484828	-0.00048676063173834223
92.9	0.19473687668399633	-0.0003785181938783208
93.0	0.19599957484128555	-0.0003585773389881229
93.1	0.19608200916725307	-0.0004799468173745937
93.2	0.1977356293493168	-0.0004603801650037276
93.3	0.19913765634961209	-0.002525656064633717
93.4	0.1998629685089269	-0.0006294799374485597
93.5	0.1993383112584194	-0.0028607399659962966
93.6	0.19981792748077473	-0.002849681495047594
93.7	0.19822341439792554	-0.0018313029300818162
93.8	0.19865382938624654	-0.0007092190278007923
93.9	0.19835123834763935	-0.0007340347973729443
94.0	0.19966279613353766	-0.0018480973661517337
94.1	0.20014278970077323	-0.0018476003585967014
94.2	0.20057960986042658	-0.0005021009239892966
94.3	0.20121561058929252	-0.0029019983819110785
94.4	0.20521557168971974	-0.0028984702375359286
94.5	0.18704096213482396	-0.001800399778637335
94.6	0.1879148562927958	-0.001592678567461244
94.7	0.18958192581338737	-0.0002465822151639662
94.8	0.19123533327284672	-0.00026604986121430584
94.9	0.19014379567366943	-0.00047813589798391333
95.0	0.1928529134455996	-0.0031384057222756806
95.1	0.1909881536179195	-0.003176103982143629
95.2	0.19146697897616807	-0.0031888604315322877
95.3	0.19041100637842215	-0.0030255199902237302
95.4	0.19089821958236006	-0.0029844458480088694
95.5	0.19098688661165347	-0.0029616549281320965
95.6	0.19225960257676497	-0.0028332782425941876
95.7	0.1924127794874675	-0.0006656847579390857
95.8	0.19324157597394714	-0.0024253903618540666
95.9	0.19138010740151076	-0.0021371521100276665
96.0	0.19230040993657785	-0.0010296485416940943
96.1	0.1916038471060208	-1.4502449270744038e-05
96.2	0.1912473985224413	-0.0015547302724809881
96.3	0.19133892799887528	-0.001722799051713402
96.4	0.1937456627042279	-0.001834724978633374
96.5	0.19382179663321053	-0.0020105782514787183
96.6	0.19510476466789886	-0.0020007528982422073
96.7	0.19362270218810443	-0.00206454080832721
96.8	0.19336434900625035	-0.0013656384660255482
96.9	0.19111276312467368	-0.0012585573097044938
97.0	0.1927333763502717	-0.0017721954172894344
97.1	0.19673334693659517	-0.0017691274632336686
97.2	0.19529581619512587	-0.0010554187130369758
97.3	0.1981243850312362	-0.0010888483808596016
97.4	0.1947134946648337	-0.000650385915471334
97.5	0.19713395706453676	-0.0011037850867968123
97.6	0.19333466592710521	-0.00046498079070657014
97.7	0.1953808926187704	-0.0003946966121701225
97.8	0.19115593630231636	-0.0007291922235165944
97.9	0.19398549200136278	-0.0004987835246085305
98.0	0.1940562553944555	-0.0008581969651266539
98.1	0.19649883026315026	-0.0005391432339357347
98.2	0.1953950226001835	-0.0008864987586005471
98.3	0.19939500377542171	-0.0008840443931901743
98.4	0.1979310347598652	-0.0005533850038054225
98.5	0.2019310159351034	-0.0005509306383950498
98.6	0.2016141675382935	-0.0008816914448764348
98.7	0.20561413957691488	-0.0008787001893100462
98.8	0.2022075066750158	-0.0004887634173046987
98.9	0.2062074801291689	-0.00048584886025518207
99.0	0.2031685842456934	-0.0005609082251982958
99.1	0.207168541890021	-0.0005572266843019369
99.2	0.20843352122591402	-0.0005322043344324061
99.3	0.21243347708704172	-0.0005284460953258503
99.4	0.20702978457617335	-0.00020320629478216628
99.5	0.20914153884975017	-0.00014796795860245386
99.6	0.2044642567256341	-0.00018461504804748955
99.7	0.20846422876425547	-0.00018162379248110104
99.8	0.2065978615515451	-0.00015592504973479203
99.9	0.21059783213786784	-0.0001528570956790266
100.0	0.20723194946984447	0.00020433243735901423
100.1	0.2112319243027624	0.00020717029586486983
100.2	0.2097339898700291	-9.873644370265891e-06
100.3	0.21373394926078995	-6.268801717943906e-06
100.4	0.20832744985358131	-0.00014317134387279308
100.5	0.2084200353143129	-4.214641413264849e-05
100.6	0.20889329925366515	-0.0002141972992849039
100.7	0.21289322395479549	-0.00020928859156558034
100.8	0.2094273277038393	-0.0005096875724985848
100.9	0.21152311879367708	1.4963020920248172e-05
101.0	0.20457956319355586	0.00021634685791510036
101.1	0.20857948552322067	0.00022133226320730304
101.2	0.20509548755832227	-0.00014086059370331918
101.3	0.2090954319481502	-0.00013664216608569898
101.4	0.20957486396256153	-0.00015093976778464955
101.5	0.21357480212038873	-0.0001464912464254419
101.6	0.2097488848820739	-0.00018660065318664874
101.7	0.21233654494679077	0.001115467683259942
101.8	0.20966460884809157	0.0009664810369836205
101.9	0.2136645135480391	0.0009720033239634042
102.0	0.20891182577849043	-0.0007040489135301008
102.1	0.2129117021679979	-0.0006977596570854103
102.2	0.21421240761541052	-8.552781417534407e-06
102.3	0.21386787181356828	-0.0006941014385764392
102.4	0.2112151542587105	-0.0007460509484329529
102.5	0.21521498483691828	-0.0007386879446073052
102.6	0.20905336291353188	-0.0003232664812931826
102.7	0.21305320391508165	-0.00031613356514123493
102.8	0.20962535672417923	-0.00025334818864688503
102.9	0.21362522701040493	-0.0002469055389803694
103.0	0.2144947424842335	-0.00035499523421128696
103.1	0.21849463063911012	-0.0003490127648983245
103.2	0.21584311376444026	-0.0003917496286678392
103.3	0.21984300476874413	-0.00038584385627704544
103.4	0.2124847857489426	-0.0008122181710990607
103.5	0.21648461983836334	-0.000804931863097907
103.6	0.21320292918853712	0.0015746392976001178
103.7	0.2172027226325137	0.0015827692558320334
103.8	-0.14089001880159244	-0.0014693911721397972
103.9	-0.13689022535761589	-0.0014612612139078807
104.0	0.21080250530658212	-0.00047798877951968246
104.1	0.21480224933647282	-0.00046893848592648537
104.2	0.20956443612510844	-0.0015594424453062197
104.3	0.21356419300484786	-0.0015506222344778846
104.4	0.20897619409107895	-0.11428997888298731
104.5	0.2100327319868427	-0.1165570788436287
104.6	0.20425851706853543	-0.12141295066289268
104.7	0.20812261153248587	-0.12370543464070702
104.8	0.20455851718058934	-0.12521398223955646
104.9	0.1919687174749822	-0.1292998819883984
105.0	0.1773706660733736	-0.1302323428997591
105.1	0.16363926475059168	-0.13402728693509813
105.2	0.17351440666293622	-0.13623229162422412
105.3	0.15418059120928476	-0.13403563072305838
105.4	0.14133604165141597	-0.12974566294975517
105.5	0.13241058153805824	-0.12352970611015437
105.6	0.12643101980601612	-0.12246383026265018
105.7	0.12632332405885865	-0.1221222366423999
105.8	0.12827896347036458	-0.12220725725667325
105.9	0.12976043767010806	-0.1218125384546948
106.0	0.13075914304145608	-0.12178084505359221
106.1	0.13375024481634415	-0.1216881111199835
106.2	0.13382687011748257	-0.12114661014325949
106.3	0.13474467017323	-0.11822328330605397
106.4	0.1352725516297082	-0.12087582886630213
106.5	0.13682373871282044	-0.12071594730024743
106.6	0.13551834475740304	-0.12057126771790264
106.7	0.13431125470506072	-0.12045788203299868
106.8	0.13381124935070346	-0.12022998190958172
106.9	0.13631582287603566	-0.12038260147556432
107.0	0.1361279837065884	-0.12011728829064813
107.1	0.1393868213631665	-0.12081484153076244
107.2	0.1459447043355427	-0.1210934146096239
107.3	0.14873629349281264	-0.11870789567640826
107.4	0.14584641468068868	-0.11877383944498905
107.5	0.04608891112273472	-0.0776006980806028
107.6	0.05656124535933077	-0.07332712046620155
107.7	0.05997901240226175	-0.07507174503327135
107.8	0.06362637677001623	-0.0746877571389837
107.9	0.06857411090643808	-0.07536303569028274
108.0	0.07253243494778125	-0.07656472859616946
108.1	0.0734676853705041	-0.07849275747757917
108.2	0.07559459553396852	-0.08015402128051431
108.3	0.07696950360012593	-0.08152396927556078
108.4	0.08112144147163856	-0.08229356127001929
108.5	0.08825877686149314	-0.08228946203836611
108.6	0.09151341845237954	-0.08066711474812797
108.7	0.0952025806030354	-0.08352612006513006
108.8	0.09362315359740364	-0.08647130237913869
108.9	0.10430926523053886	-0.0840236268325585
109.0	0.10695942783287499	-0.08481691069029354
109.1	0.11008625657480581	-0.08541664867029294
109.2	0.11233400228632405	-0.08782179082210391
109.3	0.11566143867608877	-0.08838579138791204
109.4	0.11789057236354133	-0.0888802150297199
109.5	0.12318868396617459	-0.08720770248990797
109.6	0.1289269037939068	-0.0876414360651028
109.7	0.13137024120983531	-0.08764300070415713
109.8	0.13612130919191984	-0.08813226717144274
109.9	0.14303713872544604	-0.08882083794663974
110.0	0.14872834995407325	-0.08969527773699855
110.1	0.14638672448590762	-0.09035147259134237
110.2	0.15389325349627758	-0.09117681466706173
110.3	0.15759747213464775	-0.09122135831137591
110.4	0.1639817644322472	-0.09167618577828011
110.5	0.1640581326949483	-0.09174383838397648
110.6	0.1725776901891715	-0.09223093690547465
110.7	0.17248227470005062	-0.09228668557610455
110.8	0.17955463573827837	-0.0926221268371907
110.9	0.18243792624413724	-0.09226961004157597
111.0	0.18814856320581771	-0.09240054356871905
111.1	0.21232068457267633	-0.14131513282922717
111.2	0.2140990814799897	-0.14139613149348618
111.3	0.21319418209936308	-0.14247553865942228
111.4	0.2181993892433203	-0.1425634661970977
111.5	0.2074425600998971	-0.14248862852126992
111.6	0.19442669013254182	-0.14200638385583442
111.7	0.2026326853804303	-0.14048158743563774
111.8	0.19820513389240993	-0.14043297908283314
111.9	0.19602708917476921	-0.1395668741820346
112.0	0.1913212474527397	-0.13905097848937525
112.1	0.1910435124428267	-0.13847396204856796
112.2	0.18454142224387407	-0.1384885568175925
112.3	0.18819525600457696	-0.13778956790727834
112.4	0.17600249115691458	-0.13771788046757988
112.5	0.17911992097619361	-0.13709092726304797
112.6	0.17662485452413876	-0.13683911699003204
112.7	0.17777713142376694	-0.1365959964231739
112.8	0.1754079130360364	-0.13659925587694247
112.9	0.1807258906793215	-0.13658247716341362
113.0	0.17918503375070916	-0.13646109744246482
113.1	0.17868205178409047	-0.1360033195270983
113.2	0.17446996735035325	-0.13565700285280188
113.3	0.1725871632403127	-0.1348097144392753
113.4	0.1694899954100838	-0.1341933987165738
113.5	0.1629811198023296	-0.13322344067864372
113.6	0.16742236299471142	-0.133448522991249
113.7	0.16976166166769996	-0.13346965229012997
113.8	0.16846094278036391	-0.13327486596568028
113.9	0.16306928654593336	-0.13261366243164227
114.0	0.1618147878474045	-0.13214089919530397
114.1	0.16100595455039687	-0.13198168455062856
114.2	0.15995931695942822	-0.13184204555105283
114.3	0.15873442438277802	-0.13164750378412954
114.4	0.15934398386117962	-0.1318147561796276
114.5	0.15699812138093186	-0.13158027871962155
114.6	0.15777183850176246	-0.1318964527010115
114.7	0.1561942111111894	-0.13154809626289837
114.8	0.15547855766113172	-0.13137638441717914
114.9	0.15321468440499109	-0.13067743836142648
115.0	0.1529900774917474	-0.13060875972421387
115.1	0.15220841667223695	-0.13022573177600016
115.2	0.15261794184858776	-0.1302686972910397
115.3	0.1519033501545512	-0.12960834027725793
115.4	0.152180924435032	-0.12969579811925455
115.5	0.15156749771329694	-0.12963654017593682
115.6	0.15168695048581735	-0.12965531742490113
115.7	0.15183132596469573	-0.12935871554163594
115.8	0.1507558061307491	-0.129484799720748
115.9	0.1522256585141574	-0.12880465390316348
116.0	0.15095338468773323	-0.12880066605152427
116.1	0.15059527758886543	-0.12900177256373385
116.2	0.1487970351151034	-0.1294355233561078
116.3	0.15058758842410055	-0.129229866785207
116.4	0.14978673660491845	-0.12907329221327474
116.5	0.14886682545218693	-0.12897164480306497
116.6	0.1469496821026153	-0.12851939017882527
116.7	0.1459237292564308	-0.1284603340097343
116.8	0.1480854734951271	-0.12730388815323282
116.9	0.14608495536880323	-0.12691412537000224
117.0	0.14706990839977052	-0.13014157030085055
117.1	0.14166635567961217	-0.1255138816526622
117.2	0.14644849456927395	-0.12559716794688364
117.3	0.14219839162217063	-0.1258869023748955
117.4	0.1434611527580885	-0.1256099210256783
117.5	0.1382259501156634	-0.1271365699189576
117.6	0.14115628405623676	-0.12846992990651832
117.7	0.14243331662832356	-0.12798289602954432
117.8	0.14248818071319236	-0.12634027577540116
117.9	0.1432966323624085	-0.1266618683987487
118.0	0.13907362699711723	-0.011899484426498278
118.1	0.1396359886146225	-0.008419063945863768
118.2	0.1380264019446268	-0.0066260029722674625
118.3	0.14395738380134443	-0.005505528216818807
118.4	0.14013244966289679	-0.006370446577257181
118.5	0.14019077569701166	-0.007452100720649082
118.6	0.14744646148962898	-0.005264333422601175
118.7	0.13890395598040173	-0.006083619816867805
118.8	0.14242725659260552	-0.006139565012135094
118.9	0.14199965298036282	-0.006721670023674523
119.0	0.13846807907283581	-0.007341050711978776
119.1	0.14090514498342852	-0.00718632372950131
119.2	0.14069927226796566	-0.0077855383072359015
119.3	0.1397820761498396	-0.008032371445248465
119.4	0.14850284813992579	-0.007027562083686609
119.5	0.13815001212930786	-0.007692262521807708
119.6	0.1423146417585693	-0.007284775013497705
119.7	0.1372282872876559	-0.0080993594023593
119.8	0.14211407153259284	-0.008313919706265556
119.9	0.14210539120607046	-0.008584351122291336
120.0	0.1367651678553246	-0.009396923883411781
120.1	0.13649495550263196	-0.009617900788333392
120.2	0.13631480422631898	-0.010417089856267705
120.3	0.13613465295000665	-0.011216278924202022
120.4	0.14098714885448685	-0.007053278046939802
120.5	0.14064469512469085	-0.007765804721543231
120.6	0.14164037627680856	-0.008745442344492541
120.7	0.14071705995781003	-0.008776395957170044
120.8	0.13477983654592615	-0.00850998847735943
120.9	0.14073638087443852	-0.007382703406735247
121.0	0.1405282674669268	-0.008181620735364784
121.1	0.15724766980164523	-0.004590327370895346
121.2	0.16469928307868517	-0.0036161824333271492
121.3	0.1509328621714701	-0.003938066418930025
121.4	0.16398289758227305	-0.005228019394570908
121.5	0.1637207328101897	-0.0061046650083195104
121.6	0.1627848917473191	-0.006995550852182614
121.7	0.16282949415319903	-0.007469025054781052
121.8	0.15023327712691156	-0.007037833190715416
121.9	0.15629744938055534	-0.00743994319372155
122.0	0.1563912680868659	-0.007213339515873062
122.1	0.16241691989092327	-0.007434012355430774
122.2	0.16330333574150108	-0.005600738130581328
122.3	0.1635362617625269	-0.005024505548039172
122.4	0.16363728198015604	-0.00536197475848442
122.5	0.15866706523649068	-0.005882584464314744
122.6	0.16411166078704365	-0.006443256674210902
122.7	0.16951288309385626	-0.006419814187218648
122.8	0.15620151068313465	-0.00453092013283549
122.9	0.16576059186016137	-0.005533344042357256
123.0	0.1655912176785983	-0.0057049573436732705
123.1	0.16540081754591665	-0.006135865889522935
123.2	0.16557727539210065	-0.005606695504528948
123.3	0.16202537803821032	-0.004588955866385722
123.4	0.1579269322677031	-0.003915133027707619
123.5	0.16179039927836586	-0.004697275231602604
123.6	0.16137486186347394	-0.004824685085631154
123.7	0.161070735142123	-0.00545529796144114
123.8	0.16435855280063968	-0.006174339556443982
123.9	0.16096857472755877	-0.005733080407016566
124.0	0.16124295053844312	-0.005715816333545622
124.1	0.16101578784809553	-0.006269155627064449
124.2	0.16409780884535788	-0.006196239710655162
124.3	0.16668400455960128	-0.006569942911498584
124.4	0.16212859456696466	-0.0058002750531126485
124.5	0.15992032017266858	-0.005862464194181493
124.6	0.16292832598507329	-0.005702369202008412
124.7	0.16111129782159353	-0.005817716143112321
124.8	0.16370040653492532	-0.006125158917175723
124.9	0.16363064382385575	-0.006347312911917126
125.0	0.16531682131090925	-0.007083424573934127
125.1	0.1640377776388286	-0.006017059209220764
125.2	0.16184908681766905	-0.006120398389388555
125.3	0.1631147436632122	-0.006634231364989756
125.4	0.1636353307673246	-0.0062392752583608005
125.5	0.16274722700063327	-0.0065925234553374495
125.6	0.16191616098820105	-0.007193210916666063
125.7	0.16238604900625375	-0.00770157971431093
125.8	0.16251376521100094	-0.008085382160442574
125.9	0.16199074232102154	-0.00814585253155352
126.0	0.16322557993810136	-0.008851489927240342
126.1	0.16240156154878368	-0.008645880442070953
126.2	0.16324094476492423	-0.008454710968484212
126.3	0.16293333251139797	-0.009252342671502102
126.4	0.16431529858849608	-0.007775797144381568
126.5	0.16400806869629184	-0.008573434742124708
126.6	0.16538736846172855	-0.00752711831273447
126.7	0.16531267843156805	-0.008410799248420309
126.8	0.16570791590746758	-0.0074081926363408004
126.9	0.16560076449358638	-0.007963990562757924
127.0	0.16592109748079137	-0.0068629151586325245
127.1	0.1658208100639901	-0.007418980494209616
127.2	0.1683688374276146	-0.006142698866742947
127.3	0.16786786065998477	-0.006362518988402038
127.4	0.1650611824133276	-0.006897986202326213
127.5	0.16726003621852908	-0.007109186716631546
127.6	0.1645573009481251	-0.007285546655315774
127.7	0.1642061189057693	-0.00808245831448828
127.8	0.16815881493314944	-0.007222286185576722
127.9	0.168093806770179	-0.007789649135124362
128.0	0.16446678743385235	-0.007708772768700797
128.1	0.1643707104729751	-0.008196390944194106
128.2	0.1674497222507655	-0.007230338988412112
128.3	0.16708899085774712	-0.008027080012888474
128.4	0.1658926039880329	-0.007522210713180422
128.5	0.16552594479057497	-0.008318843552898178
128.6	0.16860041110316543	-0.00763332506483962
128.7	0.16822860506328724	-0.008429862418859135
128.8	0.1665420462188639	-0.006702531238292859
128.9	0.16616069537331699	-0.0074988880721958695
129.0	0.17256455575116064	-0.006787674036719659
129.1	0.1721751889596484	-0.007583875698151426
129.2	0.16857696058188462	-0.007065880233668904
129.3	0.16818263232699449	-0.007861984218519993
129.4	0.16313685353798402	-0.007556560938162631
129.5	0.16273603814106033	-0.008352535326132202
129.6	0.16750782688057514	-0.007414235933571451
129.7	0.16710090691053042	-0.008210086416463265
129.8	0.17219868963832424	-0.007461069385360369
129.9	0.17179215117619623	-0.008256927667187233
130.0	0.1732075851886786	-0.007912568555554611
130.1	0.1731945941537744	-0.008189997302762448
130.2	0.1658261121446442	-0.006152238846785594
130.3	0.16540736730177386	-0.006947843934666981
130.4	0.17462038426465315	-0.006759453127223581
130.5	0.17419858843795144	-0.007554993746439878
130.6	0.17043637702241807	-0.005724697141184273
130.7	0.1700027609932942	-0.006519983524301356
130.8	0.17600822226860433	-0.005367074144684354
130.9	0.17556355209629249	-0.006162116334202758
131.0	0.1683872910645279	-0.006030637194676166
131.1	0.16793919099099083	-0.006825602350241995
131.2	0.1733380552660781	-0.0074924833616407845
131.3	0.17407415146800653	-0.0059146341826222075
131.4	0.17362071665663653	-0.0067094783311655234
131.5	0.16734179081999845	-0.006986850509141496
131.6	0.16688835600862847	-0.007781694657684805
131.7	0.17198733601024171	-0.0023819425412489152
131.8	0.17153123413569343	-0.0031767256492735985
131.9	0.18672529968389068	-0.003227791440909133
132.0	0.18626043605457462	-0.004022371466989319
132.1	0.1811665096744062	-0.0027903098715229037
132.2	0.1806928865506997	-0.003584682952050937
132.3	0.18972895304420762	-0.001206563356891479
132.4	0.1892408627782966	-0.002000586065189474
132.5	0.1893180837167551	-0.0019945579769496784
132.6	0.18883113536062388	-0.002788608729445023
132.7	0.18888315921260726	-0.0023233959772270135
132.8	0.1883912628729146	-0.0031173247304787446
132.9	0.18600898911692285	-0.001172972884101571
133.0	0.19050766776951164	-0.0017593090395460476
133.1	0.19071599611747733	-0.001506764347194326
133.2	0.19022942840689494	-0.0023008244331580545
133.3	0.1933090734047175	-0.0010138984562197625
133.4	0.19282136377091777	-0.0018079305198821435
133.5	0.1972788463499031	0.0014559875094262743
133.6	0.19678276385140614	0.0006621629495974814
133.7	0.19195283563641677	0.0017821152007480752
133.8	0.19670079290914866	0.0009349096280840304
133.9	0.19943751948385618	0.002406437859270874
134.0	0.19925860761787642	0.0023077097136107207
134.1	0.19965335594456737	0.002119513217978524
134.2	0.20090569101561537	0.00156313681988016
134.3	0.20155909035633898	0.0012050549199128825
134.4	0.20205894743592298	0.0011433562547989787
134.5	0.2035909013003243	0.0010734596694281819
134.6	0.20374600706219148	0.0016858252872925944
134.7	0.2034374906179648	0.0016091795791237443
134.8	0.2057980278228343	0.0014265277723652
134.9	0.2061608291699854	0.0017840444668917321
135.0	0.20556395225502383	0.0010932870310809868
135.1	0.2055280059929781	0.0008398646761206968
135.2	0.20338760025991395	0.0005491325563599346
135.3	0.20474510783263286	0.0003445940693319084
135.4	0.2054146953948247	0.00023305442303743137
135.5	0.20717312521056358	0.001421705262120116
135.6	0.20663627693450126	0.0009078996514376401
135.7	0.2074415452025817	0.0007336344569231282
135.8	0.2080027885392699	0.00030099772641000583
135.9	0.2101881297800884	0.0003272003712098265
136.0	0.2091458915609838	0.0001687846282853317
136.1	0.2101133976235284	0.00045951305481147994
136.2	0.21043314131447258	0.0006274246963487856
136.3	0.21151927388480649	0.0010280240255835515
136.4	0.21229763051595235	0.0011820684194654082
136.5	0.2128483718682106	0.0012030520017642758
136.6	0.2148586164274068	0.00095772414297551
136.7	0.2123487675918652	0.0007624783501027597
136.8	0.2103227690837379	0.000563925616866804
