0.0	0.00013628677143388615	-0.21347226025560956	0.0
0.1	0.020136286771433885	-0.21347226025560956	0.0
0.2	0.04013628677143389	-0.21347226025560956	0.0
0.3	0.060136286771433886	-0.21347226025560956	0.0
0.4	0.08013628677143389	-0.21347226025560956	0.0
0.5	0.10586666666666669	-0.20984615384615382	0.0
0.6	0.12586666666666668	-0.20984615384615382	0.0
0.7	0.1401362867714339	-0.21347226025560956	0.0
0.8	0.16013628677143388	-0.21347226025560956	0.0
0.9	0.18013628677143387	-0.21347226025560956	0.0
1.0	0.20013628677143389	-0.21347226025560956	0.0
1.1	0.22013628677143388	-0.21347226025560956	0.0
1.2	0.24013628677143387	-0.21347226025560956	0.0
1.3	0.2601362867714339	-0.21347226025560956	0.0
1.4	0.28013628677143393	-0.21347226025560956	0.0
1.5	0.3001362867714339	-0.21347226025560956	0.0
1.6	0.3258666666666667	-0.20984615384615382	0.0
1.7	0.3341333333333334	-0.20984615384615382	2.220446049250313e-16
1.8	0.31325363739816997	-0.20969816504667058	2.220446049250313e-16
1.9	0.25507911958854507	-0.19978826297547686	0.0026844663787999323
2.0	0.15400237756179852	-0.19365826040867995	0.009875001322013244
2.1	0.12275555555555556	-0.21661538461538465	0.011313108310656572
2.2	0.10223959878566657	-0.1942356074315667	0.011792477306870719
2.3	0.10638125705282359	-0.19177121280421047	0.011792477306870719
2.4	0.11075370726173556	-0.1905131810678975	0.011792477306870719
2.5	0.12281893516868964	-0.1891629403675949	0.01131310831065635
2.6	0.14281893516868965	-0.1891629403675949	0.01131310831065635
2.7	0.16281893516868967	-0.1891629403675949	0.01131310831065635
2.8	0.1828189351686897	-0.1891629403675949	0.01131310831065635
2.9	0.18742756299824587	-0.18934296023678288	0.011984224905356333
3.0	0.18933333333333335	-0.21661538461538468	0.01284708909854193
3.1	0.11412233123750426	-0.1804290871087525	0.01284708909854193
3.2	0.089591713388109	-0.20129083439837447	0.016202672072042068
3.3	0.08223808499596053	-0.20410114088740583	0.016394419670527682
3.4	0.08268757798974835	-0.2033321087062174	0.01687378866674205
3.5	0.057721411875460205	-0.20156333468948404	0.017449031462199116
3.6	0.05952639981473706	-0.17843115002833188	0.01658616726901352
3.7	0.06450059655038187	-0.20422992096339962	0.0164902934697706
3.8	0.062409168720701014	-0.1755110881415633	0.01716141006447036
3.9	0.06348751211145476	-0.19926704364985606	0.017065536265227665
4.0	0.06166757555444291	-0.1714233349439732	0.01773665285992765
4.1	0.05431563806347761	-0.1693650787782651	0.01802427425765618
4.2	0.05701503415429532	-0.196710409882273	0.0181201480568991
4.3	0.04182372229462261	-0.19535689788767022	0.01840776945462741
4.4	0.044171392513959296	-0.19394991609571868	0.018983012250084697
4.5	-1.7634817974088755	-0.1310322170379078	0.01955825504554176
4.6	-1.7475486789204115	-0.16214027844951773	0.020516993037970277
4.7	-0.006042740562744453	-0.21302191418919178	0.021092235833427342
4.8	-0.0035763754044219054	-0.21159904182290348	0.021188109632670038
4.9	-0.02408888888888905	-0.1793846153846152	0.021379857231156096
5.0	-0.009955555555555495	-0.1793846153846152	0.02166747862888463
5.1	0.027791403120313585	-0.14427043719094695	0.020996362034184424
5.2	0.03151540650027318	-0.20920809611750787	0.020708740636456335
5.3	-0.0007999999999999119	-0.18276923076923057	0.019558255045541983
5.4	0.020640470046381365	-0.2106793204221317	0.019558255045541983
5.5	0.0014188718183318905	-0.21040720477315114	0.019845876443270294
5.6	0.010445566159960507	-0.15344869497226454	0.020229371640241967
5.7	0.006984442582225414	-0.15433142955503884	0.020516993037970277
5.8	0.01143178004108436	-0.15380643623768334	0.021379857231155874
5.9	-0.01242356181148696	-0.20671585030344672	0.02195510002661294
6.0	-0.0033096395763096975	-0.1559597263450109	0.022817964219798537
6.1	0.001049954818720611	-0.15657495208996167	0.023393207015255824
6.2	0.0026102720742249286	-0.20494707628671335	0.024160197409198725
6.3	0.008880484199407679	-0.2077924953571105	0.02473544020465579
6.4	0.02492594982769658	-0.21102243051810182	0.02473544020465579
6.5	0.0449259498276966	-0.21102243051810182	0.02473544020465579
6.6	0.0659923411189447	-0.16811043480778792	0.02473544020465579
6.7	0.07119616195287937	-0.21386784958849897	0.02425607120844142
6.8	0.06969060424604612	-0.21302191418919172	0.02425607120844142
6.9	0.06888888888888878	-0.1929230769230768	0.02425607120844142
7.0	0.02826666666666644	-0.19630769230769218	0.022338595223584612
7.1	0.018933333333333247	-0.1929230769230768	0.023105585617527735
7.2	0.021333333333333204	-0.19292307692307684	0.02396844981071311
7.3	0.004177777777777614	-0.19292307692307684	0.02473544020465579
7.4	0.008533333333333282	-0.19292307692307684	0.025214809200869714
7.5	0.005066666666666553	-0.19292307692307684	0.025790051996327223
7.6	0.0074666666666667325	-0.19292307692307684	0.026365294791784732
7.7	0.00986666666666669	-0.19292307692307686	0.026652916189512377
7.8	0.018644321098093997	-0.18279894946848677	0.02674878998875596
7.9	0.013273094960486675	-0.18718243290126074	0.026461168591026984
8.0	0.008523930409440661	-0.20794630179334808	0.026173547193298674
8.1	-8.888888888880508e-05	-0.19969230769230764	0.0260776733940562
8.2	0.006222222222222129	-0.19969230769230764	0.025790051996327
8.3	0.015174581381660612	-0.1935004541773272	0.025694178197084305
8.4	0.02079999999999993	-0.20307692307692304	0.025310683000112855
8.5	0.027111111111111086	-0.20307692307692304	0.025214809200869714
8.6	0.017041607503562428	-0.20694655995780314	0.025885925795570364
8.7	0.022133333333333338	-0.19969230769230764	0.026269420992541148
8.8	0.01866666666666661	-0.19969230769230764	0.02674878998875574
8.9	0.024977777777777765	-0.19969230769230767	0.02722815898497033
9.0	0.01564444444444435	-0.19969230769230767	0.027419906583455944
9.1	0.014133333333333331	-0.19969230769230767	0.02780340178042695
9.2	0.020444444444444487	-0.19969230769230767	0.027324032784213026
9.3	0.026755555555555643	-0.1963076923076923	0.027803401780427173
9.4	0.019377777777777716	-0.19630769230769232	0.027515780382698862
9.5	0.023733333333333162	-0.19630769230769232	0.027707527981184032
9.6	0.018311111111110945	-0.1996923076923077	0.027803401780427173
9.7	0.018755555555555414	-0.1996923076923077	0.028091023178155705
9.8	0.015288888888888907	-0.1996923076923077	0.027899275579669647
9.9	0.020226474955649998	-0.19043455408437798	0.02713228518572719
10.0	0.029866666666666708	-0.20307692307692307	0.027036411386484493
10.1	0.02769410381162163	-0.19556488367621452	0.027228158984969886
10.2	0.013809388343526408	-0.18508791920504777	0.0274199065834555
10.3	0.02612421722025715	-0.20915990532872544	0.027899275579669647
10.4	0.012898011648659669	-0.18227333672144846	0.02789927557967009
10.5	0.02891444717068037	-0.21040720477315106	0.027803401780427395
10.6	0.0410942443681952	-0.2107148176456264	0.027803401780427395
10.7	0.047408889463846915	-0.21125314017245833	0.027899275579669647
10.8	0.053661802564750616	-0.2115238467120923	0.02904976117058422
10.9	0.07366180256475063	-0.2115238467120923	0.02904976117058422
11.0	0.05709736513903163	-0.18932984658424123	0.029720877765284204
11.1	0.07709736513903165	-0.18932984658424123	0.029720877765284204
11.2	0.05084444444444447	-0.20646153846153853	0.0305837419584698
11.3	0.023223900293031452	-0.19271946460581732	0.030104372962255654
11.4	0.018488888888888777	-0.20984615384615393	0.030008499163012514
11.5	0.038488888888888795	-0.20984615384615393	0.030008499163012514
11.6	0.02719999999999967	-0.20984615384615393	0.028858013572098606
11.7	0.04719999999999969	-0.20984615384615393	0.028858013572098606
11.8	0.0019534685383812977	-0.187441269560957	0.02885801357209794
11.9	0.021953468538381316	-0.187441269560957	0.02885801357209794
12.0	0.0010091152971516415	-0.18685985036599706	0.02933738256831253
12.1	0.005420567148474831	-0.18677192547199417	0.02933738256831253
12.2	-0.013732925373450389	-0.1847543872632816	0.031254858553170006
12.3	0.006267074626549629	-0.1847543872632816	0.031254858553170006
12.4	-0.006960399251673799	-0.18743397640907486	0.03173422754938371
12.5	0.013039600748326219	-0.18743397640907486	0.03173422754938371
12.6	0.007113359113511297	-0.24010380651460814	0.031925975147869545
12.7	0.027113359113511315	-0.24010380651460814	0.031925975147869545
12.8	-0.007111492825742527	-0.1884156226982176	0.03173422754938393
12.9	0.01288850717425749	-0.1884156226982176	0.03173422754938393
13.0	0.017197510770443625	-0.18721329276338125	0.030008499163012514
13.1	0.03719751077044364	-0.18721329276338125	0.030008499163012514
13.2	0.023960919035319606	-0.185962752104451	0.029433256367555893
13.3	0.04396091903531962	-0.185962752104451	0.029433256367555893
13.4	0.020897529983744167	-0.18362646060111265	0.029816751564527122
13.5	0.040897529983744185	-0.18362646060111265	0.029816751564527122
13.6	-0.03324444444444419	-0.1319999999999998	0.030391994359983965
13.7	-0.01324444444444417	-0.1319999999999998	0.030391994359983965
13.8	-0.015235202160656769	-0.09620592586667084	0.03173422754938415
13.9	0.004764797839343249	-0.09620592586667084	0.03173422754938415
14.0	0.00568888888888841	-0.12861538461538444	0.03240534414408369
14.1	0.025688888888888428	-0.12861538461538444	0.03240534414408369
14.2	0.030044444444444096	-0.12861538461538444	0.03269296554181267
14.3	0.050044444444444114	-0.12861538461538444	0.03269296554181267
14.4	0.027143281472818526	-0.16014276555830337	0.03269296554181267
14.5	0.04714328147281854	-0.16014276555830337	0.03269296554181267
14.6	0.05093658114460853	-0.10391964314117026	0.0322135965455983
14.7	0.07093658114460855	-0.10391964314117026	0.0322135965455983
14.8	0.03816247791002292	-0.1099004555553994	0.031350732352412924
14.9	0.058162477910022936	-0.1099004555553994	0.031350732352412924
15.0	0.06098841806550581	-0.16422612201180567	0.030871363356198334
15.1	0.07868577667221865	-0.11346942221420107	0.030871363356198334
15.2	0.04620293133088005	-0.16550443889559724	0.030008499163012514
15.3	0.06620293133088007	-0.16550443889559724	0.030008499163012514
15.4	0.0412362550657428	-0.16377495134693812	0.028762139772855466
15.5	0.05702198685538695	-0.1173795679763869	0.02789927557966987
15.6	0.04964100798647664	-0.11458579499707407	0.02789927557967009
15.7	0.06182080518399147	-0.11489340786954944	0.02789927557966987
15.8	0.037165669862984085	-0.15757469392550683	0.02847451837512671
15.9	0.0571656698629841	-0.15757469392550683	0.02847451837512671
16.0	0.028266666666666662	-0.14215384615384605	0.028762139772855688
16.1	0.04826666666666668	-0.14215384615384605	0.028762139772855688
16.2	0.03878003319617518	-0.12614120701352394	0.027611654181941336
16.3	0.05878003319617475	-0.12614120701352394	0.027611654181941336
16.4	0.04363501373879908	-0.13094134028103796	0.02636529479178451
16.5	0.0636350137387991	-0.13094134028103796	0.02636529479178451
16.6	0.036799999999999944	-0.14892307692307685	0.024831314003898708
16.7	0.05679999999999996	-0.14892307692307685	0.024831314003898708
16.8	0.014222222222222136	-0.14892307692307685	0.02511893540162702
16.9	0.034222222222222154	-0.14892307692307685	0.02511893540162702
17.0	0.028799999999999937	-0.14892307692307685	0.02511893540162702
17.1	0.04097777777777756	-0.14892307692307685	0.025023061602384322
17.2	0.027733333333333388	-0.14892307692307685	0.025598304397841387
17.3	0.047733333333333405	-0.14892307692307685	0.025598304397841387
17.4	0.024717460456438634	-0.1431384002230818	0.02521480920087016
17.5	0.028988913270531658	-0.15742088748926905	0.02521480920087016
17.6	-0.001777777777777878	-0.15569230769230766	0.024639566405413094
17.7	0.01822222222222214	-0.15569230769230766	0.024639566405413094
17.8	0.024533333333333296	-0.15569230769230766	0.024639566405413316
17.9	0.044533333333333314	-0.15569230769230766	0.024639566405413316
18.0	0.041144930653982836	-0.15411404911015883	0.023776702212227052
18.1	0.061144930653982854	-0.15411404911015883	0.023776702212227052
18.2	0.03217777777777764	-0.15907692307692306	0.023680828412984578
18.3	0.052177777777777656	-0.15907692307692306	0.023680828412984578
18.4	0.021333333333333204	-0.1590769230769231	0.0233932070152556
18.5	-0.05240879259719966	-0.16497807311991844	0.024735440204655568
18.6	-0.12639999999999985	-0.1658461538461539	0.024831314003898708
18.7	-0.1943999999999999	-0.1692307692307693	0.02281796421979876
18.8	-0.23893333333333366	-0.16923076923076932	0.023489080814498742
18.9	-0.2709405253744577	-0.2006976044292902	0.025023061602384322
19.0	-0.2810666666666668	-0.16923076923076932	0.02569417819708386
19.1	-0.2645859759312512	-0.1883359811730435	0.02598179959481306
19.2	-0.26028142723966763	-0.18851414280384476	0.025310683000112855
19.3	-0.2461466458829462	-0.18873972813627854	0.025310683000112855
19.4	-0.2553728611769337	-0.19371920644136242	0.02588592579556992
19.5	-0.23537286117693368	-0.19371920644136242	0.02588592579556992
19.6	-0.23733333333333384	-0.1760000000000001	0.025981799594812838
19.7	-0.22319999999999984	-0.1760000000000001	0.025310683000112855
19.8	-0.22666666666666657	-0.1760000000000001	0.02483131400389893
19.9	-0.2179481791662652	-0.19904145831742204	0.02454369260616973
20.0	-0.22537494986012074	-0.1995715769222218	0.0242560712084412
20.1	-0.22882352013870655	-0.19761275121200797	0.024447818806927257
20.2	-0.2205539574252633	-0.19806392187687555	0.025023061602384544
20.3	-0.2083163088191773	-0.1989486252734437	0.025598304397841387
20.4	-0.20010468623619282	-0.1988158729849882	0.02579005199632678
20.5	-0.19435499523615896	-0.14933749007117517	0.026269420992541592
20.6	-0.1800888888888892	-0.17600000000000013	0.026461168591027207
20.7	-0.17977094269036709	-0.1483599536306287	0.02674878998875574
20.8	-0.1733333333333329	-0.17600000000000013	0.0266529161895126
20.9	-0.1827825460744119	-0.14670566119278086	0.02713228518572741
21.0	-0.18417777777777733	-0.17600000000000016	0.026940537587241797
21.1	-0.17786666666666662	-0.17600000000000016	0.026940537587241797
21.2	-0.1612153234909508	-0.20756178570275402	0.026940537587241797
21.3	-0.1848979630467129	-0.1476373589690004	0.026844663787998435
21.4	-0.17467343120410206	-0.14726955289284444	0.026940537587241353
21.5	-0.16453230640879823	-0.14542398546272955	0.026940537587241353
21.6	-0.14453230640879777	-0.14542398546272955	0.026940537587241353
21.7	-0.1245323064087982	-0.14542398546272955	0.026940537587241353
21.8	-0.1792889290515074	-0.14557779189896758	0.026173547193298452
21.9	-0.1778619107074091	-0.07859508891745608	0.02588592579557014
22.0	-0.173502316312379	-0.07921031466240681	0.02559830439784161
22.1	-0.18971518724434056	-0.1461930176439183	0.02521480920087016
22.2	-0.18535559284930958	-0.14557779189896758	0.025023061602384544
22.3	-0.16237858382790993	-0.08113289511537787	0.02435194500768456
22.4	-0.1649060998555223	-0.14480875971777915	0.02406432360995603
22.5	-0.15493333333333403	-0.1150769230769229	0.02425607120844142
22.6	-0.14828495740167025	-0.1426351963332799	0.024543692606170175
22.7	-0.1576509289833723	-0.14211875943329336	0.02473544020465579
22.8	-0.1555555555555559	-0.11507692307692292	0.02473544020465579
22.9	-0.1551111111111112	-0.11507692307692292	0.025790051996327
23.0	-0.151367497098442	-0.0895922491084505	0.025790051996327223
23.1	-0.15789398046823422	-0.1429630824829269	0.025598304397841387
23.2	-0.14766923397134057	-0.1425785663923327	0.025502430598598913
23.3	-0.14218215902580766	-0.09549779073030841	0.02511893540162702
23.4	-0.13699726685809033	-0.1442994176468201	0.024927187803141848
23.5	-0.130933333333334	-0.12184615384615372	0.024256071208441643
23.6	-0.12249951952967209	-0.14719275947946323	0.022913838019041455
23.7	-0.12267208812244501	-0.10412695733291161	0.022626216621313144
23.8	-0.12360001721318614	-0.14896153349619654	0.022434469022827308
23.9	-0.13502222222222215	-0.12861538461538452	0.022434469022827086
24.0	-0.12852331320843557	-0.1467808563035919	0.022338595223584612
24.1	-0.12225153823182211	-0.14665443695263128	0.022530342822070226
24.2	-0.10673926824915814	-0.10743379571202183	0.022530342822070004
24.3	-0.10237967385412716	-0.10804902145697257	0.022817964219798537
24.4	-0.09740013523575808	-0.14490097853331024	0.023009711818284595
24.5	-0.09520000000000017	-0.12523076923076912	0.02310558561752729
24.6	-0.0908444444444445	-0.12523076923076915	0.02310558561752707
24.7	-0.09822222222222177	-0.12523076923076915	0.023201459416769765
24.8	-0.10009810418713894	-0.1115834257923749	0.02320145941677021
24.9	-0.10124444444444425	-0.12861538461538452	0.022434469022827086
25.0	-0.09102222222222256	-0.12861538461538452	0.02233859522358439
25.1	-0.0925333333333338	-0.12861538461538452	0.02224272142434147
25.2	-0.08652355493387365	-0.11764261040874506	0.022146847625098776
25.3	-0.08571016264420628	-0.14251638647902676	0.022242721424341694
25.4	-0.07751111111111175	-0.13199999999999995	0.021859226227370687
25.5	-0.08125648638276761	-0.12342966508074096	0.02166747862888463
25.6	-0.0827620440896002	-0.12427560048004821	0.02157160482964171
25.7	-0.08595555555555645	-0.13199999999999995	0.021379857231155874
25.8	-0.07573333333333387	-0.13199999999999998	0.021763352428127547
25.9	-0.06942222222222316	-0.13199999999999998	0.020612866837213195
26.0	-0.05724444444444465	-0.13199999999999998	0.020900488234941728
26.1	-0.05484444444444492	-0.13199999999999998	0.02080461443569881
26.2	-0.0583111111111112	-0.13199999999999998	0.020900488234941506
26.3	-0.05591111111111147	-0.13199999999999998	0.021092235833427564
26.4	-0.06328888888888873	-0.13199999999999998	0.021475731030398792
26.5	-0.05893333333333395	-0.13199999999999998	0.02195510002661294
26.6	-0.06653680994799505	-0.13150450298321936	0.021571604829641267
26.7	-0.0601396429639518	-0.13204316418265957	0.021763352428127547
26.8	-0.05937277512433781	-0.1346575349260919	0.022146847625098998
26.9	-0.05110307932806535	-0.13419611561737882	0.023393207015255824
27.0	-0.05084444444444447	-0.13876923076923076	0.022722090420556063
27.1	-0.042472756478941776	-0.13973314732193542	0.02166747862888485
27.2	-0.036266666666666225	-0.14215384615384616	0.021092235833427786
27.3	-0.029955555555555513	-0.14215384615384616	0.020516993037970277
27.4	-0.029574564232860645	-0.14774010203325613	0.020133497840998604
27.5	-0.031121695853028264	-0.14396282431847177	0.020325245439484885
27.6	-0.0384000000000011	-0.13876923076923078	0.019845876443270294
27.7	-0.024357557763589277	-0.14527017902649209	0.020229371640241745
27.8	-0.031728267572286306	-0.14634682408015587	0.020612866837213195
27.9	-0.029323723877876517	-0.14703895304322542	0.020996362034184646
28.0	-0.038577777777778266	-0.1387692307692308	0.021475731030399237
28.1	-0.0342222222222226	-0.1387692307692308	0.02195510002661316
28.2	-0.03768888888888977	-0.1387692307692308	0.02233859522358439
28.3	-0.02752575190272566	-0.15011508176797914	0.022338595223584612
28.4	-0.030933333333334367	-0.14215384615384621	0.022338595223584834
28.5	-0.028533333333333744	-0.14215384615384621	0.022338595223584612
28.6	-0.03395555555555596	-0.14215384615384621	0.022050973825855635
28.7	-0.025683346957105613	-0.15657495208996186	0.021475731030399015
28.8	-0.031111111111111533	-0.1455384615384616	0.020996362034184646
28.9	-0.028467136441544305	-0.1744352758674908	0.020612866837213417
29.0	-0.03608888888888906	-0.14553846153846162	0.020516993037970055
29.1	-0.02770117282895157	-0.12755763978098708	0.020516993037970055
29.2	-0.021480831287545854	-0.16034320977778513	0.02090048823494217
29.3	-0.01307783657986672	-0.1269672131142076	0.02118810963267026
29.4	-0.012800000000000367	-0.14553846153846162	0.02157160482964149
29.5	-0.012355555555555675	-0.14553846153846164	0.022050973825855635
29.6	-0.02534361707592847	-0.1250540658930248	0.02224272142434147
29.7	-0.024965219509064163	-0.12335276186262205	0.02224272142434147
29.8	-0.020800000000000374	-0.14553846153846164	0.022626216621313144
29.9	-0.014488888888888773	-0.14553846153846164	0.021955100026612717
30.0	-0.01784045436677495	-0.16987920882452154	0.021667478628885073
30.1	-0.015347044731429449	-0.12058424601034372	0.02166747862888463
30.2	-0.01511111111111152	-0.14553846153846167	0.021763352428127547
30.3	-0.010724621703314341	-0.17080914176682607	0.021859226227370465
30.4	-0.025773302924260832	-0.12119947175529444	0.02137985723115632
30.5	-0.025254733207360935	-0.12167024999238998	0.021188109632670038
30.6	-0.028715856785094473	-0.12078751540961566	0.021283983431913178
30.7	-0.020479904681124594	-0.11971061641153619	0.021283983431912956
30.8	-0.014200077446004045	-0.11850785912113497	0.021379857231155874
30.9	-0.005895852135332724	-0.11873307997098974	0.020996362034184424
31.0	-0.00935672670844756	-0.11783073864125454	0.02118810963267026
31.1	-0.008874695675688216	-0.1177715055851368	0.021188109632670038
31.2	-0.016458516693712788	-0.17779745721378928	0.02118810963267026
31.3	0.0035414833062867856	-0.17779745721378928	0.02118810963267026
31.4	-0.0645764525372785	-0.10135844148063358	0.021379857231156096
31.5	-0.05520000000000014	-0.06769230769230751	0.020996362034184424
31.6	-0.05603499562909242	-0.035298577116548185	0.02166747862888463
31.7	-0.051675401234062335	-0.03591380286149892	0.02157160482964171
31.8	-0.07058565194251987	-0.1000432527144202	0.022434469022827308
31.9	-0.060507235779124535	-0.041220124911699026	0.02195510002661316
32.0	-0.06196836051548882	-0.10351173158796113	0.020996362034184424
32.1	-0.05762229346817627	-0.046696163813796536	0.020516993037970277
32.2	-0.06893401030086643	-0.10504979595033795	0.019654128844784458
32.3	-0.058678823971127336	-0.10407003336279257	0.019270633647813007
32.4	-0.0543194070198707	-0.10346847247630243	0.018887138450842
32.5	-0.04488888888888898	-0.07784615384615369	0.018216021856142017
32.6	-0.04554161467794593	-0.05290941406576299	0.018120148056898877
32.7	-0.04512305290020713	-0.05472954413200605	0.01802427425765596
32.8	-0.052462831492855244	-0.05475509130061519	0.018216021856141795
32.9	-0.050074532129400495	-0.05594516244358228	0.018216021856142017
33.0	-0.05244444444444518	-0.07784615384615372	0.01831189565538449
33.1	-0.04926288187930705	-0.10166378981683206	0.01792840045841304
33.2	-0.04881361069023704	-0.1009118387087194	0.018216021856142017
33.3	-0.04133333333333322	-0.08123076923076912	0.01840776945462763
33.4	-0.04776638985903858	-0.06267612276685591	0.018407769454627187
33.5	-0.039496694062765236	-0.06313754207556897	0.018407769454627187
33.6	-0.05464317370347871	-0.06790554159893716	0.017065536265227443
33.7	-0.039555555555555344	-0.08799999999999991	0.017065536265227443
33.8	-0.05369975474543409	-0.07282734755854306	0.015819176875070395
33.9	-0.0464888888888888	-0.08799999999999991	0.015531555477341863
34.0	-0.033650158485865056	-0.10581882813152631	0.015531555477341863
34.1	-0.02302551525475227	-0.07398089583032569	0.01524393407961333
34.2	-0.038616324600153185	-0.10405005411479294	0.015435681678098945
34.3	-0.03688888888888897	-0.09138461538461531	0.015915050674313314
34.4	-0.026666666666667282	-0.09138461538461531	0.015915050674313314
34.5	-0.03534390910558205	-0.10206184996665048	0.01668204106825577
34.6	-0.03688159976033134	-0.10142912977789413	0.016969662465984747
34.7	-0.028579367350526574	-0.10072410790849083	0.016586167269013297
34.8	-0.02684444444444445	-0.09138461538461533	0.016682041068256215
34.9	-0.021340189034602552	-0.08359379809518093	0.016298545871284764
35.0	-0.0071530667828936245	-0.0834635253772027	0.016298545871284764
35.1	-0.017050776539153212	-0.10135363358291888	0.01658616726901374
35.2	-0.039470314901031145	-0.0899434807339101	0.015243934079613553
35.3	-0.03831111111111163	-0.09815384615384612	0.01486043888264188
35.4	-0.024177777777778076	-0.09815384615384612	0.01486043888264188
35.5	-0.03218006717419186	-0.09538688614537455	0.014956312681884576
35.6	-0.01807565782542575	-0.09568790251306623	0.014956312681884576
35.7	-0.01955008810869785	-0.09651477162344486	0.015148060280370634
35.8	-0.022400000000000198	-0.10153846153846154	0.015148060280370412
35.9	-0.017486426648872566	-0.10167081952319486	0.015435681678099167
36.0	-0.023466666666666747	-0.10153846153846154	0.01562742927658478
36.1	-0.018478952425863504	-0.1000510867726131	0.01524393407961333
36.2	-0.016711111111111343	-0.09815384615384616	0.015243934079613108
36.3	-0.008444444444444699	-0.09815384615384616	0.014860438882642102
36.4	-0.005400169240772357	-0.09820540953776088	0.014764565083399406
36.5	0.0022222222222216814	-0.10153846153846155	0.01457281748491357
36.6	0.01440000000000019	-0.10153846153846155	0.01457281748491357
36.7	0.0031111111111110645	-0.10153846153846155	0.015148060280370856
36.8	-0.0028912697381224817	-0.10797211823885385	0.014860438882642102
36.9	0.0015469581239324626	-0.11213426075749953	0.014860438882642102
37.0	-0.00781300288194231	-0.11312463385281622	0.014956312681884798
37.1	-0.009318560588775782	-0.11397056925212351	0.015243934079613553
37.2	-0.006842212611710252	-0.11512488201160502	0.01486043888264188
37.3	0.0013908529449500051	-0.11536057983894342	0.014764565083398962
37.4	-0.002949155944452997	-0.09720566770221589	0.014668691284156266
37.5	-0.0005446122500440964	-0.09651353873914632	0.014668691284156488
37.6	-0.007915322058742014	-0.09543689368548253	0.014668691284156488
37.7	-0.006621602626048606	-0.11858476233925402	0.014572817484913347
37.8	-0.00030695753039822193	-0.11912308486608593	0.014668691284156488
37.9	0.011872839667117496	-0.11943069773856131	0.014285196087185037
38.0	0.01232233266090521	-0.12019972991974973	0.014764565083398962
38.1	0.013882649916410195	-0.09236076496072884	0.01495631268188502
38.2	0.006511940107712277	-0.09128411990706506	0.015723303075827477
38.3	0.004355555555555668	-0.1083076923076924	0.015915050674313536
38.4	0.0004423452999171573	-0.12677895682779505	0.01581917687507084
38.5	-0.011734520887604738	-0.09159173277954041	0.015243934079613553
38.6	0.001378368689752385	-0.12873598713094117	0.014860438882642102
38.7	0.005737963084782471	-0.1293512128758919	0.01457281748491357
38.8	0.012052608180433744	-0.1298895354027238	0.014093448488698979
38.9	0.004643774126363631	-0.1304635172575471	0.0140934484886992
39.0	0.005131391365524429	-0.131735212637576	0.01399757468945606
39.1	-0.01009826654423751	-0.13256898036026252	0.015243934079613553
39.2	-0.012542604302801408	-0.0894384426722128	0.015531555477342085
39.3	0.0006625323674169792	-0.1404644669954455	0.016106798272798706
39.4	0.0011530771797492179	-0.1418095342111443	0.016394419670527682
39.5	-0.0014110913104232736	-0.09209864146945113	0.016106798272798706
39.6	0.0185889086895763	-0.09209864146945113	0.016106798272798706
39.7	0.03182731667043104	-0.14296308248292694	0.016586167269013297
39.8	0.03027990864807162	-0.1431714909846511	0.016777914867499355
39.9	0.035576848797063576	-0.0904802947343649	0.016777914867499355
40.0	0.046819034074956356	-0.14407383231438628	0.017257283863713502
40.1	0.008444444444444699	-0.11846153846153862	0.01620267207204229
40.2	0.015324068101593369	-0.08943844267221278	0.01620267207204229
40.3	0.02951022697657102	-0.09062741716482728	0.01524393407961333
40.4	0.042794346251984194	-0.15069100206577768	0.015148060280370412
40.5	0.04719799779492995	-0.15203766222095028	0.015148060280370412
40.6	0.06719799779492952	-0.15203766222095028	0.015148060280370412
40.7	0.07742274429182316	-0.15242217831154448	0.014572817484913347
40.8	0.09742274429182274	-0.15242217831154448	0.014572817484913347
40.9	0.013614400712789632	-0.024000666337569924	0.014956312681884798
41.0	0.033614400712789205	-0.024000666337569924	0.014956312681884798
41.1	-0.007044045727118586	-0.023763094398721943	0.015531555477342085
41.2	0.012955954272880987	-0.023763094398721943	0.015531555477342085
41.3	0.011435987054976948	-0.025893547761379067	0.015915050674313758
41.4	0.03143598705497652	-0.025893547761379067	0.015915050674313758
41.5	0.0020444444444454035	-0.05753846153846139	0.01658616726901352
41.6	0.022044444444444977	-0.05753846153846139	0.01658616726901352
41.7	-0.02778222242970685	-0.03376459779111656	0.016586167269013297
41.8	-0.007782222429707275	-0.03376459779111656	0.016586167269013297
41.9	-0.005955555555555492	-0.06430769230769218	0.014189322287942119
42.0	0.014044444444444082	-0.06430769230769218	0.014189322287942119
42.1	-0.008293243504404302	-0.04233484738674306	0.013230584295513603
42.2	0.011706756495595272	-0.04233484738674306	0.013230584295513603
42.3	0.020210891668918762	-0.08974605554468841	0.013230584295513603
42.4	0.040210891668918336	-0.08974605554468841	0.013230584295513603
42.5	-0.016977777777777092	-0.07107692307692297	0.013518205693241914
42.6	0.0030222222222224815	-0.07107692307692297	0.013518205693241914
42.7	-0.018677898235983648	-0.03304280556080215	0.012751215299299012
42.8	0.0013221017640177024	-0.03304280556080215	0.012751215299299012
42.9	-0.000702036101603909	-0.0549676260030358	0.012559467700813842
43.0	0.0017353065011285196	-0.054926115093848815	0.012271846303085088
43.1	-0.04560000000000031	-0.07446153846153838	0.011888351106113415
43.2	-0.025599999999998957	-0.07446153846153838	0.011888351106113415
43.3	-0.016420305979115923	-0.06145744396604003	0.011504855909142186
43.4	0.0035796940208836503	-0.06145744396604003	0.011504855909142186
43.5	-0.015515172768967744	-0.06692364862202713	0.011408982109899046
43.6	0.004484827231033606	-0.06692364862202713	0.011408982109899046
43.7	-0.025450466362245905	-0.05904886462319064	0.01073786551519973
43.8	-0.005450466362246331	-0.05904886462319064	0.01073786551519973
43.9	-0.013674641948661304	-0.07331523304098476	0.010546117916713671
44.0	-0.0014510996502448137	-0.0732610503615663	0.010546117916713671
44.1	-0.025511111111111262	-0.08123076923076919	0.01045024411747053
44.2	-0.005511111111111688	-0.08123076923076919	0.01045024411747053
44.3	0.00471111111111	-0.08123076923076919	0.010066748920499746
44.4	0.008122442807623642	-0.0763230374734354	0.009683253723528074
44.5	-0.010956327180796421	-0.07774915351814897	0.009395632325799319
44.6	0.009043672819203152	-0.07774915351814897	0.009395632325799319
44.7	0.0007372872447852785	-0.07653635892688139	0.010354370318228057
44.8	0.02073728724478663	-0.07653635892688139	0.010354370318228057
44.9	0.0045714326691719265	-0.08367070131329979	0.01016262271974222
45.0	0.0245714326691715	-0.08367070131329979	0.01016262271974222
45.1	0.044571432669171074	-0.08367070131329979	0.01016262271974222
45.2	0.014577777777777357	-0.088	0.010066748920499524
45.3	0.03457777777777871	-0.088	0.010066748920499524
45.4	0.04284444444444446	-0.08800000000000001	0.01016262271974222
45.5	0.06284444444444404	-0.08800000000000001	0.01016262271974222
45.6	0.04221364966895713	-0.09421041771521749	0.009299758526556401
45.7	0.033701092507962827	-0.09568790251306628	0.008916263329584728
45.8	0.037341905709483925	-0.09796922146537371	0.00862864193185664
45.9	0.0573419057094835	-0.09796922146537371	0.00862864193185664
46.0	0.03494840277173239	-0.0943698640681393	0.008916263329585172
46.1	0.05494840277173374	-0.0943698640681393	0.008916263329585172
46.2	-0.014941503694517522	-0.10121261915196451	0.008532768132613944
46.3	0.005058496305482052	-0.10121261915196451	0.008532768132613944
46.4	-0.02506666666666746	-0.09476923076923083	0.010066748920499746
46.5	-0.005066666666666109	-0.09476923076923083	0.010066748920499746
46.6	-0.005280681349837835	-0.10730342312767707	0.009779127522770992
46.7	0.014719318650161739	-0.10730342312767707	0.009779127522770992
46.8	-0.018067649139348774	-0.10933369111958127	0.009012137128827868
46.9	0.0019323508606525763	-0.10933369111958127	0.009012137128827868
47.0	0.0004265491686297196	-0.1101608373385052	0.008341020534127885
47.1	-0.005413132583450775	-0.1275868709550486	0.008341020534127885
47.2	-0.006462487269137895	-0.11235560167162786	0.00843689433337147
47.3	-0.0587993631921222	-0.11520102074202503	0.010066748920499524
47.4	-0.11334291428313037	-0.1415461577744133	0.010066748920499524
47.5	-0.1854123714739071	-0.1430488035167117	0.00862864193185664
47.6	-0.24729785746299981	-0.15388569594578305	0.01016262271974222
47.7	-0.2955547033150925	-0.12692934704941752	0.011217234511413654
47.8	-0.2990850035159287	-0.12642637885291166	0.011313108310656572
47.9	-0.27908500351592913	-0.12642637885291166	0.011313108310656572
48.0	-0.25908500351592956	-0.12642637885291166	0.011313108310656572
48.1	-0.32619880932721834	-0.07499224596624367	0.010833739314442203
48.2	-0.3140189171495571	-0.07467748312902964	0.010641991715956367
48.3	-0.29597394410514255	-0.07459879241972614	0.010737865515199507
48.4	-0.28572654648036355	-0.07344257330349403	0.0109296131136849
48.5	-0.28527705348657584	-0.0726735411223056	0.011217234511413654
48.6	-0.2915813720040248	-0.009612902264855058	0.01131310831065635
48.7	-0.2833116762077523	-0.010074321573568107	0.011313108310656572
48.8	-0.2820179567750589	-0.07382708939408822	0.01102548691292804
48.9	-0.2756820311359114	-0.07263847704368322	0.010066748920499524
49.0	-0.2705777777777776	-0.04399999999999984	0.009779127522770992
49.1	-0.2623111111111118	-0.043999999999999845	0.009587379924285155
49.2	-0.25484875866230183	-0.07513444410210852	0.009395632325799541
49.3	-0.2434292554986044	-0.017219680375780116	0.009203884727313039
49.4	-0.23635431636913395	-0.07428850870280125	0.009203884727313705
49.5	-0.2261295698722403	-0.07390399261220704	0.009299758526556401
49.6	-0.2256800768784526	-0.07313496043101862	0.009395632325799319
49.7	-0.21934433989786228	-0.07203691615719308	0.009299758526556401
49.8	-0.2189159387890136	-0.0718276057229983	0.009395632325799097
49.9	-0.21260129369336234	-0.07128928319616641	0.010066748920499524
50.0	-0.21408638056846208	-0.06993145305447765	0.01016262271974222
50.1	-0.20974725700516572	-0.06982812205190841	0.01045024411747053
50.2	-0.208068567426702	-0.026629159913691035	0.01016262271974222
50.3	-0.19714143001653106	-0.07166094060313677	0.010066748920499746
50.4	-0.1928028053893005	-0.07151999285052293	0.009491506125042237
50.5	-0.1864675232329258	-0.07053301394096778	0.009108010928070787
50.6	-0.18524444444444654	-0.050769230769230664	0.008916263329585172
50.7	-0.18172350587529884	-0.0729811539947809	0.008820389530342476
50.8	-0.19102837437301545	-0.071435355270703	0.008724515731099336
50.9	-0.18195555555555742	-0.05415384615384606	0.008341020534128107
51.0	-0.1784870952272577	-0.07452010171042255	0.008149272935642271
51.1	-0.17217228391634976	-0.07396926674529798	0.008245146734884745
51.2	-0.16497777777777856	-0.05753846153846145	0.00862864193185664
51.3	-0.15475555555555687	-0.05753846153846145	0.008820389530342698
51.4	-0.1532058287811786	-0.07198141215923594	0.008820389530342476
51.5	-0.14689118368552556	-0.07144308963240405	0.008628641931856418
51.6	-0.14646330822857934	-0.07097901979176464	0.008628641931856862
51.7	-0.14208209629670954	-0.07005883170626488	0.007957525337156657
51.8	-0.13967755260230064	-0.06936670274319531	0.008053399136399575
51.9	-0.13253333333333295	-0.057538461538461476	0.008053399136399575
52.0	-0.14079979828395928	-0.07137247333828219	0.008053399136399575
52.1	-0.1355555555555572	-0.05753846153846148	0.008053399136399353
52.2	-0.12659360612810922	-0.04837212419675141	0.008341020534128107
52.3	-0.11438351790892654	-0.048257385811722384	0.00824514673488519
52.4	-0.11358552608475314	-0.06924782418708746	0.008436894333370581
52.5	-0.10640000000000072	-0.060923076923076885	0.008532768132613944
52.6	-0.10791111111111285	-0.060923076923076885	0.00862864193185664
52.7	-0.10551111111111311	-0.060923076923076885	0.008724515731099558
52.8	-0.11767603229976764	-0.06913599308883873	0.007669903939428124
52.9	-0.11635555555555577	-0.06430769230769227	0.007286408742456674
53.0	-0.11004444444444594	-0.06430769230769227	0.0071905349432137555
53.1	-0.09982222222222426	-0.06430769230769229	0.007094661143971059
53.2	-0.10133333333333283	-0.06430769230769229	0.007094661143970837
53.3	-0.09111111111111114	-0.06430769230769229	0.006998787344728141
53.4	-0.09848888888888929	-0.0643076923076923	0.0071905349432135335
53.5	-0.09217777777777947	-0.0643076923076923	0.006902913545485001
53.6	-0.09564444444444398	-0.0643076923076923	0.007574030140184984
53.7	-0.09414477310800784	-0.0663362679428576	0.007861651537913739
53.8	-0.09954018042801138	-0.06536773540101547	0.0085327681326135
53.9	-0.08648888888889061	-0.0676923076923077	0.008341020534128107
54.0	-0.0840888888888891	-0.0676923076923077	0.008149272935642049
54.1	-0.07582222222222335	-0.0676923076923077	0.007957525337156657
54.2	-0.08021142489689836	-0.06625757723355408	0.007957525337156657
54.3	-0.07780666749716403	-0.06554936084982249	0.007669903939427902
54.4	-0.08906745263326776	-0.06444489678358935	0.00738228254169937
54.5	-0.08382222222222246	-0.07107692307692311	0.006711165946999609
54.6	-0.07751111111111264	-0.07107692307692311	0.006423544549271076
54.7	-0.06924444444444511	-0.07107692307692312	0.006423544549270854
54.8	-0.06879999999999953	-0.07107692307692312	0.006711165946999831
54.9	-0.06053333333333377	-0.07107692307692312	0.007094661143970837
55.0	-0.0620444444444459	-0.07107692307692313	0.007574030140185206
55.1	-0.05768888888889023	-0.07107692307692313	0.00786165153791396
55.2	-0.06311111111111245	-0.07107692307692313	0.00747815634094251
55.3	-0.06071111111111094	-0.07107692307692315	0.007669903939428124
55.4	-0.06808888888888909	-0.07107692307692315	0.007478156340942288
55.5	-0.05982222222222333	-0.07107692307692315	0.007574030140185428
55.6	-0.05937777777777953	-0.07107692307692316	0.007286408742456896
55.7	-0.051111111111111995	-0.07107692307692316	0.0071905349432133114
55.8	-0.05457777777777828	-0.07107692307692316	0.006998787344728363
55.9	-0.052177777777778545	-0.07107692307692316	0.0071905349432133114
56.0	-0.05454928789443514	-0.05660076853546743	0.007478156340942288
56.1	-0.06191999770313039	-0.05552412348180364	0.007669903939427902
56.2	-0.055605352607480896	-0.05498580095497175	0.0071905349432135335
56.3	-0.05127328143781362	-0.09414427873570543	0.006998787344728141
56.4	-0.04297606241617835	-0.09505237759488849	0.006902913545485223
56.5	-0.040571518721767674	-0.09574450655795808	0.006902913545485445
56.6	-0.032301822925495216	-0.09620592586667114	0.0071905349432135335
56.7	-0.027970394989507597	-0.056020357554393545	0.0071905349432135335
56.8	-0.028622222222223215	-0.07446153846153858	0.007190534943213089
56.9	-0.034044444444443656	-0.07446153846153859	0.006423544549270854
57.0	-0.029688888888889764	-0.07446153846153859	0.006711165946999831
57.1	-0.043698490756181485	-0.05003777522937001	0.006807039746242305
57.2	-0.04248888888889013	-0.07784615384615398	0.0071905349432133114
57.3	-0.04204444444444455	-0.07784615384615398	0.007574030140184984
57.4	-0.030647269245266173	-0.10519796002496157	0.007574030140184984
57.5	-0.03019799805619705	-0.10594991113307421	0.007765777738670598
57.6	-0.027865816075756555	-0.053111197396919795	0.008149272935642271
57.7	-0.03316615537621814	-0.11098798355742907	0.008341020534128551
57.8	-0.03467195706823745	-0.11181512977635298	0.008628641931857084
57.9	-0.050037053184007974	-0.05271177267869787	0.007861651537913739
58.0	-0.03590227182728789	-0.05248618734626408	0.007382282541699814
58.1	-0.027448085174729187	-0.11652096492620703	0.007382282541699592
58.2	-0.02435555555555524	-0.08461538461538479	0.0071905349432135335
58.3	-0.004355555555555668	-0.08461538461538479	0.0071905349432135335
58.4	-0.06324353602226296	0.0006295256744282123	0.007094661143970837
58.5	-0.06302222222222298	-0.033846153846153665	0.0066152921477564686
58.6	-0.058666666666665535	-0.03384615384615367	0.006807039746242305
58.7	-0.062133333333333596	-0.03384615384615367	0.006807039746242305
58.8	-0.0692647220680005	-0.0028328655349261767	0.006998787344728141
58.9	-0.06490493771268113	-0.003462391209354245	0.007286408742456674
59.0	-0.05297777777777668	-0.033846153846153686	0.0071905349432137555
59.1	-0.04862222222222101	-0.033846153846153686	0.007094661143970837
59.2	-0.04400886487974631	-0.00631638930814649	0.006998787344728363
59.3	-0.048382106797371094	-0.06384064907876505	0.006615292147756691
59.4	-0.04502194931867187	-0.011279266621690064	0.006423544549271076
59.5	-0.05662222222222191	-0.04061538461538448	0.0052730589583569465
59.6	-0.055810398163064434	-0.016618119489289974	0.004793689962142356
59.7	-0.04363068968743633	-0.016918899932535036	0.0041225733674421505
59.8	-0.038402351455692596	-0.06714923395446079	0.004218447166685291
59.9	-0.058755555555555006	-0.04399999999999988	0.0041225733674421505
60.0	-0.05513853405279079	-0.06594281439634016	0.004314320965927987
60.1	-0.047698823574432225	-0.02015228969741948	0.0046978161628994375
60.2	-0.03982222222222198	-0.040615384615384505	0.004218447166685291
60.3	-0.04592376915484664	-0.06051315545439806	0.004793689962142578
60.4	-0.04934878842489532	-0.058727381543598974	0.004601942363656741
60.5	-0.058044444444444565	-0.04061538461538452	0.004793689962142578
60.6	-0.04739345389789129	-0.02321375924453491	0.0046978161628992154
60.7	-0.04694372345373843	-0.024000666337569997	0.004314320965928431
60.8	-0.045657387090605184	-0.05952309082398359	0.004218447166685513
60.9	-0.06945912028930401	-0.029902469535333143	0.0035473305719853077
61.0	-0.061179621798860495	-0.03005009166573025	0.0035473305719853077
61.1	-0.05610204577704181	-0.06043446474509453	0.003739078170470922
61.2	-0.043199999999998795	-0.04738461538461532	0.003163835375014301
61.3	-0.046109436258115366	-0.03556820060518576	0.0027803401780424064
61.4	-0.037850637523982655	-0.03629831895209324	0.003067961575770939
61.5	-0.040663401054498394	-0.061221371838129604	0.0034514567727423895
61.6	-0.034985110147736975	-0.03753546833777348	0.0033555829734994713
61.7	-0.035853886255027945	-0.05980493907066644	0.003067961575770717
61.8	-0.030163172835452556	-0.038750922496558364	0.003067961575771383
61.9	-0.03557819227463632	-0.03979824472619509	0.002492718780314096
62.0	-0.02927613445996613	-0.040525715291306816	0.002396844981071178
62.1	-0.03664651183815515	-0.041627385221555936	0.0023009711818282597
62.2	-0.02446661966049568	-0.04194214805876997	0.0023009711818282597
62.3	-0.031836997038682924	-0.043043817989019094	0.0023968449810709558
62.4	-0.030750746190388867	-0.054375280128724335	0.0026844663787994882
62.5	-0.041333333333332334	-0.050769230769230754	0.002972087776528465
62.6	-0.04088888888888853	-0.05076923076923076	0.0034514567727428336
62.7	-0.0397677442968547	-0.049968600407727846	0.0033555829734996934
62.8	-0.029542879074776707	-0.05036205395424539	0.003163835375013857
62.9	-0.027822222222221527	-0.05415384615384615	0.002492718780313874
63.0	-0.01368888888888975	-0.05415384615384615	0.002492718780313874
63.1	-0.014463033310079254	-0.05555564076827696	0.0027803401780426285
63.2	-0.016711111111110455	-0.057538461538461545	0.0026844663787997103
63.3	-0.020590910841249865	-0.060700031277101524	0.0027803401780424064
63.4	-0.018978922844381074	-0.05815243417529274	0.001917475984856809
63.5	-0.014619138489061712	-0.058781959849720816	0.001917475984856809
63.6	-0.02394454282283398	-0.05996232048927344	0.0023968449810709558
63.7	-0.02935989324543975	-0.06098529971021906	0.0026844663787999323
63.8	-0.021090054978948558	-0.061457443966040116	0.0026844663787999323
63.9	-0.02728888888889003	-0.05753846153846158	0.003834951969714062
64.0	-0.028799999999998604	-0.05753846153846158	0.004218447166685291
64.1	-0.04513153478651866	-0.06798244481705615	0.004889563761385718
64.2	-0.03488588310387364	-0.0686182985126594	0.004889563761385718
64.3	-0.033333333333333215	-0.060923076923076976	0.004410194765170905
64.4	-0.026143166529093875	-0.07298115399478088	0.0036432043712280038
64.5	-0.02176106429475766	-0.07389057603599447	0.0026844663787994882
64.6	-0.017401279939438297	-0.07452010171042255	0.002588592579556792
64.7	-0.026726684273212342	-0.07570046234997517	0.0027803401780424064
64.8	-0.01845684600672115	-0.07617260660579622	0.003067961575771161
64.9	-0.023872196429325143	-0.07719558582674184	0.003163835375014079
65.0	-0.017557385118420754	-0.0777464207918664	0.0028762139772855466
65.1	-0.017131563470718092	-0.0781336696087433	0.003259709174256553
65.2	-0.015644444444445682	-0.06092307692307702	0.003739078170471366
65.3	-0.017155555555554258	-0.06092307692307702	0.004506068564413823
65.4	-0.013828033788731986	-0.08036386293418972	0.004793689962142578
65.5	-0.025108844998673163	-0.0815943144240912	0.0046978161628994375
65.6	-0.022704301304264263	-0.08228644338716076	0.004985437560628192
65.7	-0.03884444444444313	-0.06430769230769243	0.004985437560627748
65.8	-0.0325333333333333	-0.06430769230769243	0.0046978161628994375
65.9	-0.007675644400970683	-0.08643442789664979	0.004601942363656741
66.0	0.006483319364210871	-0.08715113343025764	0.003930825768956758
66.1	-0.006727048460506424	-0.08897702336350001	0.0035473305719855297
66.2	0.004833602833398842	-0.11434347598714822	0.0035473305719855297
66.3	-0.005879389660085721	-0.08937687650589746	0.004026699568199232
66.4	-0.005430325974865369	-0.09011248865820937	0.004506068564414267
66.5	-0.016711824078509352	-0.09128946810190844	0.004985437560628192
66.6	-0.008416709431198655	-0.09233959607623501	0.0046978161628996595
66.7	-0.008017941759801417	-0.09186791538514535	0.004985437560628192
66.8	-0.0055891648654586845	-0.09312849848268824	0.005081311359870888
66.9	-0.014889187388357428	-0.09489622984381804	0.005656554155328619
67.0	-0.014439916199288305	-0.09564818095193071	0.005656554155328397
67.1	-0.02577359536538104	-0.09546775532970435	0.005368932757599421
67.2	-0.015496446702240263	-0.0972272782789673	0.005368932757599421
67.3	-0.0798221246971309	0.03722115756951957	0.006040049352299626
67.4	-0.06568727679899489	0.036990447915163045	0.006040049352299626
67.5	-0.06518387977332019	-0.03210831231641061	0.006135923151542322
67.6	-0.0569236550384673	-0.03237625482803254	0.005464806556842561
67.7	-0.05060900994281603	0.03183793230120065	0.004985437560628192
67.8	-0.044328783459203436	-0.03398819008669228	0.004985437560628414
67.9	-0.05368830053160423	-0.035603628171896745	0.0052730589583567244
68.0	-0.05520412443164524	-0.03541689719210635	0.004985437560628192
68.1	-0.05279017316116352	-0.03413240386727291	0.004793689962142356
68.2	-0.04453021764803822	-0.03428897052993736	0.0040266995681996764
68.3	-0.03991111111111145	-0.003384615384615236	0.003643204371228226
68.4	-0.01991111111111188	-0.003384615384615236	0.003643204371228226
68.5	-0.013856310864433397	-0.033161043867768365	0.003643204371228226
68.6	-0.009487888474019712	-0.031999128625568356	0.0034514567727423895
68.7	0.00267332156965594	-0.03283767413674556	0.0034514567727423895
68.8	-0.024065150327681195	0.01691889993253484	0.003067961575771161
68.9	-0.0040651503276816214	0.01691889993253484	0.003067961575771161
69.0	-0.04099868793216466	-0.03265664436095609	0.0040266995681998985
69.1	-0.020998687932165083	-0.03265664436095609	0.0040266995681998985
69.2	-0.022227758417759702	0.01099716019099448	0.004601942363656297
69.3	-0.0022277584177601284	0.01099716019099448	0.004601942363656297
69.4	-0.02559433759517482	-0.03637522217021224	0.003643204371228226
69.5	-0.005594337595175247	-0.03637522217021224	0.003643204371228226
69.6	-0.00470051489670098	0.0017687740167334567	0.0028762139772855466
69.7	0.005046669315969865	-0.03819911629212325	0.0028762139772855466
69.8	-0.012110494386764259	-0.037144254351400646	0.0020133497841001713
69.9	0.007889505613235315	-0.037144254351400646	0.0020133497841001713
70.0	-0.017076660501052388	-0.035375480334667274	0.0009587379924285155
70.1	0.002923339498947186	-0.035375480334667274	0.0009587379924285155
70.2	0.02292333949894676	-0.035375480334667274	0.0009587379924285155
70.3	0.027282933893976846	-0.03476025458971654	0.000671116594699761
70.4	0.039462731091491676	-0.03445264171724117	0.000671116594699761
70.5	0.02036171707906753	-0.03291457735486433	0.000671116594699761
70.6	0.030586463575961176	-0.03253006126427012	0.001246359390157048
70.7	0.03299100727037185	-0.031837932301200536	0.0015339807878858025
70.8	0.052991007270371426	-0.031837932301200536	0.0015339807878858025
70.9	0.0006096983769161568	-0.03237625482803242	0.0022050973825857856
71.0	0.02060969837691573	-0.03237625482803242	0.0022050973825857856
71.1	0.01555555555555621	-0.023692307692307648	0.002588592579557014
71.2	0.035555555555555785	-0.023692307692307648	0.002588592579557014
71.3	0.03167864614624882	-0.033994386419115674	0.0010546117916709896
71.4	0.0516786461462484	-0.033994386419115674	0.0010546117916709896
71.5	0.015377777777777268	-0.02707692307692305	-9.587379924291817e-05
71.6	0.03537777777777684	-0.02707692307692305	-9.587379924291817e-05
71.7	0.031531919165447064	-0.030684384029417873	0.00019174759848539225
71.8	0.05153191916544664	-0.030684384029417873	0.00019174759848539225
71.9	0.042577777777777825	-0.027076923076923064	0.00047936899621414675
72.0	0.0625777777777774	-0.027076923076923064	0.00047936899621414675
72.1	0.08257777777777697	-0.027076923076923064	0.00047936899621414675
72.2	0.04746473903873394	-0.02737754565030766	0.0010546117916714337
72.3	0.06746473903873529	-0.02737754565030766	0.0010546117916714337
72.4	0.06790611232126587	-0.026597459744585848	0.0010546117916714337
72.5	0.08790611232126544	-0.026597459744585848	0.0010546117916714337
72.6	0.07663342082258318	-0.025378061979217766	0.0013422331893997441
72.7	0.08915555555555521	-0.027076923076923085	0.0013422331893997441
72.8	0.07433323293641614	-0.030453674375061347	0.0011504855909141298
72.9	0.09433323293641571	-0.030453674375061347	0.0011504855909141298
73.0	0.10222222222222221	-0.030461538461538477	9.587379924269612e-05
73.1	0.12222222222222179	-0.030461538461538477	9.587379924269612e-05
73.2	0.12225262825804073	-0.02922322288515983	-0.0006711165947002051
73.3	0.1422526282580403	-0.02922322288515983	-0.0006711165947002051
73.4	0.07662222222222148	-0.03384615384615389	-0.00019174759848583633
73.5	0.09662222222222105	-0.03384615384615389	-0.00019174759848583633
73.6	0.09081473832263143	-0.02483973945238583	-0.0003834951969714506
73.7	0.110814738322631	-0.02483973945238583	-0.0003834951969714506
73.8	0.020883479549942408	-0.05717173799357411	0.0005752427954570649
73.9	0.028490770622397577	-0.04429625363645291	0.0005752427954570649
74.0	0.017254392382927364	-0.04891044672358342	0.0003834951969714506
74.1	0.03138924028106338	-0.04914115637793995	0.0003834951969714506
74.2	0.014287709939727833	-0.053986059119426985	-0.0005752427954570649
74.3	0.03428770993972741	-0.053986059119426985	-0.0005752427954570649
74.4	-0.0062744288090588185	-0.05975380047834012	-0.0004793689962148129
74.5	0.013725571190940755	-0.05975380047834012	-0.0004793689962148129
74.6	-0.008000000000000895	-0.04061538461538473	-0.0006711165947002051
74.7	0.011999999999998678	-0.04061538461538473	-0.0006711165947002051
74.8	0.004622222222222305	-0.040615384615384734	-0.0005752427954570649
74.9	0.02462222222222188	-0.040615384615384734	-0.0005752427954570649
75.0	-0.013431877893918198	-0.06032019648957693	-0.000575242795457287
75.1	-0.0012173601223945951	-0.061676380931311205	-0.0008628641931855974
75.2	-0.03597731015388561	-0.06323908819227492	-0.0009587379924287376
75.3	-0.06096202762520164	-0.06436606332729247	-0.0009587379924287376
75.4	-0.050700199357182285	-0.06598296114596636	-0.0006711165947002051
75.5	-0.03070019935718271	-0.06598296114596636	-0.0006711165947002051
75.6	-0.030245930061903792	-0.06885329745639514	-0.0006711165946999831
75.7	-0.025867216620135025	-0.07008184327610015	-0.000575242795457287
75.8	-0.005867216620135451	-0.07008184327610015	-0.000575242795457287
75.9	-0.04720000000000013	-0.04061538461538479	-0.0005752427954568429
76.0	-0.0616885962988043	-0.07113547675992878	-0.0011504855909143519
76.1	-0.1786069446271732	0.04506528581764142	-0.00047936899621459084
76.2	-0.3048888888888879	0.006769230769230907	0.0009587379924285155
76.3	-0.33573333333333366	0.006769230769230896	0.0005752427954568429
76.4	-0.3648384127312152	0.02765901692692804	-0.00047936899621459084
76.5	-0.37395555555555404	0.00676923076923088	-0.00047936899621459084
76.6	-0.36377774909505867	-0.013534966388916249	-0.0004793689962143688
76.7	-0.3593777777777767	0.006769230769230875	-0.0001917475984856143
76.8	-0.34744391097397553	0.028688873940164696	0.0002876213977287545
76.9	-0.34305649498935864	0.025531868415455555	0.0006711165946999831
77.0	-0.332831748492465	0.025147352324861344	0.0006711165946999831
77.1	-0.3284721540974349	0.024532126579910607	0.0006711165946999831
77.2	-0.31804444444444435	0.0033846153846154785	0.000671116594699761
77.3	-0.3138375579857655	0.01977631414336299	0.00028762139772853246
77.4	-0.3034666666666652	8.828761385853072e-17	0.0
77.5	-0.30116965707327026	0.015688256496243794	-0.0007669903939429012
77.6	-0.29124584275193754	0.03058380607720769	-0.0008628641931858194
77.7	-0.2904509846121215	0.011150966627232126	-0.0013422331894001882
77.8	-0.284143180196768	0.011278854780703163	-0.0016298545871289427
77.9	-0.2777777777777768	-0.006769230769230696	-0.0017257283863716388
78.0	-0.26559746425283315	0.006382967103863932	-0.0013422331894001882
78.1	-0.2553777777777775	-0.006769230769230699	-0.0011504855909143519
78.2	-0.2392846477977617	0.006137875325673711	-0.0015339807878853584
78.3	-0.2388444444444442	-0.0067692307692307045	-0.0015339807878855805
78.4	-0.23056232147019884	0.0043613164270534036	-0.0019174759848572531
78.5	-0.2301166983362819	0.004350415415414111	-0.0023009711818284817
78.6	-0.22770959367892374	0.0031530319428725623	-0.0028762139772855466
78.7	-0.22726010068513602	0.0023839997616841415	-0.003163835375014523
78.8	-0.2209460494881803	0.0020459584418912554	-0.003643204371228448
78.9	-0.22245101329632	0.0009997418355449825	-0.002972087776528909
79.0	-0.2122262667994228	0.000615225744950772	-0.003067961575771827
79.1	-0.20786669642221867	0.00015738141860704554	-0.0023009711818287037
79.2	-0.19959678207430542	-0.00016112649686714602	-0.0017257283863716388
79.3	-0.20110215466716141	-0.0011803606395526035	-0.0014381069886428843
79.4	-0.19679999999999787	-0.010153846153846128	-0.0013422331894004103
79.5	-0.19429396325504733	-0.005998451013269634	-0.0013422331894001882
79.6	-0.18596212771060472	-0.0025946904561455035	-0.001917475984856809
79.7	-0.189363994558148	-0.0018418775864889705	-0.0019174759848572531
79.8	-0.18312579780010907	-0.011304773063469723	-0.002396844981071178
79.9	-0.17893333333333317	-0.016923076923076912	-0.0028762139772857687
80.0	-0.16871111111111148	-0.016923076923076916	-0.0034514567727428336
80.1	-0.1582722774408225	-0.016072772586837918	-0.003547330571985974
80.2	-0.14803725275481483	-0.01643490268045305	-0.0040266995682001205
80.3	-0.1478222222222243	-0.016923076923076926	-0.003643204371228226
80.4	-0.14128339285448988	-0.017764643385452444	-0.003739078170471588
80.5	-0.14497777777777543	-0.01692307692307693	-0.0034514567727430556
80.6	-0.14233353386294922	-0.019436605197966594	-0.0033555829734996934
80.7	-0.1514611196814748	-0.020747808142829314	-0.002972087776528465
80.8	-0.14513588903190922	-0.021823620416901942	-0.0027803401780430725
80.9	-0.14476007102181754	-0.01997937080420601	-0.002972087776528465
81.0	-0.1403883788508864	-0.021208870546003303	-0.0028762139772855466
81.1	-0.13373197166786355	-0.02831886789226839	-0.0028762139772855466
81.2	-0.1299116790721726	-0.02022554636525541	-0.0027803401780428505
81.3	-0.1232774281772464	-0.027971119125888417	-0.0027803401780428505
81.4	-0.1289605555318225	-0.02533840839572975	-0.0026844663787997103
81.5	-0.12069071726533309	-0.025810552651550803	-0.002972087776528465
81.6	-0.12221180693540035	-0.02624309367313193	-0.0028762139772855466
81.7	-0.11882132063031747	-0.0475050927515288	-0.0032597091742569972
81.8	-0.11735060166540023	-0.0312227065562498	-0.0033555829734999154
81.9	-0.10468383465904196	-0.042725116027455934	-0.0033555829734999154
82.0	-0.09835860400947638	-0.04380092830152856	-0.003163835375014301
82.1	-0.0925415142765793	-0.032606964482388964	-0.0032597091742572193
82.2	-0.09404707198341455	-0.033452899881696224	-0.0034514567727428336
82.3	-0.08969736933148553	-0.033762604754258546	-0.0033555829734996934
82.4	-0.09656034947188274	-0.04725481709525659	-0.003739078170471366
82.5	-0.09221724818745614	-0.047796802462369774	-0.003834951969714284
82.6	-0.09620363437997526	-0.033299093445458554	-0.003643204371228448
82.7	-0.08942327648506776	-0.047335740059195795	-0.003930825768957424
82.8	-0.090154882137913	-0.06669131761078927	-0.0032597091742572193
82.9	-0.08703495259613092	-0.03529857711654845	-0.002588592579557014
83.0	-0.09049556100358203	-0.036221415733974555	-0.0017257283863714168
83.1	-0.08807967973631747	-0.03737808691916659	-0.0009587379924285155
83.2	-0.09153045554917938	-0.04031154594669291	-0.0007669903939433453
83.3	-0.08454096560814506	-0.06221550597808031	-0.0006711165947002051
83.4	-0.09388102387875819	-0.06351190454184936	-0.0011504855909143519
83.5	-0.08424912869246626	-0.04668025339813705	-0.0015339807878855805
83.6	-0.07990325204735882	-0.0467713589246076	-0.0020133497841001713
83.7	-0.06576847069063874	-0.046996944257041394	-0.0022050973825860076
83.8	-0.06139509200426474	-0.04814141454239505	-0.002588592579557236
83.9	-0.057269859220557606	-0.09388390808386192	-0.0028762139772853246
84.0	-0.06249558968778146	-0.0463726405256617	-0.0028762139772853246
84.1	-0.058135995292751375	-0.04698786627061244	-0.0022050973825855635
84.2	-0.061567041864190486	-0.05068150468679343	-0.0022050973825857856
84.3	-0.05526675487263688	-0.05061011607905973	-0.001821602185614557
84.4	-0.060682972081849584	-0.051566411877065225	-0.0009587379924287376
84.5	-0.044578645248236626	-0.05233579712464128	-0.0009587379924287376
84.6	-0.04414409565957911	-0.05244914645983952	0.0001917475984851702
84.7	-0.037787249044459514	-0.05634789086709265	0.0001917475984851702
84.8	-0.04124837262219572	-0.05723062544986695	0.0001917475984851702
84.9	-0.038801713270029126	-0.061276492287582474	0.0006711165946999831
85.0	-0.04568103941432611	-0.126936063668867	0.0004793689962139247
85.1	-0.03984105310467001	-0.06353986863551996	9.587379924269612e-05
85.2	-0.019841053104670436	-0.06353986863551996	9.587379924269612e-05
85.3	0.0001589468953291373	-0.06353986863551996	9.587379924269612e-05
85.4	-0.06924191443648908	-0.009766708701093077	-0.0001917475984856143
85.5	-0.06556721591045189	0.06067053687300513	2.220446049250313e-16
85.6	-0.07484144011484872	0.05737774788032934	0.0
85.7	-0.06984848615574535	-0.007382708939408966	-9.587379924314021e-05
85.8	-0.0798407412220925	0.05698528462606189	-0.00047936899621459084
85.9	-0.06570589332395826	0.05675457497170536	-0.0004793689962143688
86.0	-0.06454547280267064	-0.0018456772348523513	-9.587379924291817e-05
86.1	-0.06800590185831723	0.00029424486092455624	-0.0006711165946999831
86.2	-0.06364665091014032	0.0008827345827740897	-0.0006711165946999831
86.3	-0.05555555555555358	0.02707692307692322	-0.0006711165946999831
86.4	-0.06865660814788299	-0.0013535119946026903	-0.0006711165947002051
86.5	-0.05857777777777784	0.023692307692307825	-0.0006711165947002051
86.6	-0.0717116575959551	-0.0030829995432618247	-0.0014381069886431064
86.7	-0.07521767566191073	-0.006075354231388616	-0.0009587379924287376
86.8	-0.0728575649379728	-0.008766966865548075	-0.00124635939015727
86.9	-0.06458551751351393	-0.007820291524371614	-0.0015339807878855805
87.0	-0.06613333333333316	0.013538461538461652	-0.0020133497840999492
87.1	-0.06399945003003893	-0.030430118609483043	-0.0017257283863716388
87.2	-0.059377777777775975	0.013538461538461643	-0.0017257283863716388
87.3	-0.05892173305906567	-0.008346657300050492	-0.0021092235833428674
87.4	-0.06633937151493896	-0.011074063409113303	-0.0022050973825855635
87.5	-0.06197678250713423	-0.010076144848709627	-0.0027803401780428505
87.6	-0.06152751131806511	-0.009324193740596964	-0.0028762139772853246
87.7	-0.05326346175202801	-0.009600266535028096	-0.002588592579557236
87.8	-0.05672119673730336	-0.008305547556834984	-0.0028762139772857687
87.9	-0.05236160234227327	-0.007690321811884248	-0.0023009711818284817
88.0	-0.06194904599283291	-0.023206807626423933	-0.0020133497841001713
88.1	-0.06715022136325643	-0.009206812988510539	-0.0010546117916712117
88.2	-0.06080000000000041	0.0033846153846154477	-0.0010546117916712117
88.3	-0.058472699110545534	-0.011074063409113266	-0.0011504855909141298
88.4	-0.05606815541613486	-0.010381934446043689	-0.0009587379924287376
88.5	-0.05175299399157396	-0.013150450298321988	-0.001917475984856809
88.6	-0.0472888888888896	-0.003384615384615335	-0.0027803401780428505
88.7	-0.0391681367707406	-0.015457546841887234	-0.002972087776528687
88.8	-0.026855040661818208	0.0049987091777247555	-0.002972087776528687
88.9	-0.030311111111110733	-0.003384615384615344	-0.0033555829734996934
89.0	-0.04585966150824916	-0.01918498397877306	-0.00393082576895698
89.1	-0.03528888888888915	-0.0033846153846153536	-0.00393082576895698
89.2	-0.027022222222221615	-0.003384615384615356	-0.004218447166685735
89.3	-0.03447401014156526	-0.007632998802440336	-0.00373907817047181
89.4	-0.03395555555555774	1.8237816947302122e-17	-0.003259709174256775
89.5	-0.02764444444444436	1.5336346069322236e-17	-0.002588592579557236
89.6	-0.013673771235495735	-0.008727595170671348	-0.002588592579557236
89.7	-0.026808571059905972	-0.004691096305249352	-0.0016298545871287207
89.8	-0.03822827197135936	-0.006919174549721414	-0.0016298545871289427
89.9	-0.02986606626422983	-0.006373947453584181	-0.0016298545871289427
90.0	-0.045205918004441514	-0.006439589459322377	-0.0027803401780428505
90.1	-0.03280000000000172	-0.010153846153846164	-0.003547330571986196
90.2	-0.03235555555555791	-0.010153846153846168	-0.004314320965928653
90.3	-0.03011625940341034	-0.00982871630889837	-0.004218447166685513
90.4	-0.029511111111112598	-0.010153846153846175	-0.0040266995681998985
90.5	-0.027111111111111086	-0.01015384615384618	-0.004218447166685735
90.6	-0.030577777777775594	-0.010153846153846185	-0.004218447166685513
90.7	-0.028177777777777635	-0.010153846153846189	-0.004218447166685735
90.8	-0.027818166171044822	-0.002768515852278264	-0.004122573367443039
90.9	-0.019549795486781818	-0.0019335179624061897	-0.00364320437122867
91.0	-0.02300907878222702	-0.001384257926139105	-0.0034514567727430556
91.1	-0.020604535087816345	-0.0006921289630695262	-0.0028762139772853246
91.2	-0.02986666666666693	-0.01015384615384621	-0.0026844663787997103
91.3	-0.03333333333333144	-0.010153846153846215	-0.0026844663788001544
91.4	-0.03885099608313425	-0.000999741835544878	-0.0028762139772855466
91.5	-0.03244444444444383	-0.013538461538461607	-0.0032597091742572193
91.6	-0.030044444444445872	-0.013538461538461612	-0.003643204371228448
91.7	-0.021906544467270805	-0.0026916126341593872	-0.0040266995682001205
91.8	-0.011555555555556651	-0.016923076923077	-0.0040266995681998985
91.9	-0.01323178864767982	-0.004844902741486948	-0.004026699568200343
92.0	-0.008872194252649734	-0.004229676996536211	-0.003643204371228448
92.1	-0.004355555555552115	-0.020307692307692395	-0.003643204371228448
92.2	-0.011883309666313124	-0.002537806197921685	-0.004218447166685513
92.3	-0.014855155398613817	-0.03560618998902382	-0.004410194765171571
92.4	-0.008888888888886726	-0.016923076923077023	-0.0046019423636571855
92.5	-0.008444444444442922	-0.01692307692307703	-0.004122573367442817
92.6	-0.004088888888890807	-0.013538461538461648	-0.004122573367443039
92.7	-0.011156768212110535	-0.03474014119480498	-0.003739078170471366
92.8	-0.013052020134363573	0.0056139349226755645	-0.003547330571985974
92.9	-0.026287882044922384	0.006921289630695881	-0.0032597091742569972
93.0	-0.019975333626579328	0.0069179501946364085	-0.003163835375014745
93.1	-0.01956817692595081	0.0048449027414871615	-0.0033555829734996934
93.2	-0.01129848112967835	0.005306322050200213	-0.0033555829734999154
93.3	-0.004464103187448387	-0.04586901759487239	-0.0034514567727428336
93.4	-0.0006694850685100562	0.0024814386567716803	-0.003643204371228448
93.5	-0.003507221430361085	-0.05137134970338642	-0.0040266995681998985
93.6	-0.001102677735950408	-0.052063478666456005	-0.003834951969714284
93.7	-0.00897777777777975	-0.02369230769230785	-0.004410194765171349
93.8	-0.006692691836594378	0.005790023532467386	-0.004697816162899882
93.9	-0.008198493528617234	0.006617169751391312	-0.004985437560628414
94.0	-0.0017777777777787662	-0.020307692307692478	-0.00517718515911425
94.1	0.0006222222222227458	-0.02030769230769248	-0.00517718515911425
94.2	0.002968130508083533	0.011880827508179953	-0.004889563761385718
94.3	0.005865008680867589	-0.05052541430407919	-0.004410194765171349
94.4	0.025865008680867163	-0.05052541430407919	-0.004410194765171349
94.5	-0.06488009357683211	-0.029956880720953184	-0.002972087776528687
94.6	-0.060490608213257246	-0.027202681787265197	-0.00249271878031454
94.7	-0.0520752979682797	0.0054601284864376	-0.0023009711818282597
94.8	-0.04380560217200724	0.0059215477951506555	-0.002492718780314318
94.9	-0.04926569425055405	0.0035375480334665587	-0.003067961575771605
95.0	-0.03595165739575279	-0.05963078686258156	-0.003739078170471588
95.1	-0.04529900696515199	-0.05763616419536851	-0.004314320965928653
95.2	-0.0429093031979626	-0.05748192967834438	-0.004410194765171349
95.3	-0.048182738361369104	-0.05095529584577285	-0.004889563761385496
95.4	-0.04574542822636829	-0.04897288520047622	-0.00508131135987111
95.5	-0.04529920362174167	-0.04840537227345402	-0.00508131135987111
95.6	-0.03891939797136246	-0.045228331759360335	-0.00508131135987111
95.7	-0.03789580923623248	0.0065419746405802805	-0.0046019423636571855
95.8	-0.033949729718596444	-0.03939972161792771	-0.004218447166685735
95.9	-0.04321809434905788	-0.03602260262210534	-0.0034514567727428336
96.0	-0.03852760039782055	-0.01269857549552615	-0.0025885925795574583
96.1	-0.0419611605949477	0.009305289392379741	-0.001917475984856809
96.2	-0.04380963701135343	-0.03113118939280645	-0.0015339807878853584
96.3	-0.04337522853185405	-0.03146540876918722	-0.0023009711818284817
96.4	-0.031343894481956625	-0.0352559815601438	-0.0021092235833424233
96.5	-0.030988133056773393	-0.036276756081929706	-0.0027803401780428505
96.6	-0.024584246350034533	-0.03219520109350664	-0.0035473305719857517
96.7	-0.0320048839421041	-0.03135145724228387	-0.0040266995682001205
96.8	-0.033229416193602646	-0.015804023687431983	-0.00364320437122867
96.9	-0.04447662608450287	-0.012602372353422297	-0.003739078170471588
97.0	-0.03642187047939416	-0.024990680569085568	-0.0038349519697145062
97.1	-0.016421870479391032	-0.024990680569085568	-0.0038349519697145062
97.2	-0.023547395657171677	-0.009528622998929061	-0.0033555829734999154
97.3	-0.009402897783143516	-0.008490763497008598	-0.003739078170471144
97.4	-0.026436444983534813	-0.002766374419043953	-0.0026844663788001544
97.5	-0.014364604926043967	-0.014133801070881705	-0.0026844663788001544
97.6	-0.03332136847073741	0.0009221248063479302	-0.002492718780314318
97.7	-0.023089060863906496	0.0016905621449712395	-0.0023009711818284817
97.8	-0.0442322887471569	-0.006139591954963398	-0.002396844981071622
97.9	-0.030062781554683227	0.0019979370804205717	-0.0028762139772855466
98.0	-0.029734809766111425	-0.006988379418380402	-0.0028762139772855466
98.1	-0.017500739526973064	0.0004717619011173222	-0.0027803401780428505
98.2	-0.02304100417435251	-0.006752028121931144	-0.003067961575771383
98.3	-0.003041004174352935	-0.006752028121931144	-0.003067961575771383
98.4	-0.010335453585803123	0.0015368746772465975	-0.003067961575771383
98.5	0.009664546414196451	0.0015368746772465975	-0.003067961575771383
98.6	0.008065257132539472	-0.0033771189958223787	-0.003739078170471588
98.7	0.028065257132539045	-0.0033771189958223787	-0.003739078170471588
98.8	0.011065944412425921	0.005956620249873197	-0.003643204371228226
98.9	0.031065944412425495	0.005956620249873197	-0.003643204371228226
99.0	0.015894699439790827	0.008913873128030362	-0.0046019423636571855
99.1	0.0358946994397904	0.008913873128030362	-0.0046019423636571855
99.2	0.04222601726675279	0.009985626906984313	-0.004697816162899882
99.3	0.062226017266752365	0.009985626906984313	-0.004697816162899882
99.4	0.03522115622619637	0.015387580450816347	-0.004122573367442817
99.5	0.045785530954034925	0.016724997933876676	-0.004122573367442817
99.6	0.02238076388034571	0.013996385697629215	-0.003739078170471366
99.7	0.042380763880345285	0.013996385697629215	-0.003739078170471366
99.8	0.03305500337102529	0.015149933969411849	-0.0038349519697147283
99.9	0.05305500337102487	0.015149933969411849	-0.0038349519697147283
100.0	0.03624684990786875	0.022716490233364355	-0.003547330571985974
100.1	0.056246849907868324	0.022716490233364355	-0.003547330571985974
100.2	0.0487800177476565	0.0220638441060395	-0.004506068564414267
100.3	0.06878001774765607	0.0220638441060395	-0.004506068564414267
100.4	0.04177072353352784	0.022565944270114227	-0.0052730589583569465
100.5	0.04223628629467058	0.024138483940505464	-0.00508131135987111
100.6	0.044639871716253055	0.025051057239119857	-0.006135923151542766
100.7	0.06463987171625263	0.025051057239119857	-0.006135923151542766
100.8	0.04728075384154096	0.019071998093472813	-0.006423544549271076
100.9	0.05784374543262416	0.032120680754454296	-0.006423544549271076
101.0	0.02314466803088777	0.03642392985074482	-0.006231796950785462
101.1	0.043144668030887345	0.03642392985074482	-0.006231796950785462
101.2	0.025611441336344853	0.022708923465002383	-0.0052730589583569465
101.3	0.04561144133634798	0.022708923465002383	-0.0052730589583569465
101.4	0.048022661103647835	0.023763094398722186	-0.005560680356085479
101.5	0.06802266110364741	0.023763094398722186	-0.005560680356085479
101.6	0.048877214120754076	0.021917417163869992	-0.005368932757600087
101.7	0.06205068502157829	0.05771302103943361	-0.00604004935230007
101.8	0.0487507517330954	0.05834118997591724	-0.006902913545485445
101.9	0.06875075173309497	0.05834118997591724	-0.006902913545485445
102.0	0.04475930176960574	0.021355411470399564	-0.00786165153791396
102.1	0.06475930176960887	0.021355411470399564	-0.00786165153791396
102.2	0.07149454320029847	0.04373118898459272	-0.008916263329585616
102.3	0.06961912138286053	0.02660851346911936	-0.008916263329585616
102.4	0.05636763359402153	0.026849843559384953	-0.009203884727313927
102.5	0.0763676335940211	0.026849843559384953	-0.009203884727313927
102.6	0.045630194215011244	0.03609365318940776	-0.008916263329585394
102.7	0.06563019421501082	0.03609365318940776	-0.008916263329585394
102.8	0.04843092221298306	0.033543914145423376	-0.008053399136399575
102.9	0.06843092221298264	0.033543914145423376	-0.008053399136399575
103.0	0.0727128882334327	0.027972581221790978	-0.007478156340942954
103.1	0.09271288823343227	0.027972581221790978	-0.007478156340942954
103.2	0.07944084448787692	0.026531610251000554	-0.007382282541699592
103.3	0.09944084448787649	0.026531610251000554	-0.007382282541699592
103.4	0.06269264357510806	0.024663996346095243	-0.009108010928071009
103.5	0.08269264357510764	0.024663996346095243	-0.009108010928071009
103.6	0.06697930481790237	0.08950216950431866	-0.010162622719742442
103.7	0.08697930481790195	0.08950216950431866	-0.010162622719742442
103.8	-1.7041673801116985	0.0313975930121	-0.010162622719742442
103.9	-1.684167380111699	0.0313975930121	-0.010162622719742442
104.0	0.054577777777776504	0.04400000000000018	-0.011313108310656794
104.1	0.07457777777777608	0.04400000000000018	-0.011313108310656794
104.2	0.048058000943125734	0.015611353278124709	-0.011025486912928262
104.3	0.06805800094312531	0.015611353278124709	-0.011025486912928262
104.4	0.045713380086485955	0.08090218546102167	-0.00968325372352874
104.5	0.05205036826041365	0.07947581745994226	-0.020860758526556625
104.6	0.0224782631095799	0.019070127056542183	-0.03299600132201391
104.7	0.042466263109577795	0.018377127056542184	-0.04455700132201391
104.8	0.026804444444440634	0.04168800000000014	-0.056693244117470974
104.9	-0.036983374730041874	0.011346436829819569	-0.0702665939015707
105.0	-0.1059664677877592	0.05139294288682718	-0.081731720102328
105.1	-0.17695779299687686	0.014909094637037924	-0.09195048691292826
105.2	-0.12568202156505848	0.018978825224489772	-0.104470224905357
105.3	-0.22215206550342614	0.035978640525661625	-0.09522561046965775
105.4	-0.2907637582901792	0.012413398891357265	-0.06920408116645936
105.5	-0.33644472138378134	0.02260917842313876	-0.041360949677647085
105.6	-0.3657511070621595	0.040495475738553735	-0.039498617783647855
105.7	-0.3664895837582769	0.03856453378989244	-0.037541412090405735
105.8	-0.35705311416028707	0.03073301370721597	-0.0365429443895921
105.9	-0.3495199202777073	0.03549713760991752	-0.03563935048802097
106.0	-0.34467601685701865	0.03231716747998735	-0.03492850418493565
106.1	-0.3299524965157232	0.027266302231945212	-0.033642415086393734
106.2	-0.3294387710261617	0.03342209285311833	-0.03225945218860843
106.3	-0.3255882318850212	0.031636455012632354	-0.01822214779076725
106.4	-0.32253903458819266	0.026789691122601718	-0.029783147790767267
106.5	-0.3148707064923322	0.025252505824391674	-0.028784680089953413
106.6	-0.3213942312768161	0.02629076280271131	-0.028264581385353482
106.7	-0.3274302821066897	0.027042153728420476	-0.027841356479997192
106.8	-0.3297013920241838	0.03463760507747159	-0.028185121968583526
106.9	-0.31737463628453	0.028216965659187507	-0.027760897063226986
107.0	-0.3182881177205097	0.03058662479399181	-0.026954176960898968
107.1	-0.3023048334910108	0.017583780454714537	-0.027873185244941923
107.2	-0.2696609649396926	0.011512982909025596	-0.028215950733528727
107.3	-0.25607797434960844	0.00858914282477967	-0.01638374371827267
107.4	-0.27059606342331577	0.00494752020355782	-0.01596051881291588
107.5	-0.7389527776231652	1.1085020888822186	-0.02752151881291587
107.6	-0.7011766990352548	1.1372564788673682	-0.01405845721053145
107.7	-0.6703066329004166	1.1590160044263513	-0.025619457210531438
107.8	-0.6515018639306334	1.1695454007004285	-0.025867348899874798
107.9	-0.6219055490874474	1.174430017213849	-0.02985331875968944
108.0	-0.597784549693408	1.1655784532775064	-0.03374441482026114
108.1	-0.588333275892797	1.1437921897503562	-0.03849837507401882
108.2	-0.5725743971564334	1.129403732458051	-0.04344308292626187
108.3	-0.5606208115114804	1.1212795896558818	-0.04819704318001927
108.4	-0.5344902241255234	1.125726936294993	-0.05266338203604831
108.5	-0.49344615141941617	1.1442115767993508	-0.056361730498134255
108.6	-0.4824143044175244	1.1563452388983624	-0.051336563229120724
108.7	-0.45081105415773237	1.1469066152557226	-0.06289756322912071
108.8	-0.4457932754436662	1.1366532044070152	-0.0744585632291207
108.9	-0.4088547308259436	1.1219061171057376	-0.0610913754259792
109.0	-0.3927766096621994	1.1160230161020648	-0.06383198589563688
109.1	-0.37373633067114653	1.1157520819595095	-0.06676434396378006
109.2	-0.3489680916039468	1.1165796088361477	-0.07832434396378007
109.3	-0.32791185758716423	1.1197843726760057	-0.08183194482738043
109.4	-0.3132436165949102	1.1215138353466667	-0.08466842909628114
109.5	-0.2927790586128012	1.130533967061556	-0.0788752714333244
109.6	-0.26063551718528544	1.1317813937859484	-0.0816158819029823
109.7	-0.2439858590466919	1.1450113220234963	-0.08435649237263954
109.8	-0.21506388340760552	1.1504517183835548	-0.08815071463396862
109.9	-0.17690576210623377	1.146290978977035	-0.09127482030059741
110.0	-0.1457893981206766	1.1363841866227715	-0.0941113045694979
110.1	-0.15482710470095995	1.133668623921209	-0.09656429364142682
110.2	-0.11512922679494153	1.122404817193666	-0.09911215651259864
110.3	-0.09324648747737996	1.1298840432421566	-0.10118165038755644
110.4	-0.0585563848974715	1.127127904200357	-0.10353876566024234
110.5	-0.05370749562489152	1.1385992191070213	-0.10618250233065718
110.6	-0.008304455452567083	1.1340971910774766	-0.10863549140258644
110.7	-0.0043591722847544645	1.1453406712827836	-0.11118435427375806
110.8	0.03446134489725594	1.145547703109518	-0.11373221714493009
110.9	0.054304032397133994	1.1646112414490593	-0.1161852062168589
111.0	0.08667298124340661	1.1694425152490908	-0.11854232148954491
111.1	0.06387187917358617	-0.04584349006781574	-0.12128193195920256
111.2	0.07406632001571722	-0.03752751142020705	-0.12363904723188901
111.3	0.06805912327231667	-0.05094913399654366	-0.12628378390230344
111.4	0.0914014187686476	-0.06478096409846157	-0.12451832580754696
111.5	0.03650673764315471	-0.06905475078304857	-0.12188900351960485
111.6	-0.028236478312738456	-0.06121311849267308	-0.1194524288301484
111.7	0.014791224542285875	-0.04489568948127265	-0.11605711614826353
111.8	-0.009140153985395472	-0.05739604624038275	-0.112756677265621
111.9	-0.019391967969127677	-0.04954753391863331	-0.1097448597807077
112.0	-0.04284324523223049	-0.04626466047399358	-0.10730828509125112
112.1	-0.044126692971737214	-0.043903178604629	-0.10487071040179463
112.2	-0.07809969123512772	-0.05500076751119942	-0.10205064051536694
112.3	-0.05955039392267736	-0.05213556585328427	-0.09951819202666745
112.4	-0.12118928603265289	-0.055179719156513096	-0.0973682387349395
112.5	-0.10528619669992878	-0.05194604465576602	-0.09521928544321157
112.6	-0.11834920852104958	-0.05683413902963641	-0.092782710753755
112.7	-0.11249828963656938	-0.05588432844464242	-0.09188011685218445
112.8	-0.12538208929614214	-0.06627740818212535	-0.08963428976121346
112.9	-0.09971108137897033	-0.07764362344695208	-0.08777295786721417
113.0	-0.10810221262782349	-0.08531028386186268	-0.08552813077624333
113.1	-0.11054440240091168	-0.08458750221421252	-0.08337817748451548
113.2	-0.13169581288667942	-0.08514540072157761	-0.08122922419278755
113.3	-0.14054362905726236	-0.0781459049430484	-0.07831328050711672
113.4	-0.1556614118962898	-0.07307133427002688	-0.07606745341614607
113.5	-0.18726717060983944	-0.05946969416361281	-0.07353500492744669
113.6	-0.1663436000906735	-0.07823915027359596	-0.07129017783647607
113.7	-0.1555874442528875	-0.09307149206389453	-0.06866185554853388
113.8	-0.16249582026889797	-0.1002837423481654	-0.06622428085907739
113.9	-0.1888947463714281	-0.09211113686592975	-0.06426707516583519
114.0	-0.19515747900467417	-0.09350475758520516	-0.06163875287789278
114.1	-0.19942533350989677	-0.0984279049802953	-0.05987229478313627
114.2	-0.20484152033560576	-0.10278772358465216	-0.05829858428686574
114.3	-0.21098633318812432	-0.10425156573637073	-0.0570124951883233
114.4	-0.2084929452438402	-0.11577639561487296	-0.05562953229053824
114.5	-0.22009609397058583	-0.11446516667989892	-0.054631064589724554
114.6	-0.21684498049466683	-0.12726169346614302	-0.053728470688153784
114.7	-0.2244703621124451	-0.1238456278181943	-0.05263312918809704
114.8	-0.22802546311829985	-0.12507386284395006	-0.051538787688040655
114.9	-0.238750691961382	-0.11576082328954307	-0.049869203392526984
115.0	-0.2400635887540581	-0.12221340833429051	-0.04829549289625601
115.1	-0.24390288463035859	-0.12520973196325147	-0.04585791820679952
115.2	-0.24218768279760283	-0.13711420913167838	-0.04380483871431462
115.3	-0.24535800081124037	-0.13372037501583867	-0.04127239022561535
115.4	-0.2442750924931758	-0.1472161123290059	-0.039122436933887395
115.5	-0.24742136239589385	-0.15486433407609024	-0.037356978839130806
115.6	-0.24693113937434674	-0.16309790321113438	-0.03587914214210275
115.7	-0.24602727018478632	-0.1644650816354989	-0.03420855784658916
115.8	-0.25154401882791433	-0.1731709450745813	-0.03311421634653278
115.9	-0.24368821222611814	-0.16466208542422556	-0.031540505850262024
116.0	-0.25006105707199566	-0.16910050832903933	-0.030636911948691115
116.1	-0.2520067306424636	-0.18182464834372225	-0.029159075251663058
116.2	-0.26129245584263927	-0.1966420667146298	-0.028352355149335207
116.3	-0.2521637081306274	-0.1980022425600414	-0.027162139850035905
116.4	-0.25599728629292784	-0.20225072563439928	-0.025587429353765012
116.5	-0.26042496148627237	-0.20937740361063573	-0.023726097459765505
116.6	-0.2696094724255964	-0.20815457484572408	-0.0217688917665233
116.7	-0.27456320678227186	-0.21537419183404016	-0.020098307471009713
116.8	-0.26301615152910074	-0.19748718477677496	-0.018045227978524814
116.9	-0.27267413703642873	-0.1973752964585036	-0.016183896084525307
117.0	-0.2703961370364283	-0.21724529645850366	-0.02774389608452532
117.1	-0.29403703383581004	-0.17309825006048674	-0.014090086883655095
117.2	-0.27007133530273464	-0.18027285973094087	-0.013187492982084104
117.3	-0.29126701150023493	-0.19404457122138297	-0.011900403883541966
117.4	-0.2847004450739341	-0.1944980001727652	-0.01051844098575705
117.5	-0.3111362097650314	-0.23667094736857042	-0.009711720883428976
117.6	-0.29657032499021696	-0.2759415021745151	-0.008617379383372148
117.7	-0.28971036058562305	-0.2726577412679232	-0.006946795087858781
117.8	-0.288955523857485	-0.23687583154751235	-0.005948327387045094
117.9	-0.28468271332967277	-0.2517360850602053	-0.004662238288502651
118.0	-0.30562105588526833	-0.2785643201369201	-0.00356689678844635
118.1	-0.29916599175343705	-0.26322239917525625	0.009951308904796008
118.2	-0.303671932749328	-0.2800111966091017	0.021552038613181113
118.3	-0.272421605517394	-0.27966110688555434	0.026920971370780755
118.4	-0.29095730568372247	-0.30179102339737507	0.026920971370780755
118.5	-0.2867710329969704	-0.36072426916022304	0.0329610207230806
118.6	-0.25072029232639537	-0.3209538089392756	0.036028982298851764
118.7	-0.2922896517534923	-0.3465077801893406	0.03670009889355175
118.8	-0.2741400348100953	-0.3518030310719651	0.037562963086737344
118.9	-0.27550233374229194	-0.3684455774766695	0.037946458283708795
119.0	-0.29296826910831086	-0.3810424719088539	0.037275341689009034
119.1	-0.27982361822791546	-0.3863257012492578	0.03909694387462315
119.2	-0.27989912725521293	-0.40436683138152785	0.03967218667008021
119.3	-0.28348321688224587	-0.416782522306981	0.04082267226099434
119.4	-0.24051248138507475	-0.3934140063477847	0.04149378885569455
119.5	-0.29128852251843185	-0.41418972600967097	0.041877284052665775
119.6	-0.27078448703430524	-0.4041483542741373	0.04206903165115161
119.7	-0.29540221144569756	-0.4250578483900971	0.04197315785190869
119.8	-0.2706389532751494	-0.43040068371935614	0.04216490545039431
119.9	-0.2704634195159983	-0.43665301316457494	0.04206903165115161
120.0	-0.2960818288005136	-0.4595925401096106	0.042356653048880144
120.1	-0.2962928649096881	-0.4717570606386916	0.04360301243903719
120.2	-0.2963218649096895	-0.4917570606386916	0.04360301243903719
120.3	-0.2963508649096873	-0.5117570606386916	0.04360301243903719
120.4	-0.2755443027122766	-0.4153033662548853	0.04523286702616547
120.5	-0.2756317409291782	-0.4392312721276801	0.04638335261708004
120.6	-0.26837267125659636	-0.47152705989789334	0.0479173334049654
120.7	-0.2722872878606175	-0.4770586016178098	0.048780197598151
120.8	-0.3015993684161735	-0.4764161763498129	0.04964306179133682
120.9	-0.2725331955991308	-0.4518317539302199	0.05060179978376533
121.0	-0.2725621955991322	-0.4718317539302199	0.05060179978376533
121.1	-0.1928225063372686	-0.3838926463000374	0.051752285374679685
121.2	-0.15570547367036625	-0.3665140189859266	0.0534780137610511
121.3	-0.22347001968750035	-0.38222208498033794	0.05424500415499378
121.4	-0.15607108654283763	-0.4143342217884114	0.054916120749693764
121.5	-0.15617698976095795	-0.4362892724890326	0.054916120749693764
121.6	-0.15909557073772973	-0.46223493073583777	0.05558723734439375
121.7	-0.15813785441706685	-0.4745338679655151	0.05568311114363644
121.8	-0.22131338770371656	-0.46927118126666656	0.056066606340607894
121.9	-0.19016412495290425	-0.47959222605988616	0.056450101537579345
122.0	-0.18970322883846436	-0.4758926034643749	0.056833596734550795
122.1	-0.1589159053541458	-0.48215290156536605	0.057312965730765164
122.2	-0.15659094646674987	-0.4395899053580741	0.057984082325464925
122.3	-0.1564109897609569	-0.4241559448934278	0.05779233472697931
122.4	-0.15541942497554473	-0.43254941520579937	0.05779233472697931
122.5	-0.17978053584200993	-0.4449995945104912	0.05740883953000786
122.6	-0.15156727921336	-0.4589073511021735	0.05769646092773639
122.7	-0.12402138461538925	-0.4606797777777776	0.058463451321679294
122.8	-0.19188283044250198	-0.42635157164276727	0.06018917970805071
122.9	-0.1426665072814508	-0.4484917594743938	0.06018917970805071
123.0	-0.142310991190854	-0.4587165059712879	0.06133966529896506
123.1	-0.1417123294754603	-0.47492610934322643	0.062394277090636274
123.2	-0.14068859792410038	-0.4675550890079254	0.0635447626815504
123.3	-0.15883216027456015	-0.4506749412473301	0.06498286967019329
123.4	-0.1801375823854272	-0.4366782753735139	0.06527049106792182
123.5	-0.15950491014545776	-0.45542245142835336	0.06536636486716452
123.6	-0.16153284722587813	-0.4577518079170777	0.0651746172686789
123.7	-0.16202348080256357	-0.47358269480696036	0.0651746172686789
123.8	-0.14461715171551148	-0.4894683304574303	0.06498286967019329
123.9	-0.1620809096290543	-0.48054577961946743	0.06517461726867912
124.0	-0.1605730349518062	-0.4810103948331328	0.06536636486716452
124.1	-0.1608028220827329	-0.4948885252427577	0.06536636486716452
124.2	-0.14537515420963842	-0.49304464142320903	0.06555811246565035
124.3	-0.1312576153846159	-0.5049464444444443	0.06622922906035034
124.4	-0.1550035986459939	-0.488729471123694	0.06651685045807887
124.5	-0.16591721399313286	-0.49101465729971716	0.06651685045807887
124.6	-0.1495479094723926	-0.4953537531721941	0.06833845264369298
124.7	-0.15815342657389309	-0.5003266292620943	0.06862607404142151
124.8	-0.14418164760954255	-0.5100498426092992	0.0692013168368788
124.9	-0.14369875618718453	-0.5180665085612643	0.06968068583309317
125.0	-0.13400704643519745	-0.5358376470131976	0.06968068583309317
125.1	-0.14053696145752426	-0.5189996658413754	0.07150228801870728
125.2	-0.15025994834692113	-0.5277576434515079	0.07255689981037872
125.3	-0.14236097302155315	-0.5435408981495526	0.0732280164050787
125.4	-0.13992685187352905	-0.5364412669938572	0.07380325920053576
125.5	-0.14322979724125062	-0.5480257377211388	0.07428262819674991
125.6	-0.146065814263455	-0.5642903079765875	0.07447437579523575
125.7	-0.14248284855883497	-0.5782590270411667	0.07476199719296428
125.8	-0.14132756826876047	-0.586800172309236	0.07457024959447844
125.9	-0.14392189568085811	-0.5880125855127125	0.07447437579523575
126.0	-0.13645223857248112	-0.6051452270214512	0.07447437579523575
126.1	-0.1409433720655464	-0.6003257960031076	0.07447437579523575
126.2	-0.13601029024496114	-0.6006290843372426	0.07552898758690718
126.3	-0.13603929024496253	-0.6206290843372426	0.07552898758690718
126.4	-0.13203371406372355	-0.5828105373128873	0.07543311378766426
126.5	-0.13206271406372494	-0.6028105373128874	0.07543311378766426
126.6	-0.12385242297208165	-0.5923111763789923	0.07859694916267834
126.7	-0.12249014176197193	-0.614364320202013	0.07859694916267834
126.8	-0.11991852081736454	-0.6014047342353122	0.08099379414374952
126.9	-0.11932834703231165	-0.615297477482124	0.08099379414374952
127.0	-0.11683144147658098	-0.6023358597575923	0.08387000812103529
127.1	-0.11616655230264783	-0.616230634762235	0.08387000812103529
127.2	-0.10415085288798664	-0.5925896637674479	0.0856916103066494
127.3	-0.1059631777896115	-0.5992500175659181	0.08588335790513524
127.4	-0.11836372717993271	-0.615737057450223	0.08626685310210647
127.5	-0.10695541695294608	-0.6200501705901522	0.08626685310210647
127.6	-0.11982004373069799	-0.6265802849113165	0.0864586007005923
127.7	-0.11984904373069938	-0.6465802849113165	0.0864586007005923
127.8	-0.1012490133580819	-0.6268432426280981	0.08712971729529206
127.9	-0.10033852991972125	-0.6410017954942782	0.08712971729529206
128.0	-0.1182464815857287	-0.6420247179128378	0.08741733869302104
128.1	-0.11766073171483171	-0.654210563998304	0.08741733869302104
128.2	-0.10276692548766775	-0.6360800741788677	0.08885544568166348
128.3	-0.10279592548766914	-0.6560800741788677	0.08885544568166348
128.4	-0.10817408600553335	-0.6513172402463017	0.09029355267030637
128.5	-0.10820408600553222	-0.6713172402463017	0.09029355267030637
128.6	-0.09283034366141507	-0.6596333479218188	0.09163578585970633
128.7	-0.09285934366141291	-0.6796333479218188	0.09163578585970633
128.8	-0.10233868762434284	-0.6495122903929649	0.09403263084077751
128.9	-0.10236768762434068	-0.6695122903929649	0.09403263084077751
129.0	-0.06970168944662802	-0.6589048408941767	0.09604598062487746
129.1	-0.06973068944662941	-0.6789048408941767	0.09604598062487746
129.2	-0.08732622110307275	-0.6740119009899335	0.09729234001503473
129.3	-0.08735522110307414	-0.694011900989933	0.09729234001503473
129.4	-0.11112379566721842	-0.6971014012592658	0.09892219460216323
129.5	-0.1111527956672198	-0.7171014012592654	0.09892219460216323
129.6	-0.08774920070082004	-0.6991171271437224	0.10045617539004881
129.7	-0.08777820070082143	-0.719117127143722	0.10045617539004881
129.8	-0.06441997322619031	-0.6974501316254043	0.10036030159080589
129.9	-0.0644489732261917	-0.7174501316254038	0.10036030159080589
130.0	-0.05926868568467114	-0.704341215250389	0.09959331119686299
130.1	-0.057765542290102445	-0.7146035927871486	0.10026442779156297
130.2	-0.09546483187250843	-0.683534701502357	0.10342826316657727
130.3	-0.09549383187250626	-0.7035347015023565	0.10342826316657727
130.4	-0.04915303053703468	-0.6979177802741616	0.10419525356051995
130.5	-0.04918203053703252	-0.7179177802741612	0.10419525356051995
130.6	-0.06875321117782462	-0.6892371634388725	0.10716734133704842
130.7	-0.06878221117782601	-0.7092371634388721	0.10716734133704842
130.8	-0.03831082481076109	-0.6911855395178947	0.10994768151509104
130.9	-0.03833982481076248	-0.7111855395178943	0.10994768151509104
131.0	-0.07318222161769228	-0.7161706882922179	0.11081054570827686
131.1	-0.07321122161769367	-0.7361706882922174	0.11081054570827686
131.2	-0.04453880428432555	-0.7497553229168283	0.11081054570827686
131.3	-0.043394972555077516	-0.7168150018049801	0.11215277889767661
131.4	-0.043423972555078905	-0.7368150018049806	0.11215277889767661
131.5	-0.07384529174363763	-0.7472193594773611	0.11215277889767661
131.6	-0.07387429174363902	-0.7672193594773615	0.11215277889767661
131.7	-0.06277455550138811	-0.6335675935746252	0.11282389549237681
131.8	-0.0628035555013895	-0.6535675935746257	0.11282389549237681
131.9	0.01575884943588335	-0.6571060182801056	0.11502899287496238
132.0	0.01572984943588196	-0.6771060182801061	0.11502899287496238
132.1	-0.010139967311207698	-0.6603048090750825	0.11723409025754794
132.2	-0.010168967311209087	-0.6803048090750821	0.11723409025754794
132.3	0.03260177534709996	-0.6337730890945554	0.12087729462877639
132.4	0.03257277534709857	-0.653773089094555	0.12087729462877639
132.5	0.03254377534709718	-0.6521732719942781	0.12058967323104763
132.6	0.032514775347099345	-0.6721732719942777	0.12058967323104763
132.7	0.03309863270492386	-0.666678405908705	0.1218360326212049
132.8	0.03306963270492602	-0.6866784059087045	0.1218360326212049
132.9	0.015077613446099036	-0.6389387299007989	0.12164428502271907
133.0	0.03852634892536244	-0.6484233308404868	0.1211649160265047
133.1	0.03788563429676017	-0.638758751597762	0.12049379943180494
133.2	0.037856634296758784	-0.6587587515977615	0.12049379943180494
133.3	0.04966205089613851	-0.6263668575370636	0.12078142082953347
133.4	0.04963305089613712	-0.6463668575370631	0.12078142082953347
133.5	0.06465078590991524	-0.5729037033959381	0.12289064441287612
133.6	0.06462178590991385	-0.5929037033959377	0.12289064441287612
133.7	0.03985716289648522	-0.5778810216240755	0.12490399419697629
133.8	0.06592242715344554	-0.5954745480778039	0.12480812039773337
133.9	0.07442293303710912	-0.5554158065074741	0.12442462520076192
134.0	0.07260316573715997	-0.5533403776998096	0.1234658872083334
134.1	0.07514130424523913	-0.5577664040841173	0.1234658872083334
134.2	0.0798506492575477	-0.5587605485395333	0.1209731684280193
134.3	0.08257950736776465	-0.5612328281057026	0.11972680903786204
134.4	0.08500104793399288	-0.5615397065934209	0.11953506143937642
134.5	0.09232722509298696	-0.5605118614412454	0.11915156624240497
134.6	0.09163840027105152	-0.546606436689288	0.1194391876401335
134.7	0.0909396518875738	-0.5510051315464919	0.11991855663634787
134.8	0.10479094737930339	-0.5601207070073047	0.12116491602650492
134.9	0.10599951564407917	-0.5528722592720872	0.12154841122347637
135.0	0.1057518044375243	-0.5726794902391257	0.12202778021969052
135.1	0.10747365903864647	-0.5831346368088477	0.12289064441287634
135.2	0.09635543602199803	-0.5865835577807239	0.1218360326212049
135.3	0.10270893552062077	-0.5871459513766633	0.121069042227262
135.4	0.10599313009121758	-0.58812723426706	0.12078142082953347
135.5	0.11089644649863928	-0.5566473296215593	0.12058967323104786
135.6	0.10903878179082582	-0.5669585277006295	0.12001443043559079
135.7	0.1122095621259156	-0.5657376611751959	0.11895981864391936
135.8	0.11468851796154667	-0.5701604688183419	0.11771345925376231
135.9	0.12497718577407824	-0.5663888625979832	0.11732996405679086
136.0	0.12038709223191191	-0.5713919981235982	0.11742583785603378
136.1	0.12494583578351737	-0.5659045503463176	0.11790520685224792
136.2	0.12737695184691233	-0.5665989347926956	0.11895981864391936
136.3	0.13194438203061054	-0.5573860674029758	0.11924744004164789
136.4	0.13559252617756457	-0.5540157734912006	0.11943918764013373
136.5	0.1386278129666998	-0.5545405285647211	0.11972680903786204
136.6	0.1492178354533955	-0.5589724343567344	0.11963093523861934
136.7	0.13673024089321828	-0.5630260413200538	0.1191515662424052
136.8	0.12726211980656643	-0.5691588159273593	0.11915156624240497
