0.000000	0.000000	0.000000	0.000000
0.099727	0.000000	0.000000	0.000000
0.199327	0.000000	0.000000	0.000000
0.298986	0.000000	0.000000	0.000000
0.398633	0.000000	0.000000	0.000000
0.498291	0.000000	0.000000	0.000000
0.597954	0.000000	0.000000	0.000000
0.697612	0.000000	0.000000	0.000000
0.797254	0.000000	0.000000	0.000000
0.896898	0.000000	0.000000	0.000000
0.996556	0.000000	0.000000	0.000000
1.096229	0.000000	0.000000	0.000000
1.195884	-0.000000	-0.000096	0.000000
1.295547	0.000000	0.000000	0.000000
1.395206	0.000000	0.000000	0.000000
1.494935	0.000000	0.000000	0.000000
1.594525	-0.000000	-0.000096	0.000000
1.694219	-0.000000	-0.000096	0.000000
1.793902	-0.000000	-0.000096	0.000000
1.893555	-0.000000	-0.000096	0.000000
1.993218	-0.000000	-0.000096	0.000000
2.092894	-0.000000	-0.000096	0.000000
2.192563	-0.000000	-0.000096	0.000000
2.292253	-0.000000	-0.000096	0.000000
2.391910	-0.000000	-0.000096	0.000000
2.491577	-0.000000	-0.000096	0.000000
2.591277	-0.000000	-0.000096	0.000000
2.690934	-0.000000	-0.000096	0.000000
2.790641	0.000000	0.000000	0.000000
2.890283	0.000000	0.000000	0.000000
2.989954	0.000000	0.000000	0.000000
3.089619	0.000000	0.000000	0.000000
3.189297	0.000000	0.000000	0.000000
3.288972	0.000000	0.000000	0.000000
3.388632	0.000000	0.000000	0.000000
3.488302	0.000000	0.000000	0.000000
3.587998	0.000000	0.000000	0.000000
3.687634	0.000000	0.000000	0.000000
3.787320	0.000000	0.000000	0.000000
3.886973	0.000000	0.000000	0.000000
3.986636	0.000000	0.000000	0.000000
4.086323	0.000000	0.000000	0.000000
4.185996	0.000000	0.000000	0.000000
4.285648	0.000000	0.000000	0.000000
4.385369	0.000000	0.000000	0.000000
4.484994	0.000000	0.000000	0.000000
4.584648	0.000000	0.000000	0.000000
4.684301	0.000000	0.000000	0.000000
4.783995	0.000000	0.000000	0.000000
4.883661	0.000000	0.000000	0.000000
4.983324	0.000000	0.000000	0.000000
5.082994	0.000000	0.000000	0.000000
5.182649	0.000000	0.000000	0.000000
5.282305	-0.000000	-0.000096	0.000000
5.381954	-0.000096	-0.000096	0.000000
5.481642	-0.000096	-0.000096	0.000000
5.581324	-0.000096	-0.000096	0.000000
5.680976	-0.000096	-0.000096	0.000000
5.780641	-0.000096	-0.000096	0.000000
5.880296	-0.000096	-0.000096	0.000000
5.979977	-0.000096	-0.000000	-0.000000
6.079621	-0.000096	-0.000000	-0.000000
6.179286	-0.000096	-0.000000	-0.000000
6.278957	0.000000	0.000000	0.000000
6.378666	0.000000	0.000000	0.000000
6.478242	0.000000	0.000000	0.000000
6.577897	0.000000	0.000000	0.000000
6.677530	0.000000	0.000000	0.000000
6.777184	0.000000	0.000000	0.000000
6.876854	0.000000	0.000000	0.000000
6.976495	0.000000	0.000000	0.000000
7.076139	0.000000	0.000000	0.000000
7.175788	0.000000	0.000000	0.000000
7.275444	0.000000	0.000000	0.000000
7.375107	0.000000	0.000000	0.000000
7.474830	0.000000	0.000000	0.000000
7.574404	-0.000096	-0.000000	-0.000000
7.674055	-0.000096	-0.000000	-0.000000
7.773703	-0.000096	-0.000000	-0.000000
7.873369	0.000000	0.000000	0.000000
7.973023	0.000000	0.000000	0.000000
8.072676	0.000000	0.000000	0.000000
8.172339	0.000000	0.000000	0.000000
8.271999	0.000000	0.000000	0.000000
8.371666	0.000000	0.000000	0.000000
8.471308	0.000000	0.000000	0.000000
8.570997	-0.000096	-0.000000	-0.000000
8.670654	0.000000	0.000000	0.000000
8.770288	0.000000	0.000000	0.000000
8.869945	-0.000096	-0.000000	-0.000000
8.969613	-0.000096	-0.000096	0.000000
9.069256	-0.000096	-0.000096	0.000000
9.168900	-0.000096	-0.000096	0.000000
9.268574	-0.000096	-0.000096	0.000000
9.368242	-0.000096	-0.000096	0.000000
9.467885	-0.000096	-0.000096	0.000000
9.567526	-0.000096	-0.000096	0.000000
9.667195	-0.000096	-0.000096	0.000000
9.766836	-0.000096	-0.000000	-0.000000
9.866493	-0.000096	-0.000000	-0.000000
9.966244	0.000479	-0.001150	-0.000575
10.065891	0.000575	-0.003260	-0.001726
10.165578	0.000959	-0.005081	-0.002109
10.265252	0.001055	-0.006807	-0.002684
10.364881	0.000959	-0.007574	-0.002780
10.464519	0.001246	-0.007766	-0.003643
10.564182	0.002205	-0.009587	-0.003931
10.663819	0.002493	-0.010258	-0.004985
10.763472	0.002493	-0.009204	-0.005848
10.863134	0.002397	-0.009012	-0.006424
10.962782	0.002493	-0.008341	-0.007382
11.062437	0.002589	-0.007478	-0.008820
11.162058	0.001917	-0.007574	-0.009587
11.261762	0.001630	-0.010163	-0.009875
11.361413	0.001342	-0.009587	-0.010258
11.461059	0.001055	-0.002972	-0.011313
11.560706	0.000863	-0.003643	-0.011792
11.660337	0.001055	-0.002972	-0.011792
11.759991	0.001342	-0.002972	-0.011313
11.859621	0.001822	-0.003164	-0.011984
11.959253	0.001917	-0.002684	-0.012847
12.058922	0.001822	-0.001150	-0.013422
12.158605	0.001726	0.000192	-0.013710
12.258229	0.001822	0.002109	-0.014477
12.357859	0.001726	0.003931	-0.015244
12.457607	0.001342	0.000959	-0.016011
12.557191	0.000863	-0.001534	-0.016203
12.656842	0.000863	-0.001917	-0.016394
12.756489	0.000767	0.004985	-0.016874
12.856148	0.000671	0.005561	-0.017449
12.955806	0.000479	0.002013	-0.016586
13.055484	0.000671	0.003260	-0.016490
13.155116	0.001150	0.002301	-0.017161
13.254742	0.001726	0.002780	-0.017066
13.354425	0.001917	0.003835	-0.017737
13.454113	0.002013	0.004506	-0.018024
13.553750	0.001917	0.007478	-0.018120
13.653408	0.002205	0.008437	-0.018408
13.753059	0.002301	0.007766	-0.018983
13.852789	0.002205	0.006040	-0.019558
13.952390	0.001726	0.005369	-0.020517
14.052062	0.001630	0.005081	-0.021092
14.151721	0.001150	0.011792	-0.021188
14.251376	0.001055	0.014860	-0.021380
14.351040	0.002109	0.005273	-0.021667
14.450708	0.001630	0.005848	-0.020996
14.550375	0.001150	0.011601	-0.020709
14.650040	0.001246	0.004602	-0.019558
14.749687	0.001534	0.005465	-0.019558
14.849363	0.002109	0.007382	-0.019846
14.949000	0.002301	0.006999	-0.020229
15.048646	0.002397	0.006807	-0.020517
15.148314	0.002205	0.010450	-0.021380
15.247998	0.002397	0.012464	-0.021955
15.347627	0.002493	0.010067	-0.022818
15.447261	0.002397	0.008820	-0.023393
15.546907	0.002109	0.006711	-0.024160
15.646555	-0.000383	0.002780	-0.024735
15.746210	-0.000671	0.002780	-0.024735
15.845870	-0.001055	0.006232	-0.024256
15.945528	-0.001055	0.007478	-0.023968
16.045175	-0.001150	0.004027	-0.023393
16.144834	-0.001438	0.002876	-0.022722
16.244516	-0.001055	0.001726	-0.022339
16.344183	-0.000575	0.000575	-0.022818
16.443829	0.000000	0.000479	-0.023106
16.543462	0.000096	0.002589	-0.023968
16.643203	0.000096	0.005369	-0.024735
16.742831	0.000096	0.005752	-0.025215
16.842474	0.000383	0.006136	-0.025790
16.942140	0.000383	0.005177	-0.026365
17.041799	0.000288	0.003356	-0.026653
17.141459	-0.000192	0.003643	-0.026749
17.241111	-0.000479	0.004602	-0.026461
17.340783	-0.000767	0.006711	-0.026174
17.440445	-0.001055	0.008725	-0.026078
17.540114	-0.000959	0.006424	-0.025790
17.639755	-0.001150	0.002972	-0.025694
17.739434	-0.001246	0.002013	-0.025311
17.839068	-0.000959	0.002780	-0.025215
17.938727	-0.000575	0.004314	-0.025886
18.038427	-0.000096	0.004027	-0.026269
18.138043	-0.000192	0.002780	-0.026749
18.237698	-0.000096	0.004602	-0.027228
18.337322	0.000000	0.005561	-0.027420
18.437018	0.000192	0.004218	-0.027803
18.536672	0.000959	0.003068	-0.027324
18.636341	0.001917	0.003835	-0.027803
18.736004	0.001438	0.004123	-0.027516
18.835649	0.001342	0.004314	-0.027708
18.935317	0.001150	0.005177	-0.027803
19.034946	0.001055	0.007574	-0.028091
19.134619	0.001055	0.005273	-0.027899
19.234290	0.000863	0.000767	-0.027132
19.333942	0.000959	0.001246	-0.027036
19.433631	0.001246	0.004218	-0.027228
19.533253	0.001630	0.004985	-0.027420
19.632895	0.001726	0.004890	-0.027899
19.732571	0.001726	0.006615	-0.027899
19.832221	0.001726	0.006040	-0.027803
19.931857	0.002013	0.004794	-0.027899
20.031537	0.002109	0.005177	-0.028379
20.131182	0.001917	0.004314	-0.029050
20.230856	0.001534	0.004506	-0.029721
20.330467	0.001150	0.004985	-0.029817
20.430167	0.000863	0.007670	-0.030488
20.529789	0.000575	0.007958	-0.030584
20.629454	0.000383	0.005465	-0.030104
20.729101	0.000288	0.002493	-0.030008
20.828770	0.000192	0.001822	-0.029242
20.928426	0.000383	0.005177	-0.028858
21.028102	0.000671	0.005848	-0.028858
21.127706	0.001055	0.005369	-0.028954
21.227395	0.000959	0.006328	-0.028858
21.327046	0.001150	0.007382	-0.029146
21.426692	0.001438	0.005752	-0.029337
21.526333	0.001726	0.005273	-0.030104
21.625992	0.001534	0.006232	-0.031255
21.725651	0.001342	0.006424	-0.031734
21.825304	0.000767	0.008341	-0.031542
21.925019	0.000671	0.010930	-0.031926
22.024620	0.000479	0.010163	-0.032501
22.124269	0.000288	0.007766	-0.031734
22.223930	0.000288	0.005657	-0.031063
22.323573	0.000000	0.003356	-0.030008
22.423234	0.000192	0.003164	-0.029433
22.522850	0.000479	0.004602	-0.029433
22.622505	0.000863	0.007766	-0.029817
22.722155	0.000863	0.006807	-0.029529
22.821816	0.001055	0.005465	-0.029913
22.921458	0.001246	0.004985	-0.030392
23.021166	0.001630	0.005177	-0.030775
23.120760	0.001726	0.004314	-0.031734
23.220395	0.001534	0.004985	-0.032405
23.320107	0.001150	0.006807	-0.032693
23.419744	0.000767	0.008820	-0.032214
23.519387	0.000575	0.009875	-0.032118
23.619040	0.000288	0.009012	-0.031351
23.718705	0.000383	0.004602	-0.030871
23.818349	0.000383	0.002397	-0.030008
23.918024	0.000288	0.002301	-0.028762
24.017701	0.000383	0.005465	-0.027899
24.117376	0.000767	0.006040	-0.027899
24.216981	0.001055	0.006232	-0.028091
24.316668	0.001055	0.004506	-0.027899
24.416315	0.002205	0.004027	-0.027995
24.515975	0.002397	0.003068	-0.028283
24.615644	0.002684	0.003068	-0.028475
24.715301	0.002493	0.004218	-0.028762
24.814958	0.002109	0.005369	-0.028379
24.914642	0.001726	0.006903	-0.027803
25.014252	0.001726	0.008820	-0.027612
25.113927	0.001438	0.007382	-0.026845
25.213581	0.001342	0.003643	-0.026365
25.313241	0.001342	0.001726	-0.025886
25.412910	0.001150	0.004027	-0.025311
25.512566	0.001246	0.004890	-0.024831
25.612233	0.001534	0.006136	-0.025215
25.711890	0.001917	0.005944	-0.025311
25.811591	0.001822	0.003643	-0.025119
25.911233	0.002109	0.002876	-0.025119
26.010854	0.002205	0.003164	-0.025023
26.210214	0.002301	0.005273	-0.025598
26.309891	0.002013	0.006903	-0.025598
26.409564	0.001534	0.008149	-0.025215
26.509197	0.001630	0.008820	-0.025311
26.608867	0.001342	0.006711	-0.024640
26.708545	0.001150	0.003739	-0.024640
26.808200	0.001342	0.000575	-0.024448
26.907894	0.000863	0.003931	-0.023777
27.007532	0.000959	0.005369	-0.023489
27.107213	0.001150	0.006519	-0.023681
27.206856	0.001150	0.006999	-0.024352
27.306523	0.000863	0.006328	-0.023393
27.406182	0.001055	0.003931	-0.023681
27.505834	0.001246	0.002589	-0.023681
27.605546	0.001438	0.003260	-0.023777
27.705173	0.001246	0.006328	-0.024448
27.804894	0.000767	0.008916	-0.024735
27.904511	0.000383	0.010163	-0.024448
28.004186	0.000288	0.010450	-0.024448
28.103852	0.000192	0.009204	-0.024544
28.203499	0.000000	0.006903	-0.024831
28.303180	-0.000096	0.004698	-0.024831
28.402854	-0.000383	0.003643	-0.024352
28.502538	-0.000383	0.004698	-0.023873
28.602199	-0.000192	0.007574	-0.023393
28.701877	0.000096	0.008341	-0.024064
28.801526	0.000096	0.004890	-0.022818
28.901197	0.000288	0.003356	-0.023393
29.000916	0.000479	0.004123	-0.023489
29.100535	0.000575	0.007382	-0.023777
29.200275	0.000575	0.008341	-0.024448
29.299868	0.000383	0.010546	-0.025023
29.399565	0.000000	0.011888	-0.025694
29.499205	-0.000096	0.013806	-0.025982
29.598904	-0.000383	0.012751	-0.025311
29.698553	-0.000383	0.011697	-0.025982
29.798219	-0.000479	0.009875	-0.025886
29.997536	-0.000671	0.007191	-0.025982
30.097226	-0.000863	0.006711	-0.025311
30.196883	-0.000959	0.007286	-0.024831
30.296534	-0.001055	0.009396	-0.024544
30.396269	-0.000479	0.010834	-0.024256
30.495884	-0.000192	0.011121	-0.024448
30.595540	-0.000096	0.009587	-0.025023
30.695230	0.000096	0.008341	-0.025598
30.794880	0.000192	0.005561	-0.025790
30.894513	0.000288	0.003356	-0.026269
30.994214	0.000479	0.002972	-0.026461
31.093859	0.000479	0.004123	-0.026749
31.193546	0.000575	0.006424	-0.026653
31.293220	0.000575	0.009396	-0.027132
31.392931	0.000383	0.009396	-0.026941
31.492572	0.000096	0.009875	-0.026749
31.592255	0.000000	0.010738	-0.026653
31.691914	0.000096	0.009108	-0.026845
31.791600	-0.000096	0.008533	-0.026941
31.891232	-0.000192	0.007286	-0.027132
31.990897	-0.000288	0.005561	-0.026941
32.090566	-0.000383	0.004218	-0.026365
32.190218	-0.000479	0.004410	-0.026174
32.289895	-0.000383	0.005561	-0.025886
32.389579	-0.000288	0.009012	-0.025598
32.489218	-0.000096	0.009875	-0.025215
32.588875	0.000288	0.004218	-0.025023
32.688542	0.000192	0.006424	-0.024352
32.788193	0.000288	0.003739	-0.024064
32.887833	0.000575	0.002684	-0.024256
32.987545	0.000671	0.005465	-0.024544
33.087193	0.000767	0.007862	-0.024735
33.286511	0.000575	0.009204	-0.025790
33.386188	0.000096	0.010163	-0.025790
33.485842	0.000000	0.008820	-0.025598
33.585469	-0.000096	0.007958	-0.025502
33.685162	-0.000192	0.006999	-0.025119
33.784835	-0.000288	0.005657	-0.024927
33.884508	-0.000575	0.004027	-0.024256
33.984144	-0.000767	0.004602	-0.022914
34.083837	-0.001055	0.006519	-0.022626
34.183450	-0.001055	0.010163	-0.022434
34.283132	-0.000767	0.009492	-0.022434
34.382795	-0.000479	0.007286	-0.022339
34.482474	-0.000192	0.005177	-0.022530
34.582142	-0.000096	0.003356	-0.022530
34.681809	-0.000000	0.002301	-0.022818
34.781472	0.000383	0.001917	-0.023010
34.881155	0.000479	0.002109	-0.023106
34.980825	0.000575	0.004218	-0.023106
35.080511	0.000479	0.008341	-0.023201
35.180208	0.000192	0.008725	-0.023201
35.279919	0.000192	0.006232	-0.022434
35.379569	0.000288	0.006328	-0.022339
35.479279	0.000288	0.006807	-0.022243
35.578932	0.000192	0.005657	-0.022147
35.678617	-0.000000	0.004506	-0.022243
35.778310	-0.000192	0.005465	-0.021859
35.877995	-0.000288	0.008245	-0.021667
35.977687	-0.000192	0.009012	-0.021572
36.077364	0.000096	0.006999	-0.021380
36.177055	0.000383	0.005273	-0.021763
36.276721	0.000575	0.001630	-0.020613
36.376401	0.000671	0.002684	-0.020900
36.476077	0.000863	0.003260	-0.020805
36.575737	0.001150	0.004985	-0.020900
36.675450	0.001246	0.006519	-0.021092
36.775103	0.001438	0.007382	-0.021476
36.874793	0.001150	0.009779	-0.021955
36.974462	0.000959	0.010258	-0.021572
37.074146	0.001055	0.007766	-0.021763
37.173814	0.001246	0.006136	-0.022147
37.273490	0.000479	0.006136	-0.023393
37.373139	-0.000383	0.003835	-0.022722
37.472829	-0.000479	0.001917	-0.021667
37.572480	-0.000383	0.001246	-0.021092
37.672171	-0.000192	0.001822	-0.020517
37.771861	0.000096	0.003739	-0.020133
37.871526	0.000288	0.004890	-0.020325
37.971229	0.000479	0.001917	-0.019846
38.070921	0.000575	0.003451	-0.020229
38.170592	0.000863	0.004890	-0.020613
38.270226	0.001055	0.006424	-0.020996
38.369926	0.001246	0.006807	-0.021476
38.469603	0.001150	0.007478	-0.021955
38.569276	0.000959	0.005944	-0.022339
38.668956	0.000863	0.005465	-0.022339
38.768661	0.000863	0.006232	-0.022339
38.868286	0.000767	0.007382	-0.022339
38.967990	0.000575	0.006711	-0.022051
39.067668	0.000096	0.007286	-0.021476
39.167354	0.000096	0.009108	-0.020996
39.267054	0.000000	0.009971	-0.020613
39.366698	0.000288	0.008149	-0.020517
39.466348	0.000479	0.006328	-0.020517
39.566023	0.000575	0.003451	-0.020900
39.665708	0.000767	0.002876	-0.021188
39.765386	0.000863	0.003547	-0.021572
39.865073	0.001150	0.005561	-0.022051
39.964754	0.001150	0.007766	-0.022243
40.064429	0.001342	0.006711	-0.022243
40.164072	0.001246	0.005369	-0.022626
40.263769	0.001055	0.005657	-0.021955
40.363469	0.001150	0.005273	-0.021667
40.463119	0.001342	0.004027	-0.021667
40.562801	0.001150	0.004218	-0.021763
40.662475	0.000767	0.007191	-0.021859
40.762182	0.000671	0.008341	-0.021380
40.861838	0.000671	0.008533	-0.021188
40.961525	0.000863	0.007382	-0.021284
41.061177	0.000959	0.005273	-0.021284
41.160924	0.001055	0.002876	-0.021380
41.260534	0.001150	0.002013	-0.020996
41.360179	0.001246	0.002684	-0.021188
41.459846	0.001438	0.004410	-0.021188
41.559557	0.001438	0.007478	-0.021188
41.659243	0.001630	0.006328	-0.021092
41.758907	0.001534	0.004218	-0.021380
41.858601	0.001342	0.003547	-0.020996
41.958263	0.001438	0.002972	-0.021667
42.057910	0.001246	0.007095	-0.021572
42.157577	0.001150	0.007862	-0.022434
42.257248	0.000767	0.006424	-0.021955
42.356899	0.000479	0.006136	-0.020996
42.456589	0.000479	0.009204	-0.020517
42.556248	0.000479	0.008149	-0.019654
42.655916	0.000767	0.005561	-0.019271
42.755579	0.000959	0.004123	-0.018887
42.855262	0.000959	0.003164	-0.018216
42.954920	0.001150	0.003739	-0.018120
43.054577	0.001150	0.005657	-0.018024
43.154237	0.001534	0.006711	-0.018216
43.253906	0.001630	0.005848	-0.018216
43.353558	0.001822	0.004218	-0.018216
43.453234	0.001630	0.003260	-0.018312
43.552884	0.001534	0.002301	-0.017928
43.652580	0.001438	0.002397	-0.018216
43.752283	0.001438	0.004027	-0.018408
43.851918	0.001150	0.006903	-0.018408
43.951578	0.000767	0.006711	-0.018024
44.051249	0.000575	0.006232	-0.017066
44.150928	0.000575	0.007191	-0.016299
44.250601	0.000767	0.005657	-0.015819
44.350268	0.000959	0.002205	-0.015532
44.449931	0.000959	0.001822	-0.015244
44.549605	0.000959	0.003164	-0.015148
44.649272	0.000959	0.004890	-0.015436
44.748906	0.001246	0.006232	-0.015915
44.848614	0.001342	0.006711	-0.016682
44.948279	0.001534	0.004218	-0.016682
45.047960	0.001534	0.002013	-0.016970
45.147606	0.001342	0.000863	-0.016586
45.247277	0.001342	0.000863	-0.016682
45.346903	0.001246	0.001630	-0.016299
45.446609	0.001055	0.004123	-0.016586
45.546234	0.000575	0.008341	-0.016107
45.645898	0.000096	0.008725	-0.015244
45.745584	0.000192	0.007670	-0.014860
45.845235	0.000192	0.007382	-0.014765
45.944892	0.000383	0.005465	-0.014956
46.044508	0.000479	0.004027	-0.014956
46.144217	0.000479	0.003356	-0.015148
46.243869	0.000479	0.003260	-0.015148
46.343528	0.000575	0.004123	-0.015436
46.443208	0.000767	0.003451	-0.015627
46.542861	0.001342	0.002493	-0.015244
46.642483	0.001534	0.001150	-0.015244
46.742176	0.001246	-0.001534	-0.014860
46.841809	0.001246	-0.002301	-0.014765
46.941497	0.001150	-0.002780	-0.014573
47.041155	0.001150	-0.001917	-0.015148
47.140809	0.000863	-0.000959	-0.015148
47.240461	0.000383	-0.000863	-0.014860
47.340136	0.000288	0.000671	-0.014860
47.439757	0.000192	0.003451	-0.014956
47.539423	0.000383	0.002205	-0.015244
47.639111	0.000479	0.000000	-0.014860
47.738767	0.000383	-0.000383	-0.014765
47.838431	0.000575	0.000096	-0.014669
47.938089	0.000575	0.001246	-0.014669
48.037734	0.000863	0.003356	-0.014669
48.137388	0.001055	0.001055	-0.014573
48.237070	0.001438	-0.002684	-0.014669
48.336737	0.001342	-0.004027	-0.014285
48.436363	0.001342	-0.004218	-0.014765
48.536022	0.001342	-0.004027	-0.014956
48.635700	0.001342	-0.000671	-0.015723
48.735337	0.000959	0.003643	-0.015915
48.835041	0.000575	0.004985	-0.015819
48.934695	0.000671	0.002109	-0.015244
49.034337	0.000767	-0.000383	-0.014860
49.134006	0.000959	-0.000959	-0.014573
49.233704	0.000959	-0.000096	-0.014093
49.333376	0.000863	0.001726	-0.014093
49.433046	0.000959	0.004890	-0.013998
49.532713	-0.000575	0.006040	-0.015244
49.632395	-0.000383	0.001342	-0.015532
49.732076	-0.000383	0.002780	-0.016107
49.831733	-0.000288	0.001246	-0.016394
49.931422	-0.000383	-0.000863	-0.016107
50.031110	-0.000479	0.001246	-0.016586
50.130753	-0.000767	0.005177	-0.016778
50.230480	-0.000767	0.009204	-0.017257
50.330145	-0.001055	0.006711	-0.016682
50.429816	-0.001150	0.001630	-0.016203
50.629180	-0.001055	-0.003068	-0.015244
50.728817	-0.001055	-0.000959	-0.015148
50.828542	-0.001342	0.004890	-0.014573
50.928216	-0.001246	0.004890	-0.014956
51.027849	-0.000959	0.002780	-0.015052
51.127544	-0.000863	0.002972	-0.015532
51.227215	-0.000671	0.003739	-0.015915
51.326881	-0.000383	0.000575	-0.015915
51.426693	-0.000288	-0.001246	-0.016203
51.526239	-0.000479	0.000288	-0.016586
51.625889	-0.000479	0.002013	-0.016682
51.725617	-0.000575	0.006711	-0.017066
51.825257	-0.000959	0.009108	-0.016586
51.924925	-0.001150	0.003931	-0.015532
52.024611	-0.001055	0.000863	-0.014573
52.124292	-0.000959	-0.000192	-0.014189
52.223944	-0.000959	0.000575	-0.013998
52.323641	-0.001150	0.003547	-0.013231
52.423314	-0.001534	0.007574	-0.013902
52.522963	-0.001246	0.005657	-0.013902
52.622653	-0.001246	0.006807	-0.014093
52.722329	-0.000959	0.004794	-0.013518
52.822027	-0.000959	0.003931	-0.012751
52.921717	-0.000767	0.002876	-0.013135
53.021466	-0.000959	0.004218	-0.012559
53.121065	-0.001055	0.007478	-0.012272
53.220745	-0.001150	0.010163	-0.012464
53.320451	-0.001150	0.007862	-0.011888
53.420126	-0.001438	0.004123	-0.011505
53.519813	-0.001534	0.003164	-0.011505
53.619514	-0.001534	0.006615	-0.011505
53.719223	-0.001726	0.007382	-0.011409
53.818860	-0.001726	0.006999	-0.011313
53.918580	-0.001822	0.007670	-0.010738
54.018253	-0.001726	0.008341	-0.010834
54.117946	-0.001630	0.007382	-0.010546
54.217631	-0.001438	0.006807	-0.010546
54.317289	-0.001150	0.004123	-0.010450
54.417026	-0.001055	0.002876	-0.010067
54.516672	-0.000959	0.000863	-0.009683
54.616372	-0.000959	-0.000192	-0.009587
54.716031	-0.001055	0.000575	-0.009396
54.815757	-0.001055	0.003164	-0.009875
54.915401	-0.001246	0.007958	-0.010354
55.015096	-0.001822	0.011505	-0.010163
55.114771	-0.002109	0.008725	-0.009971
55.214423	-0.002013	0.005944	-0.010067
55.314076	-0.002205	0.005081	-0.009875
55.413803	-0.002589	0.007574	-0.010163
55.513509	-0.002780	0.009300	-0.009300
55.613200	-0.002589	0.007478	-0.008916
55.712842	-0.002301	0.006999	-0.008629
55.812546	-0.002205	0.004985	-0.008629
55.912236	-0.001822	0.004123	-0.008916
56.011899	-0.001726	0.003643	-0.008820
56.111566	-0.001726	0.002205	-0.008533
56.211267	-0.001726	0.002301	-0.009108
56.310912	-0.001726	0.004027	-0.009396
56.410633	-0.001822	0.008533	-0.010067
56.510265	-0.002013	0.009204	-0.010450
56.609943	-0.002205	0.004314	-0.009779
56.709608	-0.002205	0.000575	-0.009587
56.908962	-0.002205	0.000383	-0.009012
57.008636	-0.002397	0.001630	-0.008149
57.108343	-0.002493	0.005752	-0.008053
57.207936	-0.002301	0.008725	-0.008341
57.307662	-0.002013	0.002972	-0.008437
57.407327	-0.001822	0.003739	-0.009204
57.506994	-0.001822	0.004698	-0.009300
57.606639	-0.001822	0.005369	-0.009300
57.706370	-0.001917	0.008437	-0.010067
57.805987	-0.001917	0.008149	-0.010067
57.905639	-0.001917	0.006711	-0.010354
58.005313	-0.001822	0.006040	-0.010450
58.104960	-0.002109	0.004794	-0.010067
58.204612	-0.002301	0.005465	-0.009683
58.304269	-0.000959	0.007478	-0.009012
58.403916	-0.001150	0.009875	-0.008916
58.503583	-0.001342	0.009300	-0.008629
58.603237	-0.001342	0.009204	-0.008437
58.702921	-0.001246	0.008053	-0.008725
58.802566	-0.000959	0.005465	-0.009204
58.902213	-0.000863	0.003931	-0.009779
59.001878	-0.000479	0.004314	-0.010163
59.101595	-0.000671	0.006136	-0.010354
59.201201	-0.000575	0.007191	-0.010258
59.300852	-0.000479	0.011217	-0.011217
59.400521	-0.000671	0.011697	-0.011313
59.500170	-0.000575	0.010163	-0.010930
59.599855	-0.000575	0.010354	-0.010642
59.699526	-0.000383	0.007670	-0.010834
59.799195	-0.000288	0.003164	-0.010642
59.898844	-0.000479	0.004218	-0.010738
59.998496	-0.000671	0.007478	-0.010930
60.098114	-0.000671	0.009587	-0.011217
60.197812	-0.000575	0.008916	-0.011313
60.297420	-0.000575	0.009587	-0.011313
60.397112	-0.000767	0.009587	-0.011025
60.496789	-0.000767	0.008916	-0.010067
60.596426	-0.000671	0.008053	-0.009779
60.696060	-0.000671	0.006711	-0.009587
60.795728	-0.000383	0.005273	-0.009396
60.895363	-0.000288	0.003643	-0.009204
60.995037	-0.000192	0.003356	-0.009204
61.094681	0.000096	0.003643	-0.009300
61.194353	0.000096	0.004027	-0.009396
61.293997	0.000192	0.004027	-0.009300
61.393656	0.000288	0.004123	-0.009396
61.493314	0.000288	0.004985	-0.010067
61.592957	0.000192	0.006424	-0.010163
61.692622	0.000192	0.005177	-0.010450
61.792283	0.000192	0.003547	-0.010163
61.892013	0.000096	0.002876	-0.010067
61.991624	0.000192	0.003068	-0.009492
62.091234	-0.000096	0.003547	-0.009108
62.190906	-0.000192	0.005177	-0.008916
62.290577	-0.000288	0.007862	-0.008820
62.390275	-0.000383	0.007095	-0.008725
62.489916	-0.000479	0.006232	-0.008341
62.589555	-0.000479	0.006424	-0.008149
62.689244	-0.000479	0.003931	-0.008245
62.788871	-0.000288	0.002780	-0.008629
62.888519	-0.000096	0.002397	-0.008820
62.988190	0.000000	0.002589	-0.008820
63.087845	0.000192	0.002780	-0.008629
63.187474	0.000192	0.002684	-0.008629
63.287205	0.000288	0.002493	-0.007958
63.386832	0.000383	0.003356	-0.008053
63.486492	0.000288	0.005465	-0.008053
63.586152	0.000479	0.005177	-0.008053
63.685801	0.000479	0.002109	-0.008053
63.785477	0.000575	0.000288	-0.008341
63.885145	0.000575	-0.000671	-0.008245
63.984801	0.000383	-0.000671	-0.008437
64.084437	0.000383	-0.000479	-0.008533
64.184158	0.000288	0.001246	-0.008629
64.283769	0.000096	0.004985	-0.008725
64.383399	-0.000096	0.007286	-0.007670
64.483102	0.000000	0.004123	-0.007286
64.582774	0.000096	0.003260	-0.007191
64.682415	0.000192	0.003164	-0.007095
64.782064	0.000288	0.002301	-0.007095
64.881754	0.000383	0.004123	-0.006999
64.981462	0.000383	0.004506	-0.007191
65.081061	0.000479	0.005177	-0.006903
65.180770	0.000383	0.007478	-0.007574
65.280399	0.000288	0.007958	-0.007862
65.380063	0.000192	0.005657	-0.008533
65.479711	0.000288	0.004410	-0.008341
65.579362	0.000383	0.003260	-0.008149
65.679026	0.000096	0.004410	-0.007958
65.778694	-0.000096	0.005848	-0.007958
65.878371	-0.000192	0.009108	-0.007670
65.977976	-0.000288	0.009204	-0.007382
66.077763	-0.000383	0.007095	-0.006711
66.177359	-0.000383	0.006040	-0.006424
66.277017	-0.000383	0.005752	-0.006424
66.376685	-0.000096	0.003739	-0.006711
66.476276	-0.000000	0.003931	-0.007095
66.575990	0.000192	0.004506	-0.007574
66.675655	0.000383	0.005273	-0.007862
66.775294	0.000383	0.007095	-0.007478
66.875005	0.000575	0.009012	-0.007670
66.974613	0.000575	0.007958	-0.007478
67.074303	0.000671	0.007382	-0.007574
67.173976	0.000767	0.005944	-0.007286
67.273593	0.000767	0.005944	-0.007191
67.373253	0.000575	0.007191	-0.006999
67.472879	0.000192	0.010258	-0.007191
67.572563	0.000192	0.011217	-0.007478
67.672224	0.000096	0.010450	-0.007670
67.771891	-0.000096	0.008437	-0.007191
67.871555	-0.000096	0.007574	-0.006999
67.971205	-0.000096	0.005944	-0.006903
68.070832	0.000288	0.004123	-0.006903
68.170461	0.000383	0.001342	-0.007191
68.270151	0.000479	0.003547	-0.007191
68.369808	0.000671	0.004218	-0.007191
68.469455	0.000863	0.004985	-0.006424
68.569135	0.000959	0.007286	-0.006711
68.668791	-0.000000	0.008916	-0.006807
68.768421	0.000000	0.007574	-0.007191
68.868066	0.000000	0.005081	-0.007574
68.967729	-0.000096	0.004123	-0.007574
69.067392	-0.000383	0.004123	-0.007766
69.167030	-0.000671	0.005273	-0.008149
69.266675	-0.000767	0.007766	-0.008341
69.366295	-0.001055	0.009971	-0.008629
69.465995	-0.001150	0.006232	-0.007862
69.565633	-0.001150	0.003451	-0.007382
69.665296	-0.001150	0.003739	-0.007382
69.764957	-0.001055	0.006040	-0.007191
69.864624	-0.001055	0.004698	-0.006999
69.964272	-0.000671	0.003451	-0.007095
70.063914	-0.000671	0.003356	-0.006615
70.163598	-0.000383	0.003356	-0.006807
70.263274	-0.000575	0.007766	-0.006807
70.362913	-0.000479	0.006136	-0.006999
70.462575	-0.000383	0.002876	-0.007286
70.562196	-0.000288	0.000959	-0.007191
70.661884	-0.000383	0.000575	-0.007095
70.761530	-0.000479	0.000479	-0.006999
70.861215	-0.000575	0.001055	-0.006615
70.960840	-0.000671	0.003451	-0.006424
71.060525	-0.000959	0.004410	-0.005273
71.160186	-0.000767	0.000192	-0.004794
71.259856	-0.000671	-0.001055	-0.004123
71.359486	-0.000575	0.005273	-0.004218
71.459211	-0.000479	0.006040	-0.004123
71.558859	-0.000000	0.002876	-0.004314
71.658531	0.000671	0.000863	-0.004698
71.758163	0.001246	0.001917	-0.004218
71.857855	0.001438	0.005177	-0.004794
71.957519	0.001246	0.007766	-0.004602
72.057161	0.001342	0.006040	-0.004794
72.156808	0.001438	0.004698	-0.004698
72.256488	0.001342	0.004985	-0.004314
72.356148	0.001055	0.007958	-0.004218
72.455819	0.000767	0.012368	-0.004218
72.555473	0.000479	0.010354	-0.003547
72.655133	0.000575	0.006424	-0.003739
72.754791	0.000479	0.006615	-0.003164
72.854439	0.000383	0.005561	-0.002780
72.954115	0.000479	0.005273	-0.003068
73.053765	0.000671	0.005657	-0.003451
73.153431	0.000671	0.004602	-0.003356
73.253081	0.000959	0.004794	-0.003068
73.352738	0.001150	0.006328	-0.003068
73.452407	0.001342	0.005848	-0.002493
73.552047	0.001534	0.005369	-0.002397
73.651771	0.001726	0.004698	-0.002493
73.751381	0.001822	0.005657	-0.002301
73.851030	0.001822	0.007095	-0.002397
73.950674	0.001726	0.009779	-0.002684
74.050331	0.001534	0.012176	-0.002972
74.149991	0.001342	0.011121	-0.003451
74.249659	0.001342	0.009108	-0.003356
74.349320	0.001150	0.005944	-0.003164
74.449005	0.001150	0.003451	-0.002876
74.548635	0.001150	0.002684	-0.002493
74.648311	0.001055	0.004410	-0.002780
74.747962	0.001055	0.006615	-0.002684
74.847622	0.001246	0.004794	-0.002780
74.947284	0.001534	0.004027	-0.002589
75.046975	0.001438	0.005081	-0.001917
75.146615	0.001630	0.008341	-0.002205
75.246272	0.001534	0.007766	-0.002397
75.346020	0.001630	0.006136	-0.002684
75.545264	0.001534	0.010738	-0.003835
75.644885	0.001150	0.015627	-0.004218
75.744591	0.000767	0.013998	-0.004890
75.844220	0.000671	0.010930	-0.004506
75.943893	0.000479	0.009971	-0.004410
76.043543	0.000383	0.007958	-0.003643
76.143224	0.000288	0.008341	-0.002684
76.242889	0.000288	0.010163	-0.002589
76.342555	0.000383	0.008533	-0.002780
76.442241	0.000575	0.009587	-0.003068
76.541882	0.000863	0.009012	-0.003164
76.641537	0.000959	0.007670	-0.002876
76.741230	0.001342	0.008629	-0.003260
76.840859	0.001438	0.007478	-0.003739
76.940517	0.001438	0.008820	-0.004506
77.040179	0.001534	0.010834	-0.004794
77.139835	0.001438	0.011984	-0.004698
77.239518	0.001342	0.014956	-0.004985
77.339194	0.000959	0.011792	-0.004985
77.438837	0.001055	0.003835	-0.004698
77.538482	0.001150	0.001534	-0.004602
77.638169	0.000767	0.004506	-0.003931
77.737820	0.000575	0.004314	-0.003547
77.837500	0.001055	0.003739	-0.003068
77.937176	0.001150	0.005465	-0.004027
78.036813	0.001342	0.007095	-0.004506
78.136477	0.001630	0.005369	-0.004985
78.236146	0.001726	0.003931	-0.004698
78.335827	0.001917	0.005465	-0.004985
78.435493	0.001917	0.006615	-0.005081
78.535133	0.002013	0.007958	-0.005657
78.634796	0.002013	0.009683	-0.005657
78.734524	0.001917	0.012559	-0.005369
78.834119	0.001822	0.013806	-0.005752
78.933809	0.001534	0.012464	-0.006040
79.033453	0.001342	0.009396	-0.005944
79.133119	0.001246	0.008820	-0.006136
79.232787	0.001055	0.006424	-0.005465
79.332439	0.001055	0.005752	-0.004985
79.432137	0.000959	0.007478	-0.004985
79.531788	0.000863	0.009683	-0.005273
79.631426	0.001055	0.007958	-0.004985
79.731114	0.001150	0.007286	-0.004794
79.830753	0.001342	0.006999	-0.004027
79.930377	0.001438	0.006232	-0.003643
80.030020	0.001630	0.007095	-0.003260
80.129729	0.001630	0.008820	-0.003451
80.229338	0.001630	0.009683	-0.003068
80.329036	0.001726	0.010258	-0.003356
80.428668	0.001630	0.012655	-0.003643
80.528322	0.001438	0.012272	-0.004027
80.727686	0.001055	0.006903	-0.004602
80.827370	0.000767	0.004027	-0.003835
80.927018	0.000383	0.004985	-0.003643
81.026638	0.000096	0.006807	-0.002876
81.126335	-0.000000	0.008437	-0.002493
81.225994	0.000288	0.006615	-0.002013
81.325671	0.000479	0.004794	-0.001342
81.425327	0.000959	0.004602	-0.000959
81.624635	0.001342	0.005081	-0.000671
81.724295	0.001438	0.007382	-0.001246
81.823991	0.001534	0.008533	-0.001534
81.923614	0.001630	0.009587	-0.001534
82.023262	0.001630	0.012368	-0.002205
82.122899	0.001342	0.010738	-0.002397
82.222570	0.001150	0.008149	-0.002589
82.322206	0.001055	0.004698	-0.002397
82.421892	0.000959	0.003260	-0.001726
82.521604	0.000767	0.002876	-0.001055
82.621245	0.000671	0.005081	-0.000575
82.720899	0.000671	0.008820	-0.000575
82.820540	0.000863	0.004985	0.000096
82.920226	0.001438	0.000288	-0.000383
83.119533	0.001726	0.003931	-0.000192
83.219224	0.001917	0.007191	-0.000479
83.418490	0.002397	0.005848	-0.001055
83.518162	0.002397	0.005081	-0.001055
83.717477	0.001917	0.005465	-0.001342
83.817145	0.001342	0.004218	-0.001150
83.916805	0.001150	-0.001055	-0.000096
84.016474	0.001150	-0.004410	0.000383
84.116128	0.000959	-0.001822	0.000671
84.215811	0.000767	0.004506	0.000288
84.315447	0.000959	0.004985	0.000192
84.415092	0.001438	-0.001438	-0.000096
84.514756	0.001822	-0.003739	0.000383
84.614421	0.001726	-0.002109	0.000288
84.714033	0.001917	0.001630	0.000288
84.813716	0.001822	0.005657	-0.000096
84.913391	0.001822	0.010546	-0.000575
85.013051	0.001534	0.012176	-0.000096
85.112696	0.001342	0.010834	-0.000383
85.212386	0.000959	0.008916	-0.000288
85.312039	0.000479	0.007574	-0.000000
85.411725	0.000192	0.007958	0.000288
85.511371	-0.000192	0.009875	0.000575
85.611058	-0.000383	0.010834	0.000767
85.710729	-0.000288	0.005752	0.000479
85.810381	0.000000	0.003164	0.000575
85.910051	0.000288	0.002397	0.000288
86.009702	0.000479	0.002397	0.000671
86.109385	0.000671	0.005465	0.001055
86.209074	0.000959	0.004890	0.000575
86.308670	0.001150	0.004218	0.000575
86.408379	0.001246	0.003356	0.000863
86.508044	0.001150	0.003643	0.000671
86.607707	0.001246	0.009779	0.000288
86.707374	0.000767	0.009012	0.000671
86.807024	0.000959	0.004890	0.000959
86.906686	0.000863	0.002205	0.000671
87.006359	0.000767	0.001726	0.000671
87.106097	0.000767	0.003068	0.000575
87.205684	0.000959	0.007862	0.000192
87.305365	0.001150	0.005465	0.000383
87.405034	0.001630	0.002589	0.000575
87.504686	0.001822	0.004890	0.000767
87.604364	0.001822	0.009012	0.001150
87.704021	0.002109	0.009779	0.001055
87.803677	0.002397	0.010258	0.000959
87.903299	0.002397	0.012943	0.001246
88.003050	0.002493	0.011505	0.000479
88.102712	0.002493	0.008437	-0.000096
88.202371	0.002205	0.010642	-0.000767
88.302002	0.001917	0.009971	-0.000959
88.401681	0.001917	0.009779	-0.000959
88.501355	0.001630	0.011888	-0.001246
88.601010	0.001438	0.011984	-0.000959
88.700689	0.001534	0.008725	-0.000767
88.800357	0.001822	0.006615	-0.000767
88.900052	0.002301	0.002780	-0.000479
88.999709	0.002397	0.004794	-0.000575
89.099367	0.002684	0.004698	-0.000000
89.199032	0.002780	0.004506	0.000096
89.298681	0.003068	0.008341	0.000479
89.398345	0.003164	0.009396	0.000479
89.497969	0.003356	0.009971	0.000479
89.597615	0.003547	0.009012	0.000192
89.697293	0.003451	0.009396	-0.000288
89.796937	0.002876	0.008916	-0.000671
90.095897	0.002397	0.007574	-0.000671
90.195539	0.002109	0.007382	-0.000288
90.295182	0.001917	0.007670	0.000000
90.394861	0.001822	0.006903	0.000767
90.494496	0.001534	0.007766	0.000863
90.594119	0.001246	0.009204	0.001342
90.693804	0.001150	0.007766	0.001630
90.793467	0.001246	0.005752	0.001726
90.893109	0.001342	0.003643	0.001342
90.992764	0.001534	0.000575	0.001150
91.092438	0.001726	0.000959	0.001534
91.192105	0.001726	0.000575	0.001534
91.291775	0.001822	0.001822	0.001917
91.391429	0.001917	0.003356	0.002301
91.491076	0.001917	0.003835	0.002876
91.590745	0.002205	0.005273	0.003164
91.690470	0.002301	0.005944	0.003643
91.790078	0.002589	0.005177	0.002972
91.889754	0.002589	0.004410	0.003068
91.989409	0.002589	0.004218	0.002301
92.089063	0.002589	0.004890	0.001726
92.188718	0.002397	0.005752	0.001438
92.288383	0.002013	0.005369	0.001342
92.388036	0.001726	0.005273	0.001342
92.487694	0.001534	0.006519	0.001917
92.587387	0.001246	0.007286	0.001917
92.686987	0.000959	0.006999	0.002397
92.786699	0.000863	0.004985	0.002876
92.886327	0.000863	0.002397	0.003451
92.986017	0.001055	0.000671	0.003547
93.085686	0.001342	0.000383	0.004027
93.185309	0.001342	0.000479	0.003643
93.284981	0.001630	0.001438	0.003739
93.384632	0.001630	0.003547	0.003451
93.484279	0.001726	0.005944	0.003356
93.583962	0.002109	0.007095	0.002972
93.683598	0.003164	0.006999	0.002780
93.783226	0.003068	0.007766	0.002972
93.882910	0.002972	0.008053	0.002876
93.982526	0.002972	0.006519	0.002876
94.082222	0.002780	0.006711	0.002780
94.181887	0.002397	0.008725	0.002780
94.281522	0.002109	0.008245	0.002684
94.381181	0.002013	0.007766	0.002972
94.480913	0.001630	0.009300	0.002876
94.580524	0.001342	0.008629	0.003260
94.680198	0.001342	0.005752	0.003356
94.779819	0.001534	0.003835	0.003356
94.879511	0.001822	0.003356	0.003164
94.979160	0.002013	0.003356	0.003260
95.078779	0.002109	0.003835	0.003451
95.178421	0.002397	0.006424	0.003356
95.278098	0.002397	0.006807	0.003739
95.377767	0.002876	0.007478	0.003835
95.477437	0.003164	0.007382	0.003643
95.577110	0.003164	0.007478	0.003931
95.676798	0.003260	0.007958	0.003260
95.776439	0.003260	0.008245	0.002589
95.876121	0.003068	0.009779	0.001726
95.975783	0.002780	0.009683	0.000959
96.075438	0.002493	0.009396	0.000767
96.175148	0.002301	0.011697	0.000671
96.274804	0.001917	0.010546	0.001150
96.374436	0.001726	0.009012	0.001534
96.474080	0.001726	0.005657	0.002013
96.573745	0.001917	0.003643	0.002205
96.673419	0.002301	0.003931	0.002589
96.773088	0.002493	0.004410	0.002876
96.872758	0.002684	0.004602	0.002876
96.972430	0.002109	0.004794	0.002205
97.072102	0.002301	0.004027	0.002205
97.171761	0.002589	0.002589	0.001822
97.271426	0.002780	0.001150	0.000959
97.470757	0.002780	-0.001342	-0.000192
97.769765	0.001822	0.000767	-0.000671
97.869417	0.001534	0.003931	-0.000479
97.969106	0.001150	0.005177	-0.000096
98.068765	0.000959	0.000575	0.000575
98.168481	0.001055	-0.001342	0.000863
98.268100	0.001150	-0.000192	0.000192
98.367764	0.001438	0.000479	-0.000000
98.467502	0.001534	0.000767	0.000000
98.567118	0.001630	0.004218	0.000096
98.666801	0.001822	0.002013	0.000479
98.766539	0.002397	0.000767	0.000479
98.866153	0.002780	0.000479	0.000096
98.965800	0.002684	0.000288	0.000671
99.165137	0.002684	-0.000575	0.000671
99.264789	0.002397	0.000575	0.000671
99.464144	0.001438	0.006232	0.001438
99.563797	0.001246	0.006711	0.000959
99.663454	0.000863	0.004506	0.001246
99.763115	0.000671	0.004794	0.001534
99.862745	0.000671	0.003260	0.002013
99.962470	0.000959	0.002397	0.001726
100.062107	0.000959	0.003643	0.001726
100.161790	0.000096	0.005657	0.002109
100.261451	0.000288	0.006903	0.002205
100.361143	0.000288	0.005657	0.002780
100.460790	0.000767	0.004985	0.002876
100.560449	0.001055	0.004985	0.002589
100.660120	0.000959	0.004890	0.002876
100.759838	0.000863	0.006328	0.002301
100.859476	0.000575	0.008533	0.002013
100.959123	0.000192	0.008725	0.001534
101.058802	-0.000192	0.008820	0.001055
101.158496	-0.000575	0.008629	0.001150
101.258118	-0.000767	0.006615	0.000959
101.357826	-0.001150	0.004698	0.001438
101.457503	-0.001342	0.002397	0.001917
101.557165	-0.001342	0.001342	0.002780
101.656850	-0.001055	0.002493	0.002972
101.756491	-0.000863	0.002876	0.003356
101.856163	-0.000863	0.004410	0.003643
101.955841	-0.000575	0.004314	0.003931
102.055519	-0.000192	0.002972	0.004218
102.155194	0.000383	0.002876	0.004218
102.254870	0.000767	0.001630	0.003739
102.354554	0.000863	0.000479	0.003260
102.454228	0.000767	0.000383	0.002589
102.553882	0.000671	0.001726	0.001917
102.653553	0.000192	0.004506	0.001630
102.753218	-0.000288	0.008533	0.001630
102.852903	-0.000575	0.008341	0.002205
102.952562	-0.001055	0.004890	0.002780
103.052222	-0.001438	0.004027	0.003547
103.151896	-0.001534	0.005561	0.004314
103.251575	-0.001246	0.004123	0.004218
103.351222	-0.000863	0.005081	0.004027
103.450896	-0.000767	0.005657	0.004218
103.550555	-0.000479	0.006040	0.004218
103.650285	-0.000288	0.004985	0.004218
103.749871	0.000192	0.004027	0.004123
103.849533	0.000671	0.003739	0.003643
103.949235	0.000671	0.004602	0.003451
104.048864	0.000479	0.006999	0.002876
104.148510	0.000192	0.010450	0.002684
104.248175	-0.000192	0.010834	0.002684
104.347873	-0.000575	0.010067	0.002876
104.447537	-0.000863	0.008916	0.003260
104.547181	-0.001246	0.007095	0.003643
104.646839	-0.001630	0.005369	0.004027
104.746520	-0.001917	0.004890	0.004027
104.846175	-0.001726	0.004698	0.004027
104.945837	-0.001534	0.005369	0.003643
105.045527	-0.001630	0.006807	0.003931
105.145191	-0.001534	0.006328	0.004218
105.244819	-0.001246	0.005177	0.004410
105.344521	-0.000767	0.004218	0.004602
105.444166	-0.000288	0.004123	0.004123
105.543818	-0.000288	0.004985	0.004123
105.643476	-0.000383	0.007478	0.003739
105.743116	-0.000671	0.010067	0.003547
105.842773	-0.000767	0.008533	0.003260
105.942477	-0.001055	0.007766	0.003164
106.042140	-0.001438	0.005944	0.003356
106.141794	-0.001630	0.002876	0.003356
106.241458	-0.002013	0.002589	0.003451
106.341125	-0.002493	0.002589	0.003643
106.440740	-0.002301	0.003164	0.004027
106.540402	-0.002205	0.004314	0.003835
106.640090	-0.002205	0.004410	0.004410
106.739729	-0.002013	0.003739	0.004698
106.839332	-0.001438	0.002493	0.004985
106.939023	-0.001055	0.001246	0.005177
107.138335	-0.000575	0.002684	0.004890
107.238005	-0.000671	0.004506	0.004410
107.337674	-0.000863	0.007574	0.003931
107.437320	-0.000863	0.007191	0.002972
107.536977	-0.001055	0.003835	0.002493
107.636646	-0.001342	0.002013	0.002301
107.736301	-0.001822	0.003451	0.002493
107.835960	-0.002205	-0.000096	0.003068
107.935659	-0.002397	0.001438	0.003739
108.035275	-0.002205	0.003068	0.004314
108.134965	-0.001917	0.002972	0.004410
108.234615	-0.001917	0.003643	0.004890
108.334279	-0.001726	0.003068	0.005081
108.433918	-0.001342	0.002301	0.005081
108.533619	-0.000959	0.001342	0.005081
108.633300	-0.000383	0.001534	0.004602
108.733037	-0.000383	0.002780	0.004218
108.832651	-0.000479	0.003164	0.003451
108.932303	-0.000575	0.003068	0.002589
109.031976	-0.000671	0.004794	0.001917
109.131698	-0.000863	0.004314	0.001534
109.231300	-0.001342	0.001246	0.002301
109.330983	-0.001534	0.000575	0.002109
109.430662	-0.002109	-0.000959	0.002780
109.530340	-0.002493	-0.000192	0.003547
109.630049	-0.002589	0.002780	0.004027
109.729673	-0.002301	0.004890	0.003643
109.829371	-0.002109	0.004314	0.003739
109.929020	-0.002109	0.004123	0.003835
110.028655	-0.001822	0.002684	0.003643
110.128390	-0.001150	0.002780	0.003356
110.228048	-0.000863	0.002684	0.003739
110.327715	-0.000288	0.003739	0.003164
110.427388	-0.000383	0.005273	0.002684
110.527076	-0.000575	0.008533	0.002493
110.626751	-0.000671	0.008629	0.002301
110.726415	-0.000767	0.006711	0.002397
110.826095	-0.001055	0.005369	0.002876
110.925756	-0.001342	0.004698	0.002780
111.025442	-0.001726	0.003835	0.003068
111.324452	-0.002013	0.004890	0.003739
111.424150	-0.001917	0.005081	0.003164
111.523807	-0.001726	0.004410	0.003643
111.623471	-0.001534	0.003356	0.003931
111.723130	-0.001150	0.002397	0.004602
111.822813	-0.000767	0.002493	0.004698
111.922519	-0.000192	0.002493	0.004027
112.022193	-0.000288	0.002013	0.004123
112.121827	-0.000479	0.003547	0.004123
112.221549	-0.000863	0.007382	0.003931
112.321184	-0.000671	0.008053	0.003739
112.420851	-0.000863	0.004314	0.003835
112.520621	-0.001150	0.003068	0.003451
112.620201	-0.001630	0.003451	0.003547
112.719878	-0.002109	0.005177	0.003739
112.819531	-0.002109	0.006999	0.004506
112.919190	-0.001726	0.006519	0.004314
113.018873	-0.001630	0.006040	0.005273
113.118564	-0.001438	0.005273	0.005081
113.218213	-0.001055	0.004314	0.006136
113.317885	-0.000575	0.004794	0.006519
113.417553	-0.000000	0.006711	0.006424
113.517202	-0.000000	0.009683	0.006424
113.616908	-0.000192	0.011697	0.006232
113.716544	-0.000383	0.010163	0.006040
113.816205	-0.000288	0.008149	0.005273
113.915895	-0.000767	0.007095	0.005561
114.015499	-0.001246	0.007478	0.005177
114.115184	-0.001630	0.007766	0.005369
114.214870	-0.002013	0.007191	0.006040
114.314509	-0.001917	0.007766	0.006903
114.414205	-0.001534	0.006999	0.006711
114.513906	-0.001438	0.005848	0.007862
114.613578	-0.001246	0.004698	0.008725
114.713215	-0.000959	0.007095	0.008916
114.812939	-0.000671	0.012847	0.009204
114.912548	0.000000	0.013135	0.009779
115.012223	0.000192	0.011409	0.008916
115.111882	-0.000096	0.012176	0.008053
115.211545	-0.002301	0.008149	0.007478
115.311239	-0.002205	0.006903	0.007191
115.410892	-0.002397	0.004410	0.007286
115.510556	-0.002972	0.005465	0.007382
115.610201	-0.003356	0.005944	0.008053
115.709862	-0.003739	0.006136	0.009108
115.809548	-0.003547	0.006232	0.010067
115.909216	-0.003164	0.004314	0.010163
116.008875	-0.002972	0.002684	0.010834
116.108564	-0.002684	0.000959	0.011121
116.208220	-0.002109	-0.000383	0.011313
116.307896	-0.001438	-0.000096	0.011313
116.407579	-0.000767	0.001150	0.011025
116.507237	-0.000671	0.003164	0.010258
116.606889	-0.000863	0.006615	0.009683
116.706607	-0.000959	0.007862	0.009300
116.806257	-0.000767	0.002109	0.009108
116.905937	-0.000959	-0.003931	0.009875
117.105389	-0.002205	0.003643	0.010450
117.204974	-0.002493	0.006999	0.011025
117.304682	-0.002109	0.002780	0.012080
117.404342	-0.001822	0.000959	0.011984
117.504016	-0.001726	0.002397	0.012464
117.603715	-0.001726	0.005081	0.012464
117.703385	-0.001150	0.006040	0.012751
117.803032	-0.000479	0.006424	0.012847
117.902713	-0.000288	0.011984	0.012368
118.002431	-0.000383	0.021955	0.011409
118.102068	-0.000288	0.016394	0.011025
118.201761	0.001438	-0.002493	0.011984
118.301468	0.000383	0.002684	0.011792
118.401107	-0.000288	0.016874	0.011601
118.500789	-0.000671	0.013518	0.011313
118.600514	-0.000767	0.006232	0.009396
118.700149	-0.000575	0.002109	0.002205
118.799814	-0.000096	0.001055	-0.008820
118.899575	0.000288	0.003068	-0.020229
118.999195	0.000383	0.009779	-0.033268
119.098868	0.000479	0.009875	-0.046403
119.198609	0.000959	0.006711	-0.058579
119.298229	0.001534	0.009300	-0.072001
119.397940	0.002493	0.012368	-0.085807
119.497648	0.002972	0.018695	-0.099229
119.597303	0.003451	0.017833	-0.112748
119.696999	0.003643	0.015915	-0.125307
119.796686	0.003547	0.016394	-0.137771
119.896301	0.003547	0.013710	-0.150042
119.996012	0.003643	0.011505	-0.162890
120.095659	0.003451	0.011409	-0.175833
120.195330	0.003260	0.013135	-0.188680
120.295003	0.003068	0.011792	-0.201431
120.394670	0.002972	0.011601	-0.213990
120.494359	0.002684	0.014956	-0.226070
120.594035	0.002493	0.020517	-0.238055
120.693709	0.002301	0.019175	-0.249272
120.793401	0.002397	0.017545	-0.261256
120.893069	0.001917	0.016682	-0.273624
120.992770	0.000767	0.008820	-0.284266
121.092422	0.001150	-0.000959	-0.295483
121.192099	0.001342	-0.000575	-0.307180
121.291790	0.001534	0.004123	-0.318876
121.391480	0.002109	0.008149	-0.330860
121.491148	0.002397	0.013231	-0.342749
121.590858	0.002780	0.017928	-0.355884
121.690507	0.002589	0.017928	-0.367197
121.790201	0.002109	0.020421	-0.374771
121.889875	0.002205	0.015723	-0.382441
121.989553	0.002397	0.008916	-0.389248
122.089210	0.002780	0.002780	-0.395863
122.188875	0.002972	0.002493	-0.402670
122.288589	0.002684	0.007382	-0.409765
122.388240	0.002397	0.013614	-0.417626
122.487924	0.002205	0.014956	-0.425488
122.587597	0.002493	0.009204	-0.434212
122.786975	0.002876	0.000192	-0.450990
122.886663	0.002876	-0.002301	-0.459140
122.986342	0.002876	-0.001917	-0.467960
123.086038	0.002972	-0.002397	-0.476589
123.185703	0.002876	-0.002493	-0.484642
123.285376	0.002780	-0.001726	-0.493367
123.484705	0.002205	0.001438	-0.510720
123.584401	0.001630	0.004123	-0.519540
123.684044	0.001150	0.004218	-0.528361
123.783696	0.001246	0.001342	-0.536126
123.883364	0.001630	-0.002301	-0.544563
123.983013	0.002205	-0.006040	-0.553288
124.082691	0.002684	-0.008629	-0.562396
124.182351	0.002684	-0.008533	-0.571408
124.281997	0.002589	-0.008437	-0.580899
124.381679	0.002397	-0.008629	-0.590103
124.481307	0.002397	-0.009492	-0.599019
124.580956	0.002493	-0.009587	-0.608128
124.680615	0.002397	-0.007862	-0.617140
124.780284	0.002205	-0.005561	-0.626152
124.879931	0.002013	-0.002589	-0.635260
124.979577	0.001630	0.000671	-0.644464
125.079230	0.001630	0.003164	-0.653284
125.178876	0.002205	-0.002876	-0.662488
125.278523	0.003739	-0.010546	-0.671404
125.378180	0.004218	-0.007478	-0.684731
125.477829	0.004698	0.000863	-0.698920
125.577558	0.005177	0.001438	-0.712918
125.677165	0.005848	-0.000863	-0.727874
125.776810	0.005848	0.002876	-0.742734
125.876479	0.005752	0.007478	-0.757307
125.976131	0.005848	0.006615	-0.771305
126.075785	0.005752	0.004314	-0.785302
126.175435	0.005081	0.005561	-0.799683
126.275098	0.003931	0.008245	-0.813777
126.374753	0.003451	0.009012	-0.827487
126.474420	0.003451	0.009012	-0.841197
126.574037	0.003547	0.009779	-0.855194
126.673724	0.003547	0.006328	-0.867658
126.773350	0.003643	0.001917	-0.881464
126.873007	0.003931	0.000959	-0.894886
126.972650	0.004410	0.001438	-0.908692
127.072301	0.005177	0.003451	-0.922402
127.171960	0.005561	0.006232	-0.936112
127.271634	0.005848	0.013326	-0.950589
127.371284	0.006040	0.015915	-0.964395
127.470928	0.006328	0.010163	-0.978488
127.570592	0.006424	0.005177	-0.992294
127.670248	0.005848	0.004506	-1.006483
127.769921	0.004890	0.008149	-1.020481
127.869576	0.004218	0.010642	-1.033999
127.969241	0.003643	0.008916	-1.048188
128.068940	0.003643	0.009396	-1.061515
128.168565	0.003164	0.008916	-1.074649
128.268238	0.002684	0.007574	-1.087497
128.367903	0.002205	0.006328	-1.100439
128.467565	0.001917	0.005561	-1.112999
128.567220	0.002109	0.006519	-1.125463
128.666906	0.002397	0.009300	-1.138118
128.766545	0.002589	0.012847	-1.150773
128.866202	0.002780	0.013902	-1.164004
128.965858	0.002972	0.014381	-1.177139
129.065544	0.003068	0.013039	-1.191136
129.165224	0.003260	0.012655	-1.204750
129.264866	0.003356	0.011409	-1.218844
129.364547	0.003451	0.009683	-1.232554
129.464199	0.003164	0.008725	-1.245880
129.563845	0.002972	0.008629	-1.258919
129.663514	0.003164	0.007958	-1.272149
129.763195	0.003260	0.009108	-1.284805
129.862840	0.003164	0.009108	-1.297939
129.962503	0.002972	0.007862	-1.310403
130.062234	0.002780	0.006328	-1.323442
130.161836	0.002493	0.004314	-1.335810
130.261489	0.002493	0.004506	-1.348561
130.361152	0.002780	0.006519	-1.361696
130.460828	0.003068	0.009300	-1.375118
130.560492	0.003356	0.010930	-1.388636
130.660160	0.003068	0.013135	-1.401867
130.759830	0.002589	0.019462	-1.415481
130.859480	0.002109	0.031447	-1.428903
130.959159	0.002205	0.031447	-1.441271
131.058816	0.002972	0.027132	-1.454118
131.158469	0.002876	0.029433	-1.466582
131.258131	0.002301	0.027708	-1.479429
131.357841	-0.000288	0.017449	-1.492372
131.457504	0.000096	0.003931	-1.504739
131.557127	-0.000096	0.007862	-1.517395
131.656794	-0.000383	0.018312	-1.530625
131.756495	-0.000671	0.017449	-1.543185
131.856140	-0.000383	0.008533	-1.556032
131.955774	-0.000671	0.010546	-1.568687
132.055436	-0.000479	0.013135	-1.582205
132.155095	-0.000000	0.010642	-1.593806
132.254773	0.001534	0.004123	-1.599175
132.354446	0.002205	-0.009683	-1.605215
132.553746	0.001534	-0.001726	-1.608283
132.653397	0.001342	-0.004794	-1.608954
132.753016	0.001246	-0.006999	-1.609817
132.852702	0.001342	-0.007958	-1.610200
132.952366	0.005944	-0.006232	-1.609529
133.052094	0.006807	-0.011025	-1.611351
133.151691	0.005561	-0.015340	-1.611926
133.251367	0.004985	-0.012464	-1.613077
133.351040	0.004410	-0.010067	-1.613748
133.450667	0.003931	-0.008725	-1.614131
133.550348	0.003643	-0.008341	-1.614323
133.650035	0.003643	-0.011313	-1.614227
133.749698	0.003739	-0.011601	-1.614419
133.849365	0.003739	-0.014093	-1.614323
133.949031	0.003739	-0.015340	-1.614611
134.048725	0.003260	-0.006232	-1.615857
134.148365	0.002684	0.012559	-1.616336
134.248032	0.002684	0.012751	-1.616720
134.347689	0.003643	0.002013	-1.617487
134.447363	0.004602	-0.006903	-1.618637
134.547040	0.004985	-0.006232	-1.620171
134.646660	0.005369	-0.002780	-1.621034
134.746347	0.005273	0.001726	-1.621897
134.846008	0.005177	0.007670	-1.622856
134.945697	0.004890	0.016299	-1.624006
135.045361	0.004698	0.021092	-1.625253
135.145040	0.004794	0.014381	-1.625732
135.244686	0.004985	0.009683	-1.626499
135.344405	0.004985	0.003547	-1.627170
135.444056	0.004698	-0.004698	-1.627170
135.543703	0.004218	-0.007478	-1.627841
135.643376	0.004027	-0.010067	-1.627937
135.743087	0.004027	-0.009396	-1.628321
135.842684	0.004027	-0.008341	-1.628704
135.942360	0.003739	-0.006232	-1.629088
136.042011	0.003164	0.001534	-1.629567
136.141676	0.003164	0.010354	-1.630238
136.241345	0.002780	0.015723	-1.629759
136.341007	0.003260	0.011217	-1.630046
136.440709	0.003931	0.008533	-1.629663
136.540348	0.004506	0.008725	-1.629950
136.640036	0.005081	0.011409	-1.630717
136.739655	0.005369	0.017449	-1.631772
136.839320	0.005273	0.015627	-1.632443
136.938962	0.005561	0.010834	-1.633594
137.038617	0.005369	0.012080	-1.634648
137.138300	0.005273	0.015340	-1.635799
137.237947	0.004985	0.021284	-1.636662
137.337568	0.004602	0.020805	-1.637237
137.437227	0.003931	0.019462	-1.637524
137.536890	0.003451	0.018791	-1.637620
137.636544	0.003068	0.017257	-1.637429
137.736213	0.002972	0.016394	-1.637237
137.835856	0.002972	0.016203	-1.637237
137.935521	0.002876	0.016682	-1.637429
138.035187	0.002684	0.016586	-1.637620
138.134807	0.002493	0.017449	-1.637620
138.234508	0.002589	0.018216	-1.637812
138.334172	0.003068	0.020229	-1.638483
138.433811	0.003643	0.019654	-1.638771
138.533545	0.004123	0.020133	-1.639921
138.633216	0.004698	0.019462	-1.640592
138.732901	0.004698	0.018504	-1.640880
138.832559	0.004602	0.018887	-1.641455
138.932238	0.004602	0.021572	-1.641935
139.031956	0.004506	0.019654	-1.642414
139.131587	0.004602	0.015723	-1.643756
139.231297	0.004410	0.015436	-1.644811
139.330928	0.003835	0.017833	-1.645482
139.430664	0.003260	0.015532	-1.646057
139.530341	0.003068	0.010163	-1.646537
139.630030	0.003835	0.006807	-1.646728
139.729705	0.003931	0.004602	-1.647016
139.829384	0.004506	0.005465	-1.646824
139.929073	0.004314	0.008820	-1.646728
140.028741	0.004027	0.015532	-1.647016
140.128415	0.004123	0.016874	-1.647783
140.228109	0.004410	0.016874	-1.647591
140.327783	0.004985	0.018120	-1.647687
140.427502	0.005657	0.017257	-1.648166
140.527129	0.006232	0.015627	-1.649317
140.626828	0.006807	0.016203	-1.650851
140.726475	0.006807	0.015723	-1.651810
140.826170	0.006903	0.017833	-1.653248
140.925864	0.006807	0.019175	-1.654686
141.025519	0.006711	0.019558	-1.656124
141.125200	0.006519	0.021763	-1.657083
141.224941	0.006040	0.018791	-1.657946
141.324529	0.005561	0.017066	-1.658137
141.424231	0.005081	0.016203	-1.658521
141.523958	0.004890	0.014956	-1.658521
141.623600	0.004698	0.015915	-1.658713
141.723262	0.004602	0.017066	-1.658808
141.822995	0.004410	0.016394	-1.659384
141.922636	0.004314	0.017737	-1.659767
142.022319	0.004123	0.019079	-1.659671
142.122047	0.004410	0.018983	-1.660151
142.221686	0.004985	0.019846	-1.661109
142.321346	0.005561	0.018504	-1.661493
142.421019	0.006136	0.017928	-1.662548
142.520688	0.006519	0.018312	-1.663410
142.620368	0.006519	0.017928	-1.663890
142.720066	0.006519	0.021667	-1.664944
142.819711	0.006519	0.025502	-1.666287
142.919422	0.006424	0.024448	-1.667341
143.019077	0.006136	0.025502	-1.668300
143.118761	0.005752	0.022722	-1.669546
143.218446	0.004890	0.019079	-1.670026
143.318120	0.004410	0.016874	-1.670984
143.417797	0.004698	0.017449	-1.671176
143.517485	0.005081	0.015436	-1.672039
143.617144	0.004985	0.013998	-1.672039
143.716806	0.004890	0.017161	-1.672710
143.816536	0.004794	0.017737	-1.672614
143.916188	0.004698	0.017449	-1.672039
144.015878	0.005081	0.018408	-1.671847
144.115548	0.005752	0.018120	-1.672518
144.215189	0.006424	0.017161	-1.672806
144.314953	0.007095	0.016970	-1.674148
144.414641	0.007574	0.016778	-1.675682
144.514328	0.007670	0.018600	-1.676449
144.613999	0.007766	0.019750	-1.677887
144.713686	0.007670	0.020996	-1.679421
144.813368	0.007574	0.021667	-1.680668
144.913031	0.007191	0.020325	-1.681435
145.012710	0.006807	0.017833	-1.682202
145.112385	0.006519	0.014381	-1.682681
145.212061	0.005944	0.012751	-1.683065
145.311727	0.005465	0.013998	-1.683640
145.411427	0.005081	0.018791	-1.684311
145.511089	0.004794	0.018791	-1.684407
145.610776	0.004506	0.016682	-1.684599
145.710479	0.004314	0.018695	-1.684694
145.810181	0.004314	0.020613	-1.684503
145.909832	0.004698	0.019846	-1.685078
146.009522	0.005081	0.020805	-1.686133
146.109206	0.005657	0.018791	-1.687283
146.208873	0.005944	0.020038	-1.688146
146.308550	0.006232	0.021092	-1.689009
146.408233	0.006232	0.022914	-1.689488
146.507914	0.006232	0.024927	-1.690543
146.607607	0.006040	0.024160	-1.691406
146.707250	0.005848	0.023585	-1.692173
146.806947	0.005561	0.021284	-1.693131
146.906629	0.005081	0.017161	-1.692844
147.006281	0.004890	0.011984	-1.693419
147.105995	0.004602	0.009300	-1.693707
147.205662	0.004027	0.011792	-1.694186
147.305334	0.003356	0.017161	-1.694090
147.404994	0.002972	0.021476	-1.693898
147.504682	0.002780	0.020038	-1.693419
147.604326	0.002876	0.019175	-1.692748
147.704022	0.003356	0.020517	-1.692460
147.803728	0.003835	0.019462	-1.692748
147.903396	0.004410	0.020613	-1.693035
148.003119	0.004410	0.022243	-1.693227
148.102762	0.004698	0.022243	-1.693419
148.202421	0.004698	0.026269	-1.694282
148.302116	0.004506	0.025694	-1.695145
148.501441	0.003835	0.021380	-1.697062
148.601122	0.003451	0.017641	-1.696966
148.700818	0.003164	0.018791	-1.697158
148.800475	0.002780	0.022626	-1.697062
148.900176	0.002205	0.023106	-1.696679
148.999840	0.002205	0.023489	-1.695720
149.199198	0.002493	0.022147	-1.693227
149.298882	0.002972	0.021380	-1.691981
149.398571	0.003835	0.022434	-1.691789
149.498240	0.004602	0.026653	-1.691406
149.597907	0.005081	0.026749	-1.691693
149.697591	0.005561	0.025694	-1.692173
149.797261	0.005177	0.027803	-1.693419
149.896971	0.005081	0.021284	-1.693802
149.996636	0.005177	0.015627	-1.694282
150.096309	0.003356	0.013422	-1.695145
150.195988	0.002684	0.012847	-1.694090
150.295658	0.002109	0.016011	-1.693323
150.395298	0.001534	0.022530	-1.693035
150.494987	0.000959	0.023297	-1.692844
150.594666	0.000863	0.022051	-1.692268
150.694333	0.000767	0.022147	-1.691214
150.794001	0.000767	0.020709	-1.689967
150.893662	0.001055	0.021092	-1.689584
150.993376	0.001438	0.021955	-1.689680
151.092992	0.001917	0.023010	-1.690159
151.192638	0.002013	0.024544	-1.691214
151.292270	0.002013	0.027420	-1.691501
151.391939	0.001917	0.026269	-1.691693
151.491582	0.001726	0.025023	-1.691981
151.591285	0.001055	0.022530	-1.691885
151.690943	0.000192	0.020805	-1.691406
151.790621	-0.000671	0.023393	-1.691406
151.890273	-0.001246	0.024927	-1.691597
