0.0	-0.00013628677143388615	0.21347226025560956	0.0
0.1	-0.00013628677143388615	0.21347226025560956	0.0
0.2	-0.00013628677143388615	0.21347226025560956	0.0
0.3	-0.00013628677143388615	0.21347226025560956	0.0
0.4	-0.00013628677143388615	0.21347226025560956	0.0
0.5	-0.0058666666666666815	0.20984615384615382	0.0
0.6	-0.0058666666666666815	0.20984615384615382	0.0
0.7	-0.00013628677143388615	0.21347226025560956	0.0
0.8	-0.00013628677143388615	0.21347226025560956	0.0
0.9	-0.00013628677143388615	0.21347226025560956	0.0
1.0	-0.00013628677143388615	0.21347226025560956	0.0
1.1	-0.00013628677143388615	0.21347226025560956	0.0
1.2	-0.00013628677143388615	0.21347226025560956	0.0
1.3	-0.00013628677143388615	0.21347226025560956	0.0
1.4	-0.00013628677143388615	0.21347226025560956	0.0
1.5	-0.00013628677143388615	0.21347226025560956	0.0
1.6	-0.0058666666666666815	0.20984615384615382	0.0
1.7	0.005866666666666651	0.20984615384615382	-2.220446049250313e-16
1.8	0.04674636260183	0.20969816504667058	-2.220446049250313e-16
1.9	0.12492088041145495	0.19978826297547686	-0.0026844663787999323
2.0	0.2459976224382015	0.19365826040867995	-0.009875001322013244
2.1	0.2972444444444444	0.21661538461538465	-0.011313108310656572
2.2	0.33776040121433343	0.1942356074315667	-0.011792477306870719
2.3	0.35361874294717643	0.19177121280421047	-0.011792477306870719
2.4	0.3692462927382644	0.1905131810678975	-0.011792477306870719
2.5	0.37718106483131036	0.1891629403675949	-0.01131310831065635
2.6	0.37718106483131036	0.1891629403675949	-0.01131310831065635
2.7	0.37718106483131036	0.1891629403675949	-0.01131310831065635
2.8	0.37718106483131036	0.1891629403675949	-0.01131310831065635
2.9	0.3925724370017541	0.18934296023678288	-0.011984224905356333
3.0	0.4106666666666666	0.21661538461538468	-0.01284708909854193
3.1	0.5058776687624957	0.1804290871087525	-0.01284708909854193
3.2	0.550408286611891	0.20129083439837447	-0.016202672072042068
3.3	0.5777619150040395	0.20410114088740583	-0.016394419670527682
3.4	0.5973124220102517	0.2033321087062174	-0.01687378866674205
3.5	0.6422785881245398	0.20156333468948404	-0.017449031462199116
3.6	0.6604736001852629	0.17843115002833188	-0.01658616726901352
3.7	0.6754994034496181	0.20422992096339962	-0.0164902934697706
3.8	0.697590831279299	0.1755110881415633	-0.01716141006447036
3.9	0.7165124878885453	0.19926704364985606	-0.017065536265227665
4.0	0.7383324244455571	0.1714233349439732	-0.01773665285992765
4.1	0.7656843619365223	0.1693650787782651	-0.01802427425765618
4.2	0.7829849658457047	0.196710409882273	-0.0181201480568991
4.3	0.8181762777053774	0.19535689788767022	-0.01840776945462741
4.4	0.8358286074860407	0.19394991609571868	-0.018983012250084697
4.5	2.6634817974088754	0.1310322170379078	-0.01955825504554176
4.6	2.6675486789204115	0.16214027844951773	-0.020516993037970277
4.7	0.9460427405627444	0.21302191418919178	-0.021092235833427342
4.8	0.9635763754044219	0.21159904182290348	-0.021188109632670038
4.9	1.004088888888889	0.1793846153846152	-0.021379857231156096
5.0	1.0099555555555555	0.1793846153846152	-0.02166747862888463
5.1	0.9922085968796864	0.14427043719094695	-0.020996362034184424
5.2	1.0084845934997269	0.20920809611750787	-0.020708740636456335
5.3	1.0608	0.18276923076923057	-0.019558255045541983
5.4	1.0593595299536187	0.2106793204221317	-0.019558255045541983
5.5	1.0985811281816682	0.21040720477315114	-0.019845876443270294
5.6	1.1095544338400396	0.15344869497226454	-0.020229371640241967
5.7	1.1330155574177745	0.15433142955503884	-0.020516993037970277
5.8	1.1485682199589156	0.15380643623768334	-0.021379857231155874
5.9	1.192423561811487	0.20671585030344672	-0.02195510002661294
6.0	1.2033096395763097	0.1559597263450109	-0.022817964219798537
6.1	1.2189500451812794	0.15657495208996167	-0.023393207015255824
6.2	1.237389727925775	0.20494707628671335	-0.024160197409198725
6.3	1.2511195158005923	0.2077924953571105	-0.02473544020465579
6.4	1.2550740501723034	0.21102243051810182	-0.02473544020465579
6.5	1.2550740501723034	0.21102243051810182	-0.02473544020465579
6.6	1.2540076588810554	0.16811043480778792	-0.02473544020465579
6.7	1.2688038380471207	0.21386784958849897	-0.02425607120844142
6.8	1.290309395753954	0.21302191418919172	-0.02425607120844142
6.9	1.3111111111111111	0.1929230769230768	-0.02425607120844142
7.0	1.3717333333333335	0.19630769230769218	-0.022338595223584612
7.1	1.4010666666666667	0.1929230769230768	-0.023105585617527735
7.2	1.4186666666666667	0.19292307692307684	-0.02396844981071311
7.3	1.4558222222222224	0.19292307692307684	-0.02473544020465579
7.4	1.4714666666666667	0.19292307692307684	-0.025214809200869714
7.5	1.4949333333333334	0.19292307692307684	-0.025790051996327223
7.6	1.5125333333333333	0.19292307692307684	-0.026365294791784732
7.7	1.5301333333333333	0.19292307692307686	-0.026652916189512377
7.8	1.541355678901906	0.18279894946848677	-0.02674878998875596
7.9	1.5667269050395134	0.18718243290126074	-0.026461168591026984
8.0	1.5914760695905594	0.20794630179334808	-0.026173547193298674
8.1	1.620088888888889	0.19969230769230764	-0.0260776733940562
8.2	1.6337777777777778	0.19969230769230764	-0.025790051996327
8.3	1.6448254186183393	0.1935004541773272	-0.025694178197084305
8.4	1.6592	0.20307692307692304	-0.025310683000112855
8.5	1.6728888888888889	0.20307692307692304	-0.025214809200869714
8.6	1.7029583924964375	0.20694655995780314	-0.025885925795570364
8.7	1.7178666666666667	0.19969230769230764	-0.026269420992541148
8.8	1.7413333333333334	0.19969230769230764	-0.02674878998875574
8.9	1.7550222222222223	0.19969230769230767	-0.02722815898497033
9.0	1.7843555555555557	0.19969230769230767	-0.027419906583455944
9.1	1.8058666666666667	0.19969230769230767	-0.02780340178042695
9.2	1.8195555555555556	0.19969230769230767	-0.027324032784213026
9.3	1.8332444444444445	0.1963076923076923	-0.027803401780427173
9.4	1.8606222222222222	0.19630769230769232	-0.027515780382698862
9.5	1.8762666666666667	0.19630769230769232	-0.027707527981184032
9.6	1.901688888888889	0.1996923076923077	-0.027803401780427173
9.7	1.9212444444444445	0.1996923076923077	-0.028091023178155705
9.8	1.944711111111111	0.1996923076923077	-0.027899275579669647
9.9	1.95977352504435	0.19043455408437798	-0.02713228518572719
10.0	1.9701333333333333	0.20307692307692307	-0.027036411386484493
10.1	1.9923058961883784	0.19556488367621452	-0.027228158984969886
10.2	2.0261906116564736	0.18508791920504777	-0.0274199065834555
10.3	2.033875782779743	0.20915990532872544	-0.027899275579669647
10.4	2.0671019883513404	0.18227333672144846	-0.02789927557967009
10.5	2.0710855528293197	0.21040720477315106	-0.027803401780427395
10.6	2.078905755631805	0.2107148176456264	-0.027803401780427395
10.7	2.092591110536153	0.21125314017245833	-0.027899275579669647
10.8	2.1063381974352495	0.2115238467120923	-0.02904976117058422
10.9	2.1063381974352495	0.2115238467120923	-0.02904976117058422
11.0	2.1429026348609685	0.18932984658424123	-0.029720877765284204
11.1	2.1429026348609685	0.18932984658424123	-0.029720877765284204
11.2	2.1891555555555557	0.20646153846153853	-0.0305837419584698
11.3	2.2367760997069683	0.19271946460581732	-0.030104372962255654
11.4	2.261511111111111	0.20984615384615393	-0.030008499163012514
11.5	2.261511111111111	0.20984615384615393	-0.030008499163012514
11.6	2.2928	0.20984615384615393	-0.028858013572098606
11.7	2.2928	0.20984615384615393	-0.028858013572098606
11.8	2.3580465314616186	0.187441269560957	-0.02885801357209794
11.9	2.3580465314616186	0.187441269560957	-0.02885801357209794
12.0	2.3989908847028483	0.18685985036599706	-0.02933738256831253
12.1	2.414579432851525	0.18677192547199417	-0.02933738256831253
12.2	2.4537329253734503	0.1847543872632816	-0.031254858553170006
12.3	2.4537329253734503	0.1847543872632816	-0.031254858553170006
12.4	2.486960399251674	0.18743397640907486	-0.03173422754938371
12.5	2.486960399251674	0.18743397640907486	-0.03173422754938371
12.6	2.5128866408864887	0.24010380651460814	-0.031925975147869545
12.7	2.5128866408864887	0.24010380651460814	-0.031925975147869545
12.8	2.5671114928257426	0.1884156226982176	-0.03173422754938393
12.9	2.5671114928257426	0.1884156226982176	-0.03173422754938393
13.0	2.5828024892295565	0.18721329276338125	-0.030008499163012514
13.1	2.5828024892295565	0.18721329276338125	-0.030008499163012514
13.2	2.6160390809646805	0.185962752104451	-0.029433256367555893
13.3	2.6160390809646805	0.185962752104451	-0.029433256367555893
13.4	2.659102470016256	0.18362646060111265	-0.029816751564527122
13.5	2.659102470016256	0.18362646060111265	-0.029816751564527122
13.6	2.7532444444444444	0.1319999999999998	-0.030391994359983965
13.7	2.7532444444444444	0.1319999999999998	-0.030391994359983965
13.8	2.7752352021606566	0.09620592586667084	-0.03173422754938415
13.9	2.7752352021606566	0.09620592586667084	-0.03173422754938415
14.0	2.7943111111111114	0.12861538461538444	-0.03240534414408369
14.1	2.7943111111111114	0.12861538461538444	-0.03240534414408369
14.2	2.8099555555555558	0.12861538461538444	-0.03269296554181267
14.3	2.8099555555555558	0.12861538461538444	-0.03269296554181267
14.4	2.8528567185271814	0.16014276555830337	-0.03269296554181267
14.5	2.8528567185271814	0.16014276555830337	-0.03269296554181267
14.6	2.8690634188553914	0.10391964314117026	-0.0322135965455983
14.7	2.8690634188553914	0.10391964314117026	-0.0322135965455983
14.8	2.921837522089977	0.1099004555553994	-0.031350732352412924
14.9	2.921837522089977	0.1099004555553994	-0.031350732352412924
15.0	2.939011581934494	0.16422612201180567	-0.030871363356198334
15.1	2.9413142233277814	0.11346942221420107	-0.030871363356198334
15.2	2.99379706866912	0.16550443889559724	-0.030008499163012514
15.3	2.99379706866912	0.16550443889559724	-0.030008499163012514
15.4	3.0387637449342573	0.16377495134693812	-0.028762139772855466
15.5	3.042978013144613	0.1173795679763869	-0.02789927557966987
15.6	3.0703589920135235	0.11458579499707407	-0.02789927557967009
15.7	3.0781791948160087	0.11489340786954944	-0.02789927557966987
15.8	3.122834330137016	0.15757469392550683	-0.02847451837512671
15.9	3.122834330137016	0.15757469392550683	-0.02847451837512671
16.0	3.1717333333333335	0.14215384615384605	-0.028762139772855688
16.1	3.1717333333333335	0.14215384615384605	-0.028762139772855688
16.2	3.201219966803825	0.12614120701352394	-0.027611654181941336
16.3	3.201219966803825	0.12614120701352394	-0.027611654181941336
16.4	3.2363649862612007	0.13094134028103796	-0.02636529479178451
16.5	3.2363649862612007	0.13094134028103796	-0.02636529479178451
16.6	3.2832	0.14892307692307685	-0.024831314003898708
16.7	3.2832	0.14892307692307685	-0.024831314003898708
16.8	3.3457777777777777	0.14892307692307685	-0.02511893540162702
16.9	3.3457777777777777	0.14892307692307685	-0.02511893540162702
17.0	3.3712	0.14892307692307685	-0.02511893540162702
17.1	3.3790222222222224	0.14892307692307685	-0.025023061602384322
17.2	3.4122666666666666	0.14892307692307685	-0.025598304397841387
17.3	3.4122666666666666	0.14892307692307685	-0.025598304397841387
17.4	3.4552825395435613	0.1431384002230818	-0.02521480920087016
17.5	3.4710110867294683	0.15742088748926905	-0.02521480920087016
17.6	3.521777777777778	0.15569230769230766	-0.024639566405413094
17.7	3.521777777777778	0.15569230769230766	-0.024639566405413094
17.8	3.5354666666666668	0.15569230769230766	-0.024639566405413316
17.9	3.5354666666666668	0.15569230769230766	-0.024639566405413316
18.0	3.5588550693460173	0.15411404911015883	-0.023776702212227052
18.1	3.5588550693460173	0.15411404911015883	-0.023776702212227052
18.2	3.6078222222222225	0.15907692307692306	-0.023680828412984578
18.3	3.6078222222222225	0.15907692307692306	-0.023680828412984578
18.4	3.658666666666667	0.1590769230769231	-0.0233932070152556
18.5	3.7524087925972	0.16497807311991844	-0.024735440204655568
18.6	3.8464	0.1658461538461539	-0.024831314003898708
18.7	3.9344	0.1692307692307693	-0.02281796421979876
18.8	3.9989333333333335	0.16923076923076932	-0.023489080814498742
18.9	4.0509405253744575	0.2006976044292902	-0.025023061602384322
19.0	4.081066666666667	0.16923076923076932	-0.02569417819708386
19.1	4.084585975931251	0.1883359811730435	-0.02598179959481306
19.2	4.1002814272396675	0.18851414280384476	-0.025310683000112855
19.3	4.106146645882946	0.18873972813627854	-0.025310683000112855
19.4	4.135372861176934	0.19371920644136242	-0.02588592579556992
19.5	4.135372861176934	0.19371920644136242	-0.02588592579556992
19.6	4.157333333333334	0.1760000000000001	-0.025981799594812838
19.7	4.1632	0.1760000000000001	-0.025310683000112855
19.8	4.1866666666666665	0.1760000000000001	-0.02483131400389893
19.9	4.197948179166265	0.19904145831742204	-0.02454369260616973
20.0	4.225374949860121	0.1995715769222218	-0.0242560712084412
20.1	4.248823520138706	0.19761275121200797	-0.024447818806927257
20.2	4.260553957425263	0.19806392187687555	-0.025023061602384544
20.3	4.268316308819177	0.1989486252734437	-0.025598304397841387
20.4	4.280104686236193	0.1988158729849882	-0.02579005199632678
20.5	4.294354995236159	0.14933749007117517	-0.026269420992541592
20.6	4.300088888888889	0.17600000000000013	-0.026461168591027207
20.7	4.319770942690367	0.1483599536306287	-0.02674878998875574
20.8	4.333333333333333	0.17600000000000013	-0.0266529161895126
20.9	4.362782546074412	0.14670566119278086	-0.02713228518572741
21.0	4.3841777777777775	0.17600000000000016	-0.026940537587241797
21.1	4.397866666666666	0.17600000000000016	-0.026940537587241797
21.2	4.401215323490951	0.20756178570275402	-0.026940537587241797
21.3	4.444897963046713	0.1476373589690004	-0.026844663787998435
21.4	4.454673431204102	0.14726955289284444	-0.026940537587241353
21.5	4.464532306408798	0.14542398546272955	-0.026940537587241353
21.6	4.464532306408798	0.14542398546272955	-0.026940537587241353
21.7	4.464532306408798	0.14542398546272955	-0.026940537587241353
21.8	4.539288929051508	0.14557779189896758	-0.026173547193298452
21.9	4.557861910707409	0.07859508891745608	-0.02588592579557014
22.0	4.573502316312379	0.07921031466240681	-0.02559830439784161
22.1	4.6097151872443405	0.1461930176439183	-0.02521480920087016
22.2	4.62535559284931	0.14557779189896758	-0.025023061602384544
22.3	4.62237858382791	0.08113289511537787	-0.02435194500768456
22.4	4.644906099855523	0.14480875971777915	-0.02406432360995603
22.5	4.654933333333334	0.1150769230769229	-0.02425607120844142
22.6	4.66828495740167	0.1426351963332799	-0.024543692606170175
22.7	4.697650928983372	0.14211875943329336	-0.02473544020465579
22.8	4.7155555555555555	0.11507692307692292	-0.02473544020465579
22.9	4.735111111111111	0.11507692307692292	-0.025790051996327
23.0	4.751367497098442	0.0895922491084505	-0.025790051996327223
23.1	4.777893980468234	0.1429630824829269	-0.025598304397841387
23.2	4.78766923397134	0.1425785663923327	-0.025502430598598913
23.3	4.802182159025808	0.09549779073030841	-0.02511893540162702
23.4	4.81699726685809	0.1442994176468201	-0.024927187803141848
23.5	4.830933333333334	0.12184615384615372	-0.024256071208441643
23.6	4.842499519529672	0.14719275947946323	-0.022913838019041455
23.7	4.862672088122445	0.10412695733291161	-0.022626216621313144
23.8	4.883600017213186	0.14896153349619654	-0.022434469022827308
23.9	4.915022222222222	0.12861538461538452	-0.022434469022827086
24.0	4.928523313208435	0.1467808563035919	-0.022338595223584612
24.1	4.942251538231822	0.14665443695263128	-0.022530342822070226
24.2	4.946739268249158	0.10743379571202183	-0.022530342822070004
24.3	4.9623796738541275	0.10804902145697257	-0.022817964219798537
24.4	4.977400135235758	0.14490097853331024	-0.023009711818284595
24.5	4.9952000000000005	0.12523076923076912	-0.02310558561752729
24.6	5.010844444444444	0.12523076923076915	-0.02310558561752707
24.7	5.038222222222222	0.12523076923076915	-0.023201459416769765
24.8	5.060098104187139	0.1115834257923749	-0.02320145941677021
24.9	5.081244444444445	0.12861538461538452	-0.022434469022827086
25.0	5.091022222222223	0.12861538461538452	-0.02233859522358439
25.1	5.112533333333333	0.12861538461538452	-0.02224272142434147
25.2	5.126523554933874	0.11764261040874506	-0.022146847625098776
25.3	5.145710162644206	0.14251638647902676	-0.022242721424341694
25.4	5.157511111111112	0.13199999999999995	-0.021859226227370687
25.5	5.181256486382767	0.12342966508074096	-0.02166747862888463
25.6	5.2027620440896	0.12427560048004821	-0.02157160482964171
25.7	5.225955555555556	0.13199999999999995	-0.021379857231155874
25.8	5.235733333333334	0.13199999999999998	-0.021763352428127547
25.9	5.249422222222223	0.13199999999999998	-0.020612866837213195
26.0	5.257244444444445	0.13199999999999998	-0.020900488234941728
26.1	5.274844444444445	0.13199999999999998	-0.02080461443569881
26.2	5.298311111111111	0.13199999999999998	-0.020900488234941506
26.3	5.315911111111111	0.13199999999999998	-0.021092235833427564
26.4	5.343288888888889	0.13199999999999998	-0.021475731030398792
26.5	5.358933333333334	0.13199999999999998	-0.02195510002661294
26.6	5.386536809947995	0.13150450298321936	-0.021571604829641267
26.7	5.400139642963952	0.13204316418265957	-0.021763352428127547
26.8	5.419372775124338	0.1346575349260919	-0.022146847625098998
26.9	5.431103079328065	0.13419611561737882	-0.023393207015255824
27.0	5.450844444444445	0.13876923076923076	-0.022722090420556063
27.1	5.462472756478942	0.13973314732193542	-0.02166747862888485
27.2	5.476266666666667	0.14215384615384616	-0.021092235833427786
27.3	5.4899555555555555	0.14215384615384616	-0.020516993037970277
27.4	5.509574564232861	0.14774010203325613	-0.020133497840998604
27.5	5.531121695853028	0.14396282431847177	-0.020325245439484885
27.6	5.558400000000001	0.13876923076923078	-0.019845876443270294
27.7	5.564357557763589	0.14527017902649209	-0.020229371640241745
27.8	5.591728267572286	0.14634682408015587	-0.020612866837213195
27.9	5.609323723877877	0.14703895304322542	-0.020996362034184646
28.0	5.638577777777778	0.1387692307692308	-0.021475731030399237
28.1	5.654222222222223	0.1387692307692308	-0.02195510002661316
28.2	5.6776888888888895	0.1387692307692308	-0.02233859522358439
28.3	5.687525751902726	0.15011508176797914	-0.022338595223584612
28.4	5.710933333333334	0.14215384615384621	-0.022338595223584834
28.5	5.728533333333334	0.14215384615384621	-0.022338595223584612
28.6	5.753955555555556	0.14215384615384621	-0.022050973825855635
28.7	5.765683346957106	0.15657495208996186	-0.021475731030399015
28.8	5.791111111111111	0.1455384615384616	-0.020996362034184646
28.9	5.8084671364415446	0.1744352758674908	-0.020612866837213417
29.0	5.836088888888889	0.14553846153846162	-0.020516993037970055
29.1	5.847701172828952	0.12755763978098708	-0.020516993037970055
29.2	5.861480831287546	0.16034320977778513	-0.02090048823494217
29.3	5.873077836579867	0.1269672131142076	-0.02118810963267026
29.4	5.8928	0.14553846153846162	-0.02157160482964149
29.5	5.912355555555556	0.14553846153846164	-0.022050973825855635
29.6	5.945343617075928	0.1250540658930248	-0.02224272142434147
29.7	5.9649652195090646	0.12335276186262205	-0.02224272142434147
29.8	5.9808	0.14553846153846164	-0.022626216621313144
29.9	5.994488888888889	0.14553846153846164	-0.021955100026612717
30.0	6.017840454366775	0.16987920882452154	-0.021667478628885073
30.1	6.035347044731429	0.12058424601034372	-0.02166747862888463
30.2	6.0551111111111116	0.14553846153846167	-0.021763352428127547
30.3	6.070724621703314	0.17080914176682607	-0.021859226227370465
30.4	6.105773302924261	0.12119947175529444	-0.02137985723115632
30.5	6.125254733207361	0.12167024999238998	-0.021188109632670038
30.6	6.148715856785095	0.12078751540961566	-0.021283983431913178
30.7	6.160479904681124	0.11971061641153619	-0.021283983431912956
30.8	6.174200077446004	0.11850785912113497	-0.021379857231155874
30.9	6.185895852135332	0.11873307997098974	-0.020996362034184424
31.0	6.209356726708448	0.11783073864125454	-0.02118810963267026
31.1	6.228874695675688	0.1177715055851368	-0.021188109632670038
31.2	6.256458516693713	0.17779745721378928	-0.02118810963267026
31.3	6.256458516693713	0.17779745721378928	-0.02118810963267026
31.4	6.344576452537279	0.10135844148063358	-0.021379857231156096
31.5	6.3552	0.06769230769230751	-0.020996362034184424
31.6	6.376034995629093	0.035298577116548185	-0.02166747862888463
31.7	6.391675401234062	0.03591380286149892	-0.02157160482964171
31.8	6.43058565194252	0.1000432527144202	-0.022434469022827308
31.9	6.440507235779124	0.041220124911699026	-0.02195510002661316
32.0	6.461968360515489	0.10351173158796113	-0.020996362034184424
32.1	6.477622293468176	0.046696163813796536	-0.020516993037970277
32.2	6.508934010300867	0.10504979595033795	-0.019654128844784458
32.3	6.518678823971127	0.10407003336279257	-0.019270633647813007
32.4	6.534319407019871	0.10346847247630243	-0.018887138450842
32.5	6.544888888888889	0.07784615384615369	-0.018216021856142017
32.6	6.5655416146779455	0.05290941406576299	-0.018120148056898877
32.7	6.585123052900207	0.05472954413200605	-0.01802427425765596
32.8	6.612462831492855	0.05475509130061519	-0.018216021856141795
32.9	6.630074532129401	0.05594516244358228	-0.018216021856142017
33.0	6.652444444444445	0.07784615384615372	-0.01831189565538449
33.1	6.669262881879307	0.10166378981683206	-0.01792840045841304
33.2	6.688813610690237	0.1009118387087194	-0.018216021856142017
33.3	6.701333333333333	0.08123076923076912	-0.01840776945462763
33.4	6.727766389859038	0.06267612276685591	-0.018407769454627187
33.5	6.739496694062765	0.06313754207556897	-0.018407769454627187
33.6	6.7746431737034785	0.06790554159893716	-0.017065536265227443
33.7	6.779555555555556	0.08799999999999991	-0.017065536265227443
33.8	6.813699754745434	0.07282734755854306	-0.015819176875070395
33.9	6.826488888888889	0.08799999999999991	-0.015531555477341863
34.0	6.833650158485865	0.10581882813152631	-0.015531555477341863
34.1	6.8430255152547526	0.07398089583032569	-0.01524393407961333
34.2	6.878616324600153	0.10405005411479294	-0.015435681678098945
34.3	6.896888888888889	0.09138461538461531	-0.015915050674313314
34.4	6.906666666666667	0.09138461538461531	-0.015915050674313314
34.5	6.935343909105582	0.10206184996665048	-0.01668204106825577
34.6	6.956881599760331	0.10142912977789413	-0.016969662465984747
34.7	6.968579367350527	0.10072410790849083	-0.016586167269013297
34.8	6.986844444444444	0.09138461538461533	-0.016682041068256215
34.9	7.001340189034603	0.08359379809518093	-0.016298545871284764
35.0	7.007153066782894	0.0834635253772027	-0.016298545871284764
35.1	7.037050776539153	0.10135363358291888	-0.01658616726901374
35.2	7.079470314901031	0.0899434807339101	-0.015243934079613553
35.3	7.098311111111111	0.09815384615384612	-0.01486043888264188
35.4	7.104177777777778	0.09815384615384612	-0.01486043888264188
35.5	7.1321800671741915	0.09538688614537455	-0.014956312681884576
35.6	7.138075657825426	0.09568790251306623	-0.014956312681884576
35.7	7.1595500881086975	0.09651477162344486	-0.015148060280370634
35.8	7.1824	0.10153846153846154	-0.015148060280370412
35.9	7.197486426648872	0.10167081952319486	-0.015435681678099167
36.0	7.223466666666667	0.10153846153846154	-0.01562742927658478
36.1	7.238478952425863	0.1000510867726131	-0.01524393407961333
36.2	7.256711111111112	0.09815384615384616	-0.015243934079613108
36.3	7.2684444444444445	0.09815384615384616	-0.014860438882642102
36.4	7.285400169240773	0.09820540953776088	-0.014764565083399406
36.5	7.297777777777778	0.10153846153846155	-0.01457281748491357
36.6	7.3056	0.10153846153846155	-0.01457281748491357
36.7	7.336888888888889	0.10153846153846155	-0.015148060280370856
36.8	7.362891269738123	0.10797211823885385	-0.014860438882642102
36.9	7.378453041876067	0.11213426075749953	-0.014860438882642102
37.0	7.407813002881943	0.11312463385281622	-0.014956312681884798
37.1	7.429318560588776	0.11397056925212351	-0.015243934079613553
37.2	7.446842212611711	0.11512488201160502	-0.01486043888264188
37.3	7.45860914705505	0.11536057983894342	-0.014764565083398962
37.4	7.482949155944453	0.09720566770221589	-0.014668691284156266
37.5	7.500544612250044	0.09651353873914632	-0.014668691284156488
37.6	7.527915322058742	0.09543689368548253	-0.014668691284156488
37.7	7.546621602626049	0.11858476233925402	-0.014572817484913347
37.8	7.560306957530398	0.11912308486608593	-0.014668691284156488
37.9	7.568127160332883	0.11943069773856131	-0.014285196087185037
38.0	7.587677667339094	0.12019972991974973	-0.014764565083398962
38.1	7.60611735008359	0.09236076496072884	-0.01495631268188502
38.2	7.633488059892287	0.09128411990706506	-0.015723303075827477
38.3	7.6556444444444445	0.1083076923076924	-0.015915050674313536
38.4	7.679557654700083	0.12677895682779505	-0.01581917687507084
38.5	7.711734520887605	0.09159173277954041	-0.015243934079613553
38.6	7.718621631310247	0.12873598713094117	-0.014860438882642102
38.7	7.734262036915218	0.1293512128758919	-0.01457281748491357
38.8	7.747947391819566	0.1298895354027238	-0.014093448488698979
38.9	7.775356225873637	0.1304635172575471	-0.0140934484886992
39.0	7.794868608634475	0.131735212637576	-0.01399757468945606
39.1	7.830098266544238	0.13256898036026252	-0.015243934079613553
39.2	7.852542604302801	0.0894384426722128	-0.015531555477342085
39.3	7.859337467632583	0.1404644669954455	-0.016106798272798706
39.4	7.878846922820251	0.1418095342111443	-0.016394419670527682
39.5	7.901411091310424	0.09209864146945113	-0.016106798272798706
39.6	7.901411091310424	0.09209864146945113	-0.016106798272798706
39.7	7.908172683329569	0.14296308248292694	-0.016586167269013297
39.8	7.929720091351928	0.1431714909846511	-0.016777914867499355
39.9	7.944423151202937	0.0904802947343649	-0.016777914867499355
40.0	7.953180965925044	0.14407383231438628	-0.017257283863713502
40.1	8.011555555555555	0.11846153846153862	-0.01620267207204229
40.2	8.024675931898406	0.08943844267221278	-0.01620267207204229
40.3	8.03048977302343	0.09062741716482728	-0.01524393407961333
40.4	8.037205653748016	0.15069100206577768	-0.015148060280370412
40.5	8.05280200220507	0.15203766222095028	-0.015148060280370412
40.6	8.05280200220507	0.15203766222095028	-0.015148060280370412
40.7	8.062577255708177	0.15242217831154448	-0.014572817484913347
40.8	8.062577255708177	0.15242217831154448	-0.014572817484913347
40.9	8.16638559928721	0.024000666337569924	-0.014956312681884798
41.0	8.16638559928721	0.024000666337569924	-0.014956312681884798
41.1	8.22704404572712	0.023763094398721943	-0.015531555477342085
41.2	8.22704404572712	0.023763094398721943	-0.015531555477342085
41.3	8.248564012945023	0.025893547761379067	-0.015915050674313758
41.4	8.248564012945023	0.025893547761379067	-0.015915050674313758
41.5	8.297955555555555	0.05753846153846139	-0.01658616726901352
41.6	8.297955555555555	0.05753846153846139	-0.01658616726901352
41.7	8.367782222429707	0.03376459779111656	-0.016586167269013297
41.8	8.367782222429707	0.03376459779111656	-0.016586167269013297
41.9	8.385955555555556	0.06430769230769218	-0.014189322287942119
42.0	8.385955555555556	0.06430769230769218	-0.014189322287942119
42.1	8.428293243504404	0.04233484738674306	-0.013230584295513603
42.2	8.428293243504404	0.04233484738674306	-0.013230584295513603
42.3	8.439789108331082	0.08974605554468841	-0.013230584295513603
42.4	8.439789108331082	0.08974605554468841	-0.013230584295513603
42.5	8.516977777777777	0.07107692307692297	-0.013518205693241914
42.6	8.516977777777777	0.07107692307692297	-0.013518205693241914
42.7	8.558677898235983	0.03304280556080215	-0.012751215299299012
42.8	8.558677898235983	0.03304280556080215	-0.012751215299299012
42.9	8.580702036101604	0.0549676260030358	-0.012559467700813842
43.0	8.598264693498871	0.054926115093848815	-0.012271846303085088
43.1	8.6656	0.07446153846153838	-0.011888351106113415
43.2	8.6656	0.07446153846153838	-0.011888351106113415
43.3	8.676420305979116	0.06145744396604003	-0.011504855909142186
43.4	8.676420305979116	0.06145744396604003	-0.011504855909142186
43.5	8.715515172768967	0.06692364862202713	-0.011408982109899046
43.6	8.715515172768967	0.06692364862202713	-0.011408982109899046
43.7	8.765450466362246	0.05904886462319064	-0.01073786551519973
43.8	8.765450466362246	0.05904886462319064	-0.01073786551519973
43.9	8.79367464194866	0.07331523304098476	-0.010546117916713671
44.0	8.801451099650246	0.0732610503615663	-0.010546117916713671
44.1	8.845511111111112	0.08123076923076919	-0.01045024411747053
44.2	8.845511111111112	0.08123076923076919	-0.01045024411747053
44.3	8.85528888888889	0.08123076923076919	-0.010066748920499746
44.4	8.871877557192377	0.0763230374734354	-0.009683253723528074
44.5	8.910956327180797	0.07774915351814897	-0.009395632325799319
44.6	8.910956327180797	0.07774915351814897	-0.009395632325799319
44.7	8.939262712755214	0.07653635892688139	-0.010354370318228057
44.8	8.939262712755214	0.07653635892688139	-0.010354370318228057
44.9	8.975428567330828	0.08367070131329979	-0.01016262271974222
45.0	8.975428567330828	0.08367070131329979	-0.01016262271974222
45.1	8.975428567330828	0.08367070131329979	-0.01016262271974222
45.2	9.025422222222222	0.088	-0.010066748920499524
45.3	9.025422222222222	0.088	-0.010066748920499524
45.4	9.037155555555556	0.08800000000000001	-0.01016262271974222
45.5	9.037155555555556	0.08800000000000001	-0.01016262271974222
45.6	9.077786350331042	0.09421041771521749	-0.009299758526556401
45.7	9.106298907492038	0.09568790251306628	-0.008916263329584728
45.8	9.122658094290516	0.09796922146537371	-0.00862864193185664
45.9	9.122658094290516	0.09796922146537371	-0.00862864193185664
46.0	9.165051597228267	0.0943698640681393	-0.008916263329585172
46.1	9.165051597228267	0.0943698640681393	-0.008916263329585172
46.2	9.254941503694518	0.10121261915196451	-0.008532768132613944
46.3	9.254941503694518	0.10121261915196451	-0.008532768132613944
46.4	9.305066666666667	0.09476923076923083	-0.010066748920499746
46.5	9.305066666666667	0.09476923076923083	-0.010066748920499746
46.6	9.325280681349838	0.10730342312767707	-0.009779127522770992
46.7	9.325280681349838	0.10730342312767707	-0.009779127522770992
46.8	9.378067649139348	0.10933369111958127	-0.009012137128827868
46.9	9.378067649139348	0.10933369111958127	-0.009012137128827868
47.0	9.39957345083137	0.1101608373385052	-0.008341020534127885
47.1	9.42541313258345	0.1275868709550486	-0.008341020534127885
47.2	9.446462487269137	0.11235560167162786	-0.00843689433337147
47.3	9.518799363192123	0.11520102074202503	-0.010066748920499524
47.4	9.59334291428313	0.1415461577744133	-0.010066748920499524
47.5	9.685412371473907	0.1430488035167117	-0.00862864193185664
47.6	9.767297857463	0.15388569594578305	-0.01016262271974222
47.7	9.835554703315092	0.12692934704941752	-0.011217234511413654
47.8	9.85908500351593	0.12642637885291166	-0.011313108310656572
47.9	9.85908500351593	0.12642637885291166	-0.011313108310656572
48.0	9.85908500351593	0.12642637885291166	-0.011313108310656572
48.1	9.946198809327218	0.07499224596624367	-0.010833739314442203
48.2	9.954018917149558	0.07467748312902964	-0.010641991715956367
48.3	9.955973944105143	0.07459879241972614	-0.010737865515199507
48.4	9.965726546480363	0.07344257330349403	-0.0109296131136849
48.5	9.985277053486575	0.0726735411223056	-0.011217234511413654
48.6	10.011581372004025	0.009612902264855058	-0.01131310831065635
48.7	10.023311676207753	0.010074321573568107	-0.011313108310656572
48.8	10.042017956775059	0.07382708939408822	-0.01102548691292804
48.9	10.05568203113591	0.07263847704368322	-0.010066748920499524
49.0	10.070577777777778	0.04399999999999984	-0.009779127522770992
49.1	10.082311111111112	0.043999999999999845	-0.009587379924285155
49.2	10.094848758662302	0.07513444410210852	-0.009395632325799541
49.3	10.103429255498604	0.017219680375780116	-0.009203884727313039
49.4	10.116354316369135	0.07428850870280125	-0.009203884727313705
49.5	10.12612956987224	0.07390399261220704	-0.009299758526556401
49.6	10.145680076878453	0.07313496043101862	-0.009395632325799319
49.7	10.159344339897862	0.07203691615719308	-0.009299758526556401
49.8	10.178915938789014	0.0718276057229983	-0.009395632325799097
49.9	10.192601293693363	0.07128928319616641	-0.010066748920499524
50.0	10.214086380568462	0.06993145305447765	-0.01016262271974222
50.1	10.229747257005165	0.06982812205190841	-0.01045024411747053
50.2	10.248068567426701	0.026629159913691035	-0.01016262271974222
50.3	10.257141430016532	0.07166094060313677	-0.010066748920499746
50.4	10.2728028053893	0.07151999285052293	-0.009491506125042237
50.5	10.286467523232925	0.07053301394096778	-0.009108010928070787
50.6	10.305244444444446	0.050769230769230664	-0.008916263329585172
50.7	10.3217235058753	0.0729811539947809	-0.008820389530342476
50.8	10.351028374373016	0.071435355270703	-0.008724515731099336
50.9	10.361955555555557	0.05415384615384606	-0.008341020534128107
51.0	10.378487095227257	0.07452010171042255	-0.008149272935642271
51.1	10.39217228391635	0.07396926674529798	-0.008245146734884745
51.2	10.404977777777779	0.05753846153846145	-0.00862864193185664
51.3	10.414755555555557	0.05753846153846145	-0.008820389530342698
51.4	10.433205828781178	0.07198141215923594	-0.008820389530342476
51.5	10.446891183685526	0.07144308963240405	-0.008628641931856418
51.6	10.46646330822858	0.07097901979176464	-0.008628641931856862
51.7	10.48208209629671	0.07005883170626488	-0.007957525337156657
51.8	10.4996775526023	0.06936670274319531	-0.008053399136399575
51.9	10.512533333333334	0.057538461538461476	-0.008053399136399575
52.0	10.54079979828396	0.07137247333828219	-0.008053399136399575
52.1	10.555555555555557	0.05753846153846148	-0.008053399136399353
52.2	10.566593606128109	0.04837212419675141	-0.008341020534128107
52.3	10.574383517908927	0.048257385811722384	-0.00824514673488519
52.4	10.593585526084754	0.06924782418708746	-0.008436894333370581
52.5	10.6064	0.060923076923076885	-0.008532768132613944
52.6	10.627911111111112	0.060923076923076885	-0.00862864193185664
52.7	10.645511111111112	0.060923076923076885	-0.008724515731099558
52.8	10.677676032299768	0.06913599308883873	-0.007669903939428124
52.9	10.696355555555556	0.06430769230769227	-0.007286408742456674
53.0	10.710044444444446	0.06430769230769227	-0.0071905349432137555
53.1	10.719822222222223	0.06430769230769229	-0.007094661143971059
53.2	10.741333333333333	0.06430769230769229	-0.007094661143970837
53.3	10.751111111111111	0.06430769230769229	-0.006998787344728141
53.4	10.778488888888889	0.0643076923076923	-0.0071905349432135335
53.5	10.792177777777779	0.0643076923076923	-0.006902913545485001
53.6	10.815644444444445	0.0643076923076923	-0.007574030140184984
53.7	10.834144773108008	0.0663362679428576	-0.007861651537913739
53.8	10.859540180428011	0.06536773540101547	-0.0085327681326135
53.9	10.86648888888889	0.0676923076923077	-0.008341020534128107
54.0	10.88408888888889	0.0676923076923077	-0.008149272935642049
54.1	10.895822222222224	0.0676923076923077	-0.007957525337156657
54.2	10.920211424896898	0.06625757723355408	-0.007957525337156657
54.3	10.937806667497163	0.06554936084982249	-0.007669903939427902
54.4	10.969067452633269	0.06444489678358935	-0.00738228254169937
54.5	10.983822222222223	0.07107692307692311	-0.006711165946999609
54.6	10.997511111111113	0.07107692307692311	-0.006423544549271076
54.7	11.009244444444445	0.07107692307692312	-0.006423544549270854
54.8	11.0288	0.07107692307692312	-0.006711165946999831
54.9	11.040533333333334	0.07107692307692312	-0.007094661143970837
55.0	11.062044444444446	0.07107692307692313	-0.007574030140185206
55.1	11.07768888888889	0.07107692307692313	-0.00786165153791396
55.2	11.103111111111112	0.07107692307692313	-0.00747815634094251
55.3	11.120711111111111	0.07107692307692315	-0.007669903939428124
55.4	11.14808888888889	0.07107692307692315	-0.007478156340942288
55.5	11.159822222222223	0.07107692307692315	-0.007574030140185428
55.6	11.179377777777779	0.07107692307692316	-0.007286408742456896
55.7	11.191111111111113	0.07107692307692316	-0.0071905349432133114
55.8	11.214577777777778	0.07107692307692316	-0.006998787344728363
55.9	11.232177777777778	0.07107692307692316	-0.0071905349432133114
56.0	11.254549287894434	0.05660076853546743	-0.007478156340942288
56.1	11.281919997703131	0.05552412348180364	-0.007669903939427902
56.2	11.295605352607481	0.05498580095497175	-0.0071905349432135335
56.3	11.311273281437813	0.09414427873570543	-0.006998787344728141
56.4	11.322976062416178	0.09505237759488849	-0.006902913545485223
56.5	11.340571518721768	0.09574450655795808	-0.006902913545485445
56.6	11.352301822925496	0.09620592586667114	-0.0071905349432135335
56.7	11.367970394989507	0.056020357554393545	-0.0071905349432135335
56.8	11.388622222222223	0.07446153846153858	-0.007190534943213089
56.9	11.414044444444444	0.07446153846153859	-0.006423544549270854
57.0	11.42968888888889	0.07446153846153859	-0.006711165946999831
57.1	11.463698490756181	0.05003777522937001	-0.006807039746242305
57.2	11.48248888888889	0.07784615384615398	-0.0071905349432133114
57.3	11.502044444444445	0.07784615384615398	-0.007574030140184984
57.4	11.510647269245267	0.10519796002496157	-0.007574030140184984
57.5	11.530197998056197	0.10594991113307421	-0.007765777738670598
57.6	11.547865816075756	0.053111197396919795	-0.008149272935642271
57.7	11.573166155376217	0.11098798355742907	-0.008341020534128551
57.8	11.594671957068238	0.11181512977635298	-0.008628641931857084
57.9	11.630037053184008	0.05271177267869787	-0.007861651537913739
58.0	11.635902271827288	0.05248618734626408	-0.007382282541699814
58.1	11.647448085174728	0.11652096492620703	-0.007382282541699592
58.2	11.664355555555556	0.08461538461538479	-0.0071905349432135335
58.3	11.664355555555556	0.08461538461538479	-0.0071905349432135335
58.4	11.743243536022263	-0.0006295256744282123	-0.007094661143970837
58.5	11.763022222222222	0.033846153846153665	-0.0066152921477564686
58.6	11.778666666666666	0.03384615384615367	-0.006807039746242305
58.7	11.802133333333334	0.03384615384615367	-0.006807039746242305
58.8	11.829264722068	0.0028328655349261767	-0.006998787344728141
58.9	11.84490493771268	0.003462391209354245	-0.007286408742456674
59.0	11.852977777777777	0.033846153846153686	-0.0071905349432137555
59.1	11.868622222222221	0.033846153846153686	-0.007094661143970837
59.2	11.884008864879746	0.00631638930814649	-0.006998787344728363
59.3	11.90838210679737	0.06384064907876505	-0.006615292147756691
59.4	11.925021949318673	0.011279266621690064	-0.006423544549271076
59.5	11.956622222222222	0.04061538461538448	-0.0052730589583569465
59.6	11.975810398163064	0.016618119489289974	-0.004793689962142356
59.7	11.983630689687436	0.016918899932535036	-0.0041225733674421505
59.8	11.998402351455693	0.06714923395446079	-0.004218447166685291
59.9	12.038755555555555	0.04399999999999988	-0.0041225733674421505
60.0	12.05513853405279	0.06594281439634016	-0.004314320965927987
60.1	12.067698823574432	0.02015228969741948	-0.0046978161628994375
60.2	12.079822222222221	0.040615384615384505	-0.004218447166685291
60.3	12.105923769154847	0.06051315545439806	-0.004793689962142578
60.4	12.129348788424895	0.058727381543598974	-0.004601942363656741
60.5	12.158044444444444	0.04061538461538452	-0.004793689962142578
60.6	12.16739345389789	0.02321375924453491	-0.0046978161628992154
60.7	12.186943723453739	0.024000666337569997	-0.004314320965928431
60.8	12.205657387090605	0.05952309082398359	-0.004218447166685513
60.9	12.249459120289304	0.029902469535333143	-0.0035473305719853077
61.0	12.26117962179886	0.03005009166573025	-0.0035473305719853077
61.1	12.276102045777042	0.06043446474509453	-0.003739078170470922
61.2	12.283199999999999	0.04738461538461532	-0.003163835375014301
61.3	12.306109436258115	0.03556820060518576	-0.0027803401780424064
61.4	12.317850637523982	0.03629831895209324	-0.003067961575770939
61.5	12.340663401054499	0.061221371838129604	-0.0034514567727423895
61.6	12.354985110147737	0.03753546833777348	-0.0033555829734994713
61.7	12.375853886255028	0.05980493907066644	-0.003067961575770717
61.8	12.390163172835452	0.038750922496558364	-0.003067961575771383
61.9	12.415578192274637	0.03979824472619509	-0.002492718780314096
62.0	12.429276134459966	0.040525715291306816	-0.002396844981071178
62.1	12.456646511838155	0.041627385221555936	-0.0023009711818282597
62.2	12.464466619660495	0.04194214805876997	-0.0023009711818282597
62.3	12.491836997038684	0.043043817989019094	-0.0023968449810709558
62.4	12.51075074619039	0.054375280128724335	-0.0026844663787994882
62.5	12.541333333333332	0.050769230769230754	-0.002972087776528465
62.6	12.560888888888888	0.05076923076923076	-0.0034514567727428336
62.7	12.579767744296854	0.049968600407727846	-0.0033555829734996934
62.8	12.589542879074777	0.05036205395424539	-0.003163835375013857
62.9	12.607822222222222	0.05415384615384615	-0.002492718780313874
63.0	12.61368888888889	0.05415384615384615	-0.002492718780313874
63.1	12.634463033310078	0.05555564076827696	-0.0027803401780426285
63.2	12.656711111111111	0.057538461538461545	-0.0026844663787997103
63.3	12.68059091084125	0.060700031277101524	-0.0027803401780424064
63.4	12.69897892284438	0.05815243417529274	-0.001917475984856809
63.5	12.714619138489061	0.058781959849720816	-0.001917475984856809
63.6	12.743944542822835	0.05996232048927344	-0.0023968449810709558
63.7	12.76935989324544	0.06098529971021906	-0.0026844663787999323
63.8	12.781090054978948	0.061457443966040116	-0.0026844663787999323
63.9	12.80728888888889	0.05753846153846158	-0.003834951969714062
64.0	12.8288	0.05753846153846158	-0.004218447166685291
64.1	12.865131534786519	0.06798244481705615	-0.004889563761385718
64.2	12.874885883103873	0.0686182985126594	-0.004889563761385718
64.3	12.893333333333333	0.060923076923076976	-0.004410194765170905
64.4	12.906143166529095	0.07298115399478088	-0.0036432043712280038
64.5	12.921761064294758	0.07389057603599447	-0.0026844663787994882
64.6	12.937401279939438	0.07452010171042255	-0.002588592579556792
64.7	12.966726684273212	0.07570046234997517	-0.0027803401780424064
64.8	12.978456846006722	0.07617260660579622	-0.003067961575771161
64.9	13.003872196429326	0.07719558582674184	-0.003163835375014079
65.0	13.01755738511842	0.0777464207918664	-0.0028762139772855466
65.1	13.037131563470718	0.0781336696087433	-0.003259709174256553
65.2	13.055644444444445	0.06092307692307702	-0.003739078170471366
65.3	13.077155555555555	0.06092307692307702	-0.004506068564413823
65.4	13.093828033788732	0.08036386293418972	-0.004793689962142578
65.5	13.125108844998673	0.0815943144240912	-0.0046978161628994375
65.6	13.142704301304263	0.08228644338716076	-0.004985437560628192
65.7	13.178844444444444	0.06430769230769243	-0.004985437560627748
65.8	13.192533333333333	0.06430769230769243	-0.0046978161628994375
65.9	13.18767564440097	0.08643442789664979	-0.004601942363656741
66.0	13.193516680635788	0.08715113343025764	-0.003930825768956758
66.1	13.226727048460507	0.08897702336350001	-0.0035473305719855297
66.2	13.235166397166601	0.11434347598714822	-0.0035473305719855297
66.3	13.265879389660086	0.08937687650589746	-0.004026699568199232
66.4	13.285430325974865	0.09011248865820937	-0.004506068564414267
66.5	13.31671182407851	0.09128946810190844	-0.004985437560628192
66.6	13.328416709431199	0.09233959607623501	-0.0046978161628996595
66.7	13.348017941759801	0.09186791538514535	-0.004985437560628192
66.8	13.365589164865458	0.09312849848268824	-0.005081311359870888
66.9	13.394889187388358	0.09489622984381804	-0.005656554155328619
67.0	13.414439916199289	0.09564818095193071	-0.005656554155328397
67.1	13.445773595365381	0.09546775532970435	-0.005368932757599421
67.2	13.45549644670224	0.0972272782789673	-0.005368932757599421
67.3	13.539822124697132	-0.03722115756951957	-0.006040049352299626
67.4	13.545687276798995	-0.036990447915163045	-0.006040049352299626
67.5	13.56518387977332	0.03210831231641061	-0.006135923151542322
67.6	13.576923655038467	0.03237625482803254	-0.005464806556842561
67.7	13.590609009942815	-0.03183793230120065	-0.004985437560628192
67.8	13.604328783459204	0.03398819008669228	-0.004985437560628414
67.9	13.633688300531604	0.035603628171896745	-0.0052730589583567244
68.0	13.655204124431645	0.03541689719210635	-0.004985437560628192
68.1	13.672790173161163	0.03413240386727291	-0.004793689962142356
68.2	13.684530217648039	0.03428897052993736	-0.0040266995681996764
68.3	13.699911111111112	0.003384615384615236	-0.003643204371228226
68.4	13.699911111111112	0.003384615384615236	-0.003643204371228226
68.5	13.713856310864433	0.033161043867768365	-0.003643204371228226
68.6	13.72948788847402	0.031999128625568356	-0.0034514567727423895
68.7	13.737326678430344	0.03283767413674556	-0.0034514567727423895
68.8	13.784065150327681	-0.01691889993253484	-0.003067961575771161
68.9	13.784065150327681	-0.01691889993253484	-0.003067961575771161
69.0	13.840998687932165	0.03265664436095609	-0.0040266995681998985
69.1	13.840998687932165	0.03265664436095609	-0.0040266995681998985
69.2	13.86222775841776	-0.01099716019099448	-0.004601942363656297
69.3	13.86222775841776	-0.01099716019099448	-0.004601942363656297
69.4	13.905594337595176	0.03637522217021224	-0.003643204371228226
69.5	13.905594337595176	0.03637522217021224	-0.003643204371228226
69.6	13.924700514896701	-0.0017687740167334567	-0.0028762139772855466
69.7	13.93495333068403	0.03819911629212325	-0.0028762139772855466
69.8	13.972110494386765	0.037144254351400646	-0.0020133497841001713
69.9	13.972110494386765	0.037144254351400646	-0.0020133497841001713
70.0	14.017076660501052	0.035375480334667274	-0.0009587379924285155
70.1	14.017076660501052	0.035375480334667274	-0.0009587379924285155
70.2	14.017076660501052	0.035375480334667274	-0.0009587379924285155
70.3	14.032717066106024	0.03476025458971654	-0.000671116594699761
70.4	14.040537268908508	0.03445264171724117	-0.000671116594699761
70.5	14.079638282920932	0.03291457735486433	-0.000671116594699761
70.6	14.089413536424038	0.03253006126427012	-0.001246359390157048
70.7	14.107008992729629	0.031837932301200536	-0.0015339807878858025
70.8	14.107008992729629	0.031837932301200536	-0.0015339807878858025
70.9	14.179390301623084	0.03237625482803242	-0.0022050973825857856
71.0	14.179390301623084	0.03237625482803242	-0.0022050973825857856
71.1	14.204444444444444	0.023692307692307648	-0.002588592579557014
71.2	14.204444444444444	0.023692307692307648	-0.002588592579557014
71.3	14.228321353853751	0.033994386419115674	-0.0010546117916709896
71.4	14.228321353853751	0.033994386419115674	-0.0010546117916709896
71.5	14.284622222222223	0.02707692307692305	9.587379924291817e-05
71.6	14.284622222222223	0.02707692307692305	9.587379924291817e-05
71.7	14.308468080834553	0.030684384029417873	-0.00019174759848539225
71.8	14.308468080834553	0.030684384029417873	-0.00019174759848539225
71.9	14.337422222222223	0.027076923076923064	-0.00047936899621414675
72.0	14.337422222222223	0.027076923076923064	-0.00047936899621414675
72.1	14.337422222222223	0.027076923076923064	-0.00047936899621414675
72.2	14.392535260961266	0.02737754565030766	-0.0010546117916714337
72.3	14.392535260961266	0.02737754565030766	-0.0010546117916714337
72.4	14.412093887678735	0.026597459744585848	-0.0010546117916714337
72.5	14.412093887678735	0.026597459744585848	-0.0010546117916714337
72.6	14.443366579177416	0.025378061979217766	-0.0013422331893997441
72.7	14.450844444444444	0.027076923076923085	-0.0013422331893997441
72.8	14.485666767063584	0.030453674375061347	-0.0011504855909141298
72.9	14.485666767063584	0.030453674375061347	-0.0011504855909141298
73.0	14.497777777777777	0.030461538461538477	-9.587379924269612e-05
73.1	14.497777777777777	0.030461538461538477	-9.587379924269612e-05
73.2	14.51774737174196	0.02922322288515983	0.0006711165947002051
73.3	14.51774737174196	0.02922322288515983	0.0006711165947002051
73.4	14.603377777777778	0.03384615384615389	0.00019174759848583633
73.5	14.603377777777778	0.03384615384615389	0.00019174759848583633
73.6	14.62918526167737	0.02483973945238583	0.0003834951969714506
73.7	14.62918526167737	0.02483973945238583	0.0003834951969714506
73.8	14.739116520450057	0.05717173799357411	-0.0005752427954570649
73.9	14.751509229377602	0.04429625363645291	-0.0005752427954570649
74.0	14.782745607617073	0.04891044672358342	-0.0003834951969714506
74.1	14.788610759718937	0.04914115637793995	-0.0003834951969714506
74.2	14.825712290060272	0.053986059119426985	0.0005752427954570649
74.3	14.825712290060272	0.053986059119426985	0.0005752427954570649
74.4	14.88627442880906	0.05975380047834012	0.0004793689962148129
74.5	14.88627442880906	0.05975380047834012	0.0004793689962148129
74.6	14.928	0.04061538461538473	0.0006711165947002051
74.7	14.928	0.04061538461538473	0.0006711165947002051
74.8	14.955377777777779	0.040615384615384734	0.0005752427954570649
74.9	14.955377777777779	0.040615384615384734	0.0005752427954570649
75.0	15.013431877893918	0.06032019648957693	0.000575242795457287
75.1	15.021217360122394	0.061676380931311205	0.0008628641931855974
75.2	15.075977310153885	0.06323908819227492	0.0009587379924287376
75.3	15.120962027625202	0.06436606332729247	0.0009587379924287376
75.4	15.130700199357182	0.06598296114596636	0.0006711165947002051
75.5	15.130700199357182	0.06598296114596636	0.0006711165947002051
75.6	15.150245930061903	0.06885329745639514	0.0006711165946999831
75.7	15.165867216620136	0.07008184327610015	0.000575242795457287
75.8	15.165867216620136	0.07008184327610015	0.000575242795457287
75.9	15.2272	0.04061538461538479	0.0005752427954568429
76.0	15.261688596298804	0.07113547675992878	0.0011504855909143519
76.1	15.398606944627174	-0.04506528581764142	0.00047936899621459084
76.2	15.544888888888888	-0.006769230769230907	-0.0009587379924285155
76.3	15.595733333333333	-0.006769230769230896	-0.0005752427954568429
76.4	15.644838412731215	-0.02765901692692804	0.00047936899621459084
76.5	15.673955555555555	-0.00676923076923088	0.00047936899621459084
76.6	15.683777749095059	0.013534966388916249	0.0004793689962143688
76.7	15.699377777777777	-0.006769230769230875	0.0001917475984856143
76.8	15.707443910973975	-0.028688873940164696	-0.0002876213977287545
76.9	15.72305649498936	-0.025531868415455555	-0.0006711165946999831
77.0	15.732831748492465	-0.025147352324861344	-0.0006711165946999831
77.1	15.748472154097435	-0.024532126579910607	-0.0006711165946999831
77.2	15.758044444444444	-0.0033846153846154785	-0.000671116594699761
77.3	15.773837557985766	-0.01977631414336299	-0.00028762139772853246
77.4	15.783466666666666	-8.828761385853072e-17	0.0
77.5	15.80116965707327	-0.015688256496243794	0.0007669903939429012
77.6	15.811245842751937	-0.03058380607720769	0.0008628641931858194
77.7	15.83045098461212	-0.011150966627232126	0.0013422331894001882
77.8	15.844143180196768	-0.011278854780703163	0.0016298545871289427
77.9	15.857777777777777	0.006769230769230696	0.0017257283863716388
78.0	15.865597464252833	-0.006382967103863932	0.0013422331894001882
78.1	15.875377777777777	0.006769230769230699	0.0011504855909143519
78.2	15.879284647797762	-0.006137875325673711	0.0015339807878853584
78.3	15.898844444444444	0.0067692307692307045	0.0015339807878855805
78.4	15.910562321470199	-0.0043613164270534036	0.0019174759848572531
78.5	15.930116698336281	-0.004350415415414111	0.0023009711818284817
78.6	15.947709593678924	-0.0031530319428725623	0.0028762139772855466
78.7	15.967260100685136	-0.0023839997616841415	0.003163835375014523
78.8	15.98094604948818	-0.0020459584418912554	0.003643204371228448
78.9	16.00245101329632	-0.0009997418355449825	0.002972087776528909
79.0	16.012226266799424	-0.000615225744950772	0.003067961575771827
79.1	16.02786669642222	-0.00015738141860704554	0.0023009711818287037
79.2	16.039596782074305	0.00016112649686714602	0.0017257283863716388
79.3	16.06110215466716	0.0011803606395526035	0.0014381069886428843
79.4	16.0768	0.010153846153846128	0.0013422331894004103
79.5	16.094293963255048	0.005998451013269634	0.0013422331894001882
79.6	16.105962127710605	0.0025946904561455035	0.001917475984856809
79.7	16.129363994558148	0.0018418775864889705	0.0019174759848572531
79.8	16.14312579780011	0.011304773063469723	0.002396844981071178
79.9	16.158933333333334	0.016923076923076912	0.0028762139772857687
80.0	16.16871111111111	0.016923076923076916	0.0034514567727428336
80.1	16.178272277440822	0.016072772586837918	0.003547330571985974
80.2	16.188037252754814	0.01643490268045305	0.0040266995682001205
80.3	16.207822222222223	0.016923076923076926	0.003643204371228226
80.4	16.221283392854488	0.017764643385452444	0.003739078170471588
80.5	16.244977777777777	0.01692307692307693	0.0034514567727430556
80.6	16.26233353386295	0.019436605197966594	0.0033555829734996934
80.7	16.291461119681475	0.020747808142829314	0.002972087776528465
80.8	16.30513588903191	0.021823620416901942	0.0027803401780430725
80.9	16.324760071021817	0.01997937080420601	0.002972087776528465
81.0	16.340388378850886	0.021208870546003303	0.0028762139772855466
81.1	16.353731971667862	0.02831886789226839	0.0028762139772855466
81.2	16.36991167907217	0.02022554636525541	0.0027803401780428505
81.3	16.383277428177248	0.027971119125888417	0.0027803401780428505
81.4	16.408960555531824	0.02533840839572975	0.0026844663787997103
81.5	16.420690717265334	0.025810552651550803	0.002972087776528465
81.6	16.4422118069354	0.02624309367313193	0.0028762139772855466
81.7	16.458821320630317	0.0475050927515288	0.0032597091742569972
81.8	16.4773506016654	0.0312227065562498	0.0033555829734999154
81.9	16.48468383465904	0.042725116027455934	0.0033555829734999154
82.0	16.498358604009475	0.04380092830152856	0.003163835375014301
82.1	16.51254151427658	0.032606964482388964	0.0032597091742572193
82.2	16.534047071983416	0.033452899881696224	0.0034514567727428336
82.3	16.549697369331486	0.033762604754258546	0.0033555829734996934
82.4	16.576560349471883	0.04725481709525659	0.003739078170471366
82.5	16.592217248187456	0.047796802462369774	0.003834951969714284
82.6	16.616203634379975	0.033299093445458554	0.003643204371228448
82.7	16.629423276485067	0.047335740059195795	0.003930825768957424
82.8	16.65015488213791	0.06669131761078927	0.0032597091742572193
82.9	16.66703495259613	0.03529857711654845	0.002588592579557014
83.0	16.690495561003583	0.036221415733974555	0.0017257283863714168
83.1	16.70807967973632	0.03737808691916659	0.0009587379924285155
83.2	16.73153045554918	0.04031154594669291	0.0007669903939433453
83.3	16.744540965608145	0.06221550597808031	0.0006711165947002051
83.4	16.773881023878758	0.06351190454184936	0.0011504855909143519
83.5	16.784249128692466	0.04668025339813705	0.0015339807878855805
83.6	16.799903252047358	0.0467713589246076	0.0020133497841001713
83.7	16.805768470690637	0.046996944257041394	0.0022050973825860076
83.8	16.821395092004266	0.04814141454239505	0.002588592579557236
83.9	16.83726985922056	0.09388390808386192	0.0028762139772853246
84.0	16.862495589687782	0.0463726405256617	0.0028762139772853246
84.1	16.87813599529275	0.04698786627061244	0.0022050973825855635
84.2	16.90156704186419	0.05068150468679343	0.0022050973825857856
84.3	16.915266754872636	0.05061011607905973	0.001821602185614557
84.4	16.94068297208185	0.051566411877065225	0.0009587379924287376
84.5	16.944578645248235	0.05233579712464128	0.0009587379924287376
84.6	16.96414409565958	0.05244914645983952	-0.0001917475984851702
84.7	16.97778724904446	0.05634789086709265	-0.0001917475984851702
84.8	17.001248372622197	0.05723062544986695	-0.0001917475984851702
84.9	17.01880171327003	0.061276492287582474	-0.0006711165946999831
85.0	17.045681039414326	0.126936063668867	-0.0004793689962139247
85.1	17.05984105310467	0.06353986863551996	-9.587379924269612e-05
85.2	17.05984105310467	0.06353986863551996	-9.587379924269612e-05
85.3	17.05984105310467	0.06353986863551996	-9.587379924269612e-05
85.4	17.149241914436487	0.009766708701093077	0.0001917475984856143
85.5	17.165567215910453	-0.06067053687300513	-2.220446049250313e-16
85.6	17.19484144011485	-0.05737774788032934	0.0
85.7	17.209848486155746	0.007382708939408966	9.587379924314021e-05
85.8	17.239840741222093	-0.05698528462606189	0.00047936899621459084
85.9	17.245705893323958	-0.05675457497170536	0.0004793689962143688
86.0	17.26454547280267	0.0018456772348523513	9.587379924291817e-05
86.1	17.288005901858316	-0.00029424486092455624	0.0006711165946999831
86.2	17.30364665091014	-0.0008827345827740897	0.0006711165946999831
86.3	17.315555555555555	-0.02707692307692322	0.0006711165946999831
86.4	17.348656608147884	0.0013535119946026903	0.0006711165947002051
86.5	17.35857777777778	-0.023692307692307825	0.0006711165947002051
86.6	17.391711657595955	0.0030829995432618247	0.0014381069886431064
86.7	17.41521767566191	0.006075354231388616	0.0009587379924287376
86.8	17.432857564937972	0.008766966865548075	0.00124635939015727
86.9	17.444585517513513	0.007820291524371614	0.0015339807878855805
87.0	17.46613333333333	-0.013538461538461652	0.0020133497840999492
87.1	17.48399945003004	0.030430118609483043	0.0017257283863716388
87.2	17.499377777777777	-0.013538461538461643	0.0017257283863716388
87.3	17.518921733059067	0.008346657300050492	0.0021092235833428674
87.4	17.54633937151494	0.011074063409113303	0.0022050973825855635
87.5	17.561976782507134	0.010076144848709627	0.0027803401780428505
87.6	17.581527511318065	0.009324193740596964	0.0028762139772853246
87.7	17.593263461752027	0.009600266535028096	0.002588592579557236
87.8	17.616721196737302	0.008305547556834984	0.0028762139772857687
87.9	17.63236160234227	0.007690321811884248	0.0023009711818284817
88.0	17.661949045992834	0.023206807626423933	0.0020133497841001713
88.1	17.687150221363257	0.009206812988510539	0.0010546117916712117
88.2	17.7008	-0.0033846153846154477	0.0010546117916712117
88.3	17.718472699110546	0.011074063409113266	0.0011504855909141298
88.4	17.736068155416135	0.010381934446043689	0.0009587379924287376
88.5	17.751752993991573	0.013150450298321988	0.001917475984856809
88.6	17.76728888888889	0.003384615384615335	0.0027803401780428505
88.7	17.77916813677074	0.015457546841887234	0.002972087776528687
88.8	17.78685504066182	-0.0049987091777247555	0.002972087776528687
88.9	17.810311111111112	0.003384615384615344	0.0033555829734996934
89.0	17.84585966150825	0.01918498397877306	0.00393082576895698
89.1	17.85528888888889	0.0033846153846153536	0.00393082576895698
89.2	17.86702222222222	0.003384615384615356	0.004218447166685735
89.3	17.894474010141565	0.007632998802440336	0.00373907817047181
89.4	17.913955555555557	-1.8237816947302122e-17	0.003259709174256775
89.5	17.927644444444443	-1.5336346069322236e-17	0.002588592579557236
89.6	17.933673771235497	0.008727595170671348	0.002588592579557236
89.7	17.966808571059907	0.004691096305249352	0.0016298545871287207
89.8	17.99822827197136	0.006919174549721414	0.0016298545871289427
89.9	18.00986606626423	0.006373947453584181	0.0016298545871289427
90.0	18.04520591800444	0.006439589459322377	0.0027803401780428505
90.1	18.0528	0.010153846153846164	0.003547330571986196
90.2	18.072355555555557	0.010153846153846168	0.004314320965928653
90.3	18.09011625940341	0.00982871630889837	0.004218447166685513
90.4	18.10951111111111	0.010153846153846175	0.0040266995681998985
90.5	18.127111111111113	0.01015384615384618	0.004218447166685735
90.6	18.150577777777777	0.010153846153846185	0.004218447166685513
90.7	18.168177777777778	0.010153846153846189	0.004218447166685735
90.8	18.187818166171045	0.002768515852278264	0.004122573367443039
90.9	18.19954979548678	0.0019335179624061897	0.00364320437122867
91.0	18.223009078782226	0.001384257926139105	0.0034514567727430556
91.1	18.240604535087815	0.0006921289630695262	0.0028762139772853246
91.2	18.269866666666665	0.01015384615384621	0.0026844663787997103
91.3	18.293333333333333	0.010153846153846215	0.0026844663788001544
91.4	18.318850996083135	0.000999741835544878	0.0028762139772855466
91.5	18.332444444444445	0.013538461538461607	0.0032597091742572193
91.6	18.350044444444446	0.013538461538461612	0.003643204371228448
91.7	18.36190654446727	0.0026916126341593872	0.0040266995682001205
91.8	18.371555555555556	0.016923076923077	0.0040266995681998985
91.9	18.39323178864768	0.004844902741486948	0.004026699568200343
92.0	18.40887219425265	0.004229676996536211	0.003643204371228448
92.1	18.424355555555554	0.020307692307692395	0.003643204371228448
92.2	18.451883309666314	0.002537806197921685	0.004218447166685513
92.3	18.474855155398615	0.03560618998902382	0.004410194765171571
92.4	18.488888888888887	0.016923076923077023	0.0046019423636571855
92.5	18.508444444444443	0.01692307692307703	0.004122573367442817
92.6	18.52408888888889	0.013538461538461648	0.004122573367443039
92.7	18.55115676821211	0.03474014119480498	0.003739078170471366
92.8	18.573052020134362	-0.0056139349226755645	0.003547330571985974
92.9	18.60628788204492	-0.006921289630695881	0.0032597091742569972
93.0	18.61997533362658	-0.0069179501946364085	0.003163835375014745
93.1	18.639568176925952	-0.0048449027414871615	0.0033555829734996934
93.2	18.65129848112968	-0.005306322050200213	0.0033555829734999154
93.3	18.66446410318745	0.04586901759487239	0.0034514567727428336
93.4	18.68066948506851	-0.0024814386567716803	0.003643204371228448
93.5	18.70350722143036	0.05137134970338642	0.0040266995681998985
93.6	18.72110267773595	0.052063478666456005	0.003834951969714284
93.7	18.748977777777778	0.02369230769230785	0.004410194765171349
93.8	18.766692691836596	-0.005790023532467386	0.004697816162899882
93.9	18.78819849352862	-0.006617169751391312	0.004985437560628414
94.0	18.80177777777778	0.020307692307692478	0.00517718515911425
94.1	18.819377777777778	0.02030769230769248	0.00517718515911425
94.2	18.837031869491916	-0.011880827508179953	0.004889563761385718
94.3	18.854134991319132	0.05052541430407919	0.004410194765171349
94.4	18.854134991319132	0.05052541430407919	0.004410194765171349
94.5	18.96488009357683	0.029956880720953184	0.002972087776528687
94.6	18.98049060821326	0.027202681787265197	0.00249271878031454
94.7	18.99207529796828	-0.0054601284864376	0.0023009711818282597
94.8	19.003805602172008	-0.0059215477951506555	0.002492718780314318
94.9	19.029265694250554	-0.0035375480334665587	0.003067961575771605
95.0	19.035951657395753	0.05963078686258156	0.003739078170471588
95.1	19.06529900696515	0.05763616419536851	0.004314320965928653
95.2	19.08290930319796	0.05748192967834438	0.004410194765171349
95.3	19.108182738361368	0.05095529584577285	0.004889563761385496
95.4	19.125745428226367	0.04897288520047622	0.00508131135987111
95.5	19.145299203621743	0.04840537227345402	0.00508131135987111
95.6	19.158919397971363	0.045228331759360335	0.00508131135987111
95.7	19.177895809236233	-0.0065419746405802805	0.0046019423636571855
95.8	19.193949729718597	0.03939972161792771	0.004218447166685735
95.9	19.223218094349058	0.03602260262210534	0.0034514567727428336
96.0	19.23852760039782	0.01269857549552615	0.0025885925795574583
96.1	19.261961160594947	-0.009305289392379741	0.001917475984856809
96.2	19.283809637011352	0.03113118939280645	0.0015339807878853584
96.3	19.303375228531856	0.03146540876918722	0.0023009711818284817
96.4	19.311343894481958	0.0352559815601438	0.0021092235833424233
96.5	19.330988133056774	0.036276756081929706	0.0027803401780428505
96.6	19.344584246350035	0.03219520109350664	0.0035473305719857517
96.7	19.372004883942104	0.03135145724228387	0.0040266995682001205
96.8	19.393229416193602	0.015804023687431983	0.00364320437122867
96.9	19.424476626084502	0.012602372353422297	0.003739078170471588
97.0	19.436421870479393	0.024990680569085568	0.0038349519697145062
97.1	19.436421870479393	0.024990680569085568	0.0038349519697145062
97.2	19.463547395657173	0.009528622998929061	0.0033555829734999154
97.3	19.469402897783144	0.008490763497008598	0.003739078170471144
97.4	19.506436444983535	0.002766374419043953	0.0026844663788001544
97.5	19.514364604926044	0.014133801070881705	0.0026844663788001544
97.6	19.553321368470737	-0.0009221248063479302	0.002492718780314318
97.7	19.563089060863906	-0.0016905621449712395	0.0023009711818284817
97.8	19.604232288747156	0.006139591954963398	0.002396844981071622
97.9	19.61006278155468	-0.0019979370804205717	0.0028762139772855466
98.0	19.629734809766113	0.006988379418380402	0.0028762139772855466
98.1	19.637500739526974	-0.0004717619011173222	0.0027803401780428505
98.2	19.663041004174353	0.006752028121931144	0.003067961575771383
98.3	19.663041004174353	0.006752028121931144	0.003067961575771383
98.4	19.690335453585803	-0.0015368746772465975	0.003067961575771383
98.5	19.690335453585803	-0.0015368746772465975	0.003067961575771383
98.6	19.71193474286746	0.0033771189958223787	0.003739078170471588
98.7	19.71193474286746	0.0033771189958223787	0.003739078170471588
98.8	19.748934055587576	-0.005956620249873197	0.003643204371228226
98.9	19.748934055587576	-0.005956620249873197	0.003643204371228226
99.0	19.78410530056021	-0.008913873128030362	0.0046019423636571855
99.1	19.78410530056021	-0.008913873128030362	0.0046019423636571855
99.2	19.797773982733247	-0.009985626906984313	0.004697816162899882
99.3	19.797773982733247	-0.009985626906984313	0.004697816162899882
99.4	19.844778843773803	-0.015387580450816347	0.004122573367442817
99.5	19.854214469045964	-0.016724997933876676	0.004122573367442817
99.6	19.897619236119656	-0.013996385697629215	0.003739078170471366
99.7	19.897619236119656	-0.013996385697629215	0.003739078170471366
99.8	19.926944996628976	-0.015149933969411849	0.0038349519697147283
99.9	19.926944996628976	-0.015149933969411849	0.0038349519697147283
100.0	19.96375315009213	-0.022716490233364355	0.003547330571985974
100.1	19.96375315009213	-0.022716490233364355	0.003547330571985974
100.2	19.991219982252343	-0.0220638441060395	0.004506068564414267
100.3	19.991219982252343	-0.0220638441060395	0.004506068564414267
100.4	20.03822927646647	-0.022565944270114227	0.0052730589583569465
100.5	20.05776371370533	-0.024138483940505464	0.00508131135987111
100.6	20.075360128283748	-0.025051057239119857	0.006135923151542766
100.7	20.075360128283748	-0.025051057239119857	0.006135923151542766
100.8	20.11271924615846	-0.019071998093472813	0.006423544549271076
100.9	20.122156254567376	-0.032120680754454296	0.006423544549271076
101.0	20.17685533196911	-0.03642392985074482	0.006231796950785462
101.1	20.17685533196911	-0.03642392985074482	0.006231796950785462
101.2	20.214388558663654	-0.022708923465002383	0.0052730589583569465
101.3	20.214388558663654	-0.022708923465002383	0.0052730589583569465
101.4	20.231977338896353	-0.023763094398722186	0.005560680356085479
101.5	20.231977338896353	-0.023763094398722186	0.005560680356085479
101.6	20.271122785879246	-0.021917417163869992	0.005368932757600087
101.7	20.27794931497842	-0.05771302103943361	0.00604004935230007
101.8	20.311249248266904	-0.05834118997591724	0.006902913545485445
101.9	20.311249248266904	-0.05834118997591724	0.006902913545485445
102.0	20.355240698230393	-0.021355411470399564	0.00786165153791396
102.1	20.355240698230393	-0.021355411470399564	0.00786165153791396
102.2	20.368505456799703	-0.04373118898459272	0.008916263329585616
102.3	20.39038087861714	-0.02660851346911936	0.008916263329585616
102.4	20.42363236640598	-0.026849843559384953	0.009203884727313927
102.5	20.42363236640598	-0.026849843559384953	0.009203884727313927
102.6	20.47436980578499	-0.03609365318940776	0.008916263329585394
102.7	20.47436980578499	-0.03609365318940776	0.008916263329585394
102.8	20.511569077787016	-0.033543914145423376	0.008053399136399575
102.9	20.511569077787016	-0.033543914145423376	0.008053399136399575
103.0	20.52728711176657	-0.027972581221790978	0.007478156340942954
103.1	20.52728711176657	-0.027972581221790978	0.007478156340942954
103.2	20.560559155512124	-0.026531610251000554	0.007382282541699592
103.3	20.560559155512124	-0.026531610251000554	0.007382282541699592
103.4	20.61730735642489	-0.024663996346095243	0.009108010928071009
103.5	20.61730735642489	-0.024663996346095243	0.009108010928071009
103.6	20.653020695182096	-0.08950216950431866	0.010162622719742442
103.7	20.653020695182096	-0.08950216950431866	0.010162622719742442
103.8	22.4641673801117	-0.0313975930121	0.010162622719742442
103.9	22.4641673801117	-0.0313975930121	0.010162622719742442
104.0	20.745422222222224	-0.04400000000000018	0.011313108310656794
104.1	20.745422222222224	-0.04400000000000018	0.011313108310656794
104.2	20.791941999056874	-0.015611353278124709	0.011025486912928262
104.3	20.791941999056874	-0.015611353278124709	0.011025486912928262
104.4	20.834286619913513	-0.08090218546102167	0.00968325372352874
104.5	20.847948631739587	-0.07970681745994225	0.009299758526556623
104.6	20.89751473689042	-0.019764127056542184	0.00987500132201391
104.7	20.89751473689042	-0.019764127056542184	0.00987500132201391
104.8	20.933155555555558	-0.04400000000000014	0.010450244117470975
104.9	21.016910374730042	-0.014813436829819568	0.012463593901570702
105.0	21.105844467787758	-0.05624594288682718	0.012367720102328006
105.1	21.196770792996876	-0.021379094637037924	0.011025486912928262
105.2	21.165409021565058	-0.02729582522448977	0.011984224905357
105.3	21.281771065503428	-0.046372640525661625	-0.008820389530342254
105.4	21.37024975829018	-0.025114398891357265	-0.04640291883354064
105.5	21.43576872138378	-0.03784717842313876	-0.08580705032235292
105.6	21.48488310706216	-0.05849847573855374	-0.09922938221635214
105.7	21.505396583758277	-0.059562533789892444	-0.11274758790959427
105.8	21.515698114160287	-0.05495401370721597	-0.1253070556104079
105.9	21.527864920277707	-0.06316913760991752	-0.13777064951197904
106.0	21.54268001685702	-0.06366716747998735	-0.15004249581506435
106.1	21.547571496515722	-0.06252130223194521	-0.16288958491360628
106.2	21.56662677102616	-0.07280909285311833	-0.17583254781139157
106.3	21.58229523188502	-0.07538145501263235	-0.20143085220923274
106.4	21.59871403458819	-0.07511769112260172	-0.20143085220923274
106.5	21.61045870649233	-0.07838850582439168	-0.21399031991004658
106.6	21.636339231276818	-0.0844587628027113	-0.2260704186146465
106.7	21.66167228210669	-0.09046615372842047	-0.23805464352000283
106.8	21.683178392024185	-0.10353960507747159	-0.24927187803141648
106.9	21.69002263628453	-0.10281896565918751	-0.26125610293677304
107.0	21.71003911772051	-0.11111062479399181	-0.27362382303910104
107.1	21.71308983349101	-0.10424878045471454	-0.2842658147550581
107.2	21.699406964939694	-0.1045399829090256	-0.2954830492664713
107.3	21.70471097434961	-0.10819614282477967	-0.31887625628172733
107.4	21.738038063423314	-0.11135252020355782	-0.3308604811870841
107.5	22.225123777623164	-1.2219230888822186	-0.3308604811870841
107.6	22.205994699035255	-1.2579084788673682	-0.35588354278946854
107.7	22.193686632900416	-1.2871140044263514	-0.35588354278946854
107.8	22.193356863930635	-1.3053044007004284	-0.3671966511001252
107.9	22.182145549087448	-1.318062017213849	-0.37477068124031054
108.0	22.176317549693408	-1.3172964532775064	-0.3824405851797389
108.1	22.185064275892795	-1.3038061897503563	-0.3892476249259812
108.2	22.187406397156433	-1.297923732458051	-0.3958629170737381
108.3	22.193453811511482	-1.2985145896558818	-0.40266995681998075
108.4	22.185223224125522	-1.3118849362949931	-0.4097646179639517
108.5	22.161974151419415	-1.3394975767993509	-0.41762626950186577
108.6	22.168630304417526	-1.3609652388983624	-0.4342124367708793
108.7	22.154606054157732	-1.3610646152557226	-0.4342124367708793
108.8	22.167056275443667	-1.3605512044070152	-0.4342124367708793
108.9	22.147471730825945	-1.3557461171057377	-0.4591396245740208
109.0	22.1486316096622	-1.3600040161020648	-0.46796001410436316
109.1	22.146711330671145	-1.3700740819595094	-0.4765886560362199
109.2	22.138942091603948	-1.3814386088361477	-0.4765886560362199
109.3	22.134761857587165	-1.3953763726760058	-0.4846420551726196
109.4	22.13684361659491	-1.4080338353466668	-0.4933665709037188
109.5	22.1330030586128	-1.428173967061556	-0.5107197285666756
109.6	22.117352517185285	-1.4407333937859483	-0.5195401180970177
109.7	22.117064859046693	-1.4654653220234963	-0.5283605076273604
109.8	22.104370883407604	-1.4825957183835548	-0.5361262853660314
109.9	22.082303762106235	-1.490311978977035	-0.5445631796994026
110.0	22.067140398120678	-1.4924681866227716	-0.553287695430502
110.1	22.09199110470096	-1.501997623921209	-0.5623957063585732
110.2	22.06796322679494	-1.503161817193666	-0.5714078434874014
110.3	22.06160548747738	-1.5232500432421565	-0.5808993496124436
110.4	22.04229438489747	-1.533279904200357	-0.5901032343397576
110.5	22.052674495624892	-1.5577152191070214	-0.5990194976693428
110.6	22.022350455452568	-1.5663521910774767	-0.6081275085974136
110.7	22.033331172284754	-1.5909076712827837	-0.6171396457262419
110.8	22.009281655102743	-1.604599703109518	-0.6261517828550699
110.9	22.004052967602867	-1.6373162414490592	-0.6352597937831411
111.0	21.986139018756592	-1.6559695152490908	-0.644463678510455
111.1	22.023235120826413	-0.4546725099321842	-0.6532840680407974
111.2	22.02717167998428	-0.47714048857979297	-0.662487952768111
111.3	22.047146876727684	-0.4780338660034563	-0.6714042160976965
111.4	22.037605581231354	-0.47867703590153843	-0.684730674192453
111.5	22.106132262356844	-0.48903724921695146	-0.6989199964803952
111.6	22.18433847831274	-0.511669881507327	-0.7129175711698517
111.7	22.154600775457713	-0.5429323105187274	-0.7278738838517365
111.8	22.191649153985395	-0.5455299537596172	-0.742734322734379
111.9	22.214842967969126	-0.5686264660813667	-0.7573071402192924
112.0	22.25105824523223	-0.5873063395260064	-0.7713047149087489
112.1	22.26492769297174	-0.605211821395371	-0.7853022895982054
112.2	22.311305691235127	-0.6098022324888006	-0.7996833594846331
112.3	22.30497939392268	-0.6284984341467157	-0.8137768079733325
112.4	22.378657286032652	-0.6414242808434869	-0.8274867612650605
112.5	22.37460719669993	-0.660766955344234	-0.8411967145567885
112.6	22.39933720852105	-0.6721238609703636	-0.855194289246245
112.7	22.40496428963657	-0.6894516715553576	-0.8676578831478156
112.8	22.429136089296144	-0.6955685918178747	-0.8814637102387866
112.9	22.41456108137897	-0.7008423765530479	-0.8948860421327858
113.0	22.433855212627822	-0.7099427161381373	-0.9086918692237567
113.1	22.44700540240091	-0.7275564977857875	-0.9224018225154844
113.2	22.47866981288668	-0.7440125992784223	-0.9361117758072125
113.3	22.497832629057264	-0.7681470950569516	-0.9505887194928833
113.4	22.52306741189629	-0.7904746657299732	-0.9643945465838539
113.5	22.56458917060984	-0.8214443058363872	-0.9784879950725532
113.6	22.553380600090673	-0.820156849726404	-0.992293822163524
113.7	22.552136444252888	-0.8229185079361054	-1.0064831444514661
113.8	22.5683528202689	-0.8334082576518346	-1.0204807191409226
113.9	22.60385474637143	-0.8593888631340703	-1.0339989248341648
114.0	22.619013479004675	-0.8759072424147949	-1.0481882471221071
114.1	22.631970333509898	-0.8889980950197047	-1.0615147052168636
114.2	22.645866520335606	-0.9027522764153479	-1.0746494157131343
114.3	22.660281333188124	-0.9194984342636292	-1.0874965048116767
114.4	22.66584594524384	-0.9262776043851271	-1.1004394677094618
114.5	22.685296093970585	-0.9459858333201011	-1.1129989354102754
114.6	22.689678980494666	-0.951675306533857	-1.1254625293118463
114.7	22.704723362112446	-0.9736643721818057	-1.1381178708119029
114.8	22.7154824631183	-0.9910931371560499	-1.1507732123119594
114.9	22.73319569196138	-1.019146176710457	-1.164003796607473
115.0	22.741278588754056	-1.0315125916657095	-1.177138507103744
115.1	22.751670884630357	-1.0474122680367486	-1.1911360817932004
115.2	22.756289682797604	-1.0544787908683215	-1.2047501612856855
115.3	22.76557400081124	-1.0769146249841612	-1.2188436097743847
115.4	22.770385092493175	-1.082530887670994	-1.2325535630661126
115.5	22.779203362395894	-1.0940616659239097	-1.2458800211608692
115.6	22.784163139374346	-1.1050710967888657	-1.2589188578578971
115.7	22.788487270184785	-1.1230089183645011	-1.2721494421534107
115.8	22.799007018827915	-1.1336670549254186	-1.2848047836534673
115.9	22.79593121222612	-1.1615959145757744	-1.297939494149738
116.0	22.806859057071996	-1.1766314916709606	-1.310403088051309
116.1	22.813133730642463	-1.1834333516562778	-1.3234419247483369
116.2	22.82652245584264	-1.1881909332853702	-1.335809644850665
116.3	22.821270708130626	-1.2064507574399586	-1.3485608601499641
116.4	22.828754286292927	-1.2218672743656007	-1.361695570646235
116.5	22.836603961486272	-1.2344455963893644	-1.3751179025402345
116.6	22.848982472425597	-1.2554114251542758	-1.3886361082334766
116.7	22.856902206782273	-1.2679708081659598	-1.4018666925289902
116.8	22.8480921515291	-1.3056698152232251	-1.4154807720214753
116.9	22.860257137036427	-1.3256237035414964	-1.4289031039154747
117.0	22.860257137036427	-1.3256237035414964	-1.4289031039154747
117.1	22.88594603383581	-1.3896657499395133	-1.4541179131163449
117.2	22.863798335302736	-1.4024081402690591	-1.4665815070179158
117.3	22.886582011500234	-1.4085734287786171	-1.479428596116458
117.4	22.881372445073936	-1.4280739998272347	-1.492371559014243
117.5	22.908934209765032	-1.4058690526314295	-1.504739279116571
117.6	22.895264324990215	-1.386578497825485	-1.5173946206166278
117.7	22.88906836058562	-1.4098512587320768	-1.5306252049121412
117.8	22.888746523857485	-1.4656281684524877	-1.543184672612955
117.9	22.884675713329674	-1.4707669149397946	-1.5560317617114974
118.0	22.90558505588527	-1.4639386798630798	-1.5686871032115537
118.1	22.899100991753436	-1.4992806008247437	-1.582205308904796
118.2	22.90357793274933	-1.5024918033908983	-1.5938060386131812
118.3	22.872298605517393	-1.5228418931144456	-1.5991749713707808
118.4	22.890805305683724	-1.520711976602625	-1.5991749713707808
118.5	22.88659003299697	-1.481778730839777	-1.6052150207230806
118.6	22.850509292326397	-1.5415491910607244	-1.6082829822988518
118.7	22.892049651753492	-1.5359952198106595	-1.6089540988935518
118.8	22.873871034810094	-1.550699968928035	-1.6098169630867374
118.9	22.875204333742293	-1.5540574225233306	-1.6102004582837088
119.0	22.89264126910831	-1.5614605280911462	-1.609529341689009
119.1	22.879467618227917	-1.5761772987507423	-1.6113509438746232
119.2	22.879513127255212	-1.578136168618472	-1.6119261866700803
119.3	22.883068216882247	-1.585720477693019	-1.6130766722609944
119.4	22.840068481385075	-1.6290889936522153	-1.6137477888556946
119.5	22.89081552251843	-1.628313273990329	-1.6141312840526658
119.6	22.870282487034306	-1.6583546457258627	-1.6143230316511517
119.7	22.894871211445697	-1.657445151609903	-1.6142271578519087
119.8	22.87007795327515	-1.6721023162806439	-1.6144189054503943
119.9	22.869873419515997	-1.685849986835425	-1.6143230316511517
120.0	22.895462828800515	-1.6829104598903895	-1.6146106530488802
120.1	22.895644864909688	-1.6907459393613085	-1.6158570124390372
120.2	22.895644864909688	-1.6907459393613085	-1.6158570124390372
120.3	22.895644864909688	-1.6907459393613085	-1.6158570124390372
120.4	22.874808302712278	-1.8071996337451148	-1.6174868670261655
120.5	22.87486674092918	-1.80327172787232	-1.61863735261708
120.6	22.867578671256595	-1.7909749401021067	-1.6201713334049654
120.7	22.87146428786062	-1.8054433983821903	-1.621034197598151
120.8	22.900747368416173	-1.8260858236501871	-1.6218970617913369
120.9	22.871652195599133	-1.8706702460697802	-1.6228557997837654
121.0	22.871652195599133	-1.8706702460697802	-1.6228557997837654
121.1	22.79188250633727	-1.9786093536999627	-1.6240062853746797
121.2	22.754736473670366	-2.0159879810140735	-1.6257320137610511
121.3	22.8224720196875	-2.020279915019662	-1.6264990041549938
121.4	22.75504408654284	-2.0081677782115888	-1.6271701207496938
121.5	22.755120989760957	-2.0062127275109676	-1.6271701207496938
121.6	22.75801057073773	-2.0002670692641624	-1.6278412373443938
121.7	22.757022854417066	-2.007968132034485	-1.6279371111436365
121.8	22.820169387703718	-2.0332308187333332	-1.628320606340608
121.9	22.788991124952904	-2.0429097739401136	-1.6287041015375794
122.0	22.788501228838463	-2.066609396535625	-1.6290875967345508
122.1	22.757684905354147	-2.080349098434634	-1.6295669657307652
122.2	22.75533094646675	-2.142912094641926	-1.630238082325465
122.3	22.755120989760957	-2.178346055106572	-1.6300463347269794
122.4	22.754100424975544	-2.1899525847942005	-1.6300463347269794
122.5	22.77843253584201	-2.1975024054895087	-1.629662839530008
122.6	22.75019027921336	-2.2035946488978264	-1.6299504609277364
122.7	22.722615384615388	-2.2218222222222224	-1.6307174513216793
122.8	22.790447830442503	-2.2761504283572327	-1.6324431797080508
122.9	22.74120150728145	-2.274010240525606	-1.6324431797080508
123.0	22.740816991190854	-2.283785494028712	-1.633593665298965
123.1	22.74018932947546	-2.2875758906567736	-1.6346482770906363
123.2	22.7391365979241	-2.3149469109920746	-1.6357987626815504
123.3	22.75725116027456	-2.35182705875267	-1.6372368696701933
123.4	22.778527582385426	-2.385823724626486	-1.6375244910679219
123.5	22.75786591014546	-2.3870795485716467	-1.6376203648671646
123.6	22.75986384722588	-2.4047501920829224	-1.637428617268679
123.7	22.760325480802564	-2.4089193051930398	-1.637428617268679
123.8	22.74289015171551	-2.41303366954257	-1.6372368696701933
123.9	22.760324909629055	-2.4419562203805327	-1.6374286172686792
124.0	22.758788034951806	-2.4614916051668674	-1.6376203648671646
124.1	22.75898882208273	-2.4676134747572425	-1.6376203648671646
124.2	22.743531154209638	-2.489457358576791	-1.6378121124656504
124.3	22.729384615384618	-2.4975555555555555	-1.6384832290603504
124.4	22.753101598645994	-2.5337725288763058	-1.638770850458079
124.5	22.76398621399313	-2.5514873427002827	-1.638770850458079
124.6	22.747587909472394	-2.5671482468278057	-1.640592452643693
124.7	22.756164426573893	-2.5821753707379056	-1.6408800740414216
124.8	22.742162647609543	-2.5924521573907007	-1.6414553168368788
124.9	22.741650756187184	-2.6044354914387355	-1.6419346858330932
125.0	22.7319300464352	-2.6066643529868023	-1.6419346858330932
125.1	22.738430961457524	-2.6435023341586246	-1.6437562880187073
125.2	22.74812494834692	-2.654744356548492	-1.6448108998103788
125.3	22.740196973021554	-2.658960101850447	-1.6454820164050787
125.4	22.737732851873528	-2.6860597330061426	-1.6460572592005358
125.5	22.74100679724125	-2.694475262278861	-1.64653662819675
125.6	22.743813814263454	-2.6982106920234123	-1.6467283757952358
125.7	22.740201848558836	-2.704241972958833	-1.6470159971929643
125.8	22.73901756826876	-2.715700827690764	-1.6468242495944785
125.9	22.741582895680857	-2.7344884144872874	-1.6467283757952358
126.0	22.734084238572482	-2.7373557729785487	-1.6467283757952358
126.1	22.738545372065545	-2.7621752039968923	-1.6467283757952358
126.2	22.73358329024496	-2.7818719156627574	-1.6477829875869072
126.3	22.73358329024496	-2.7818719156627574	-1.6477829875869072
126.4	22.729548714063725	-2.8396904626871127	-1.6476871137876643
126.5	22.729548714063725	-2.8396904626871127	-1.6476871137876643
126.6	22.72130942297208	-2.8701898236210077	-1.6508509491626784
126.7	22.71991714176197	-2.868136679797987	-1.6508509491626784
126.8	22.717316520817363	-2.901096265764688	-1.6532477941437496
126.9	22.716697347032312	-2.907203522517876	-1.6532477941437496
127.0	22.71417144147658	-2.940165140242408	-1.6561240081210353
127.1	22.71347755230265	-2.946270365237765	-1.6561240081210353
127.2	22.701432852887987	-2.9899113362325522	-1.6579456103066494
127.3	22.703215177789613	-3.003250982434082	-1.6581373579051353
127.4	22.715586727179932	-3.006763942549777	-1.6585208531021065
127.5	22.704149416952944	-3.022450829409848	-1.6585208531021065
127.6	22.7169850437307	-3.0359207150886833	-1.6587126007005923
127.7	22.7169850437307	-3.0359207150886833	-1.6587126007005923
127.8	22.698356013358083	-3.0756577573719017	-1.659383717295292
127.9	22.69741552991972	-3.0814992045057217	-1.659383717295292
128.0	22.71529448158573	-3.100476282087162	-1.659671338693021
128.1	22.71467973171483	-3.108290436001696	-1.659671338693021
128.2	22.69975692548767	-3.146420925821132	-1.6611094456816635
128.3	22.69975692548767	-3.146420925821132	-1.6611094456816635
128.4	22.705106086005532	-3.1711837597536983	-1.6625475526703064
128.5	22.705106086005532	-3.1711837597536983	-1.6625475526703064
128.6	22.689703343661414	-3.202867652078181	-1.6638897858597064
128.7	22.689703343661414	-3.202867652078181	-1.6638897858597064
128.8	22.699153687624342	-3.252988709607035	-1.6662866308407775
128.9	22.699153687624342	-3.252988709607035	-1.6662866308407775
129.0	22.66645868944663	-3.2835961591058234	-1.6682999806248775
129.1	22.66645868944663	-3.2835961591058234	-1.6682999806248775
129.2	22.684024221103073	-3.3084890990100666	-1.6695463400150348
129.3	22.684024221103073	-3.3084890990100666	-1.6695463400150348
129.4	22.70776379566722	-3.3253995987407343	-1.6711761946021633
129.5	22.70776379566722	-3.3253995987407343	-1.6711761946021633
129.6	22.68433120070082	-3.3633838728562777	-1.6727101753900488
129.7	22.68433120070082	-3.3633838728562777	-1.6727101753900488
129.8	22.66094297322619	-3.405050868374596	-1.672614301590806
129.9	22.66094297322619	-3.405050868374596	-1.672614301590806
130.0	22.65573368568467	-3.438158784749611	-1.671847311196863
130.1	22.654201542290103	-3.447896407212851	-1.672518427791563
130.2	22.691871831872508	-3.498965298497643	-1.6756822631665773
130.3	22.691871831872508	-3.498965298497643	-1.6756822631665773
130.4	22.645501030537034	-3.5245822197258385	-1.67644925356052
130.5	22.645501030537034	-3.5245822197258385	-1.67644925356052
130.6	22.665043211177824	-3.5732628365611276	-1.6794213413370485
130.7	22.665043211177824	-3.5732628365611276	-1.6794213413370485
130.8	22.63454282481076	-3.6113144604821055	-1.682201681515091
130.9	22.63454282481076	-3.6113144604821055	-1.682201681515091
131.0	22.669355221617693	-3.6263293117077824	-1.683064545708277
131.1	22.669355221617693	-3.6263293117077824	-1.683064545708277
131.2	22.640653804284327	-3.632744677083172	-1.683064545708277
131.3	22.639480972555077	-3.6856849981950197	-1.6844067788976766
131.4	22.639480972555077	-3.6856849981950197	-1.6844067788976766
131.5	22.669873291743638	-3.695280640522639	-1.6844067788976766
131.6	22.669873291743638	-3.695280640522639	-1.6844067788976766
131.7	22.65874355550139	-3.8489324064253747	-1.6850778954923769
131.8	22.65874355550139	-3.8489324064253747	-1.6850778954923769
131.9	22.580152150564118	-3.8653939817198943	-1.6872829928749624
132.0	22.580152150564118	-3.8653939817198943	-1.6872829928749624
132.1	22.60599296731121	-3.9021951909249175	-1.689488090257548
132.2	22.60599296731121	-3.9021951909249175	-1.689488090257548
132.3	22.5631922246529	-3.9687269109054446	-1.6931312946287764
132.4	22.5631922246529	-3.9687269109054446	-1.6931312946287764
132.5	22.5631922246529	-3.990326728005722	-1.6928436732310477
132.6	22.5631922246529	-3.990326728005722	-1.6928436732310477
132.7	22.562579367295076	-4.015821594091295	-1.694090032621205
132.8	22.562579367295076	-4.015821594091295	-1.694090032621205
132.9	22.5805413865539	-4.083561270099201	-1.693898285022719
133.0	22.55706365107464	-4.094076669159513	-1.6934189160265047
133.1	22.55767536570324	-4.123741248402238	-1.692747799431805
133.2	22.55767536570324	-4.123741248402238	-1.692747799431805
133.3	22.545840949103862	-4.176133142462937	-1.6930354208295335
133.4	22.545840949103862	-4.176133142462937	-1.6930354208295335
133.5	22.530793214090085	-4.269596296604062	-1.6951446444128762
133.6	22.530793214090085	-4.269596296604062	-1.6951446444128762
133.7	22.555528837103516	-4.304618978375925	-1.6971579941969763
133.8	22.529434572846554	-4.307025451922196	-1.6970621203977334
133.9	22.52090506696289	-4.367084193492526	-1.696678625200762
134.0	22.52269583426284	-4.38915962230019	-1.6957198872083334
134.1	22.52012869575476	-4.404733595915883	-1.6957198872083334
134.2	22.515389350742453	-4.423739451460467	-1.6932271684280193
134.3	22.512631492632234	-4.441267171894298	-1.691980809037862
134.4	22.51018095206601	-4.460960293406579	-1.6917890614393765
134.5	22.502825774907013	-4.481988138558755	-1.691405566242405
134.6	22.503485599728947	-4.515893563310712	-1.6916931876401335
134.7	22.504155348112427	-4.531493868453508	-1.692172556636348
134.8	22.4902740526207	-4.542378292992695	-1.693418916026505
134.9	22.48903648435592	-4.569626740727913	-1.6938024112234764
135.0	22.489255195562475	-4.569819509760874	-1.6942817802196906
135.1	22.487504340961355	-4.579364363191153	-1.6951446444128764
135.2	22.498593563978	-4.595915442219276	-1.694090032621205
135.3	22.492211064479378	-4.615353048623337	-1.693323042227262
135.4	22.488896869908782	-4.63437176573294	-1.6930354208295335
135.5	22.483964553501362	-4.68585167037844	-1.692843673231048
135.6	22.485793218209174	-4.6955404722993705	-1.6922684304355908
135.7	22.482593437874083	-4.716761338824804	-1.6912138186439194
135.8	22.480085482038454	-4.732338531181658	-1.6899674592537623
135.9	22.46976781422592	-4.7561101374020165	-1.689583964056791
136.0	22.47432790776809	-4.771107001876402	-1.6896798378560338
136.1	22.469740164216482	-4.796594449653682	-1.690159206852248
136.2	22.46728004815309	-4.8159000652073045	-1.6912138186439194
136.3	22.46268361796939	-4.845112932597024	-1.691501440041648
136.4	22.459006473822434	-4.8684832265088	-1.6916931876401338
136.5	22.4559421870333	-4.887958471435279	-1.691980809037862
136.6	22.445323164546604	-4.903526565643266	-1.6918849352386194
136.7	22.457780759106782	-4.919472958679946	-1.6914055662424052
136.8	22.467219880193433	-4.933340184072641	-1.691405566242405
