0.000000	0.000000	0.000000	0.000000
0.099663	0.000000	0.000000	0.000000
0.199316	0.000000	0.000000	0.000000
0.298972	0.000000	0.000000	0.000000
0.398611	0.000000	0.000000	0.000000
0.498258	0.000000	0.000000	0.000000
0.597923	0.000000	0.000000	0.000000
0.697582	0.000000	0.000000	0.000000
0.797199	0.000000	0.000000	0.000000
0.896845	0.000000	0.000000	0.000000
0.996482	0.000000	0.000000	0.000000
1.096142	0.000000	0.000000	0.000000
1.195786	0.000000	0.000000	0.000000
1.295415	0.000000	0.000000	0.000000
1.395076	0.000000	0.000000	0.000000
1.494722	0.000000	0.000000	0.000000
1.594363	0.000000	0.000000	0.000000
1.694016	0.000000	0.000000	0.000000
1.793674	0.000000	0.000000	0.000000
1.893316	0.000000	0.000000	0.000000
1.992950	0.000000	0.000000	0.000000
2.092597	0.000000	0.000000	0.000000
2.192258	-0.000000	0.000096	0.000000
2.291917	-0.000000	0.000096	0.000000
2.391551	0.000000	0.000000	0.000000
2.491202	0.000000	0.000000	0.000000
2.590873	0.000096	-0.000000	0.000000
2.690501	0.000096	-0.000000	0.000000
2.790133	0.000000	0.000000	0.000000
2.889799	0.000000	0.000000	0.000000
2.989443	0.000000	0.000000	0.000000
3.089070	0.000000	0.000000	0.000000
3.188726	0.000000	0.000000	0.000000
3.288393	0.000000	0.000000	0.000000
3.388012	0.000000	0.000000	0.000000
3.487642	0.000000	0.000000	0.000000
3.587317	0.000000	0.000000	0.000000
3.686948	0.000000	0.000000	0.000000
3.786590	0.000096	-0.000000	0.000000
3.886246	0.000096	-0.000096	0.000000
3.985870	0.000096	-0.000096	0.000000
4.085511	0.000096	-0.000096	0.000000
4.185175	0.000096	-0.000096	0.000000
4.284817	0.000096	-0.000096	0.000000
4.384465	0.000000	-0.000096	0.000000
4.484151	0.000096	-0.000096	0.000000
4.583766	0.000096	-0.000096	0.000000
4.683412	0.000096	-0.000096	0.000000
4.783038	0.000096	-0.000096	0.000000
4.882712	0.000000	-0.000096	0.000000
4.982356	0.000000	-0.000096	0.000000
5.081998	0.000000	-0.000096	0.000000
5.181665	0.000000	-0.000096	0.000000
5.281289	0.000000	-0.000096	0.000000
5.380927	0.000000	-0.000096	0.000000
5.480580	0.000000	-0.000096	0.000000
5.580248	0.000000	-0.000096	0.000000
5.679885	0.000000	-0.000096	0.000000
5.779514	0.000000	-0.000096	0.000000
5.879169	0.000000	-0.000096	0.000000
5.978812	0.000000	-0.000096	0.000000
6.078464	0.000096	-0.000096	0.000000
6.178093	0.000096	-0.000096	0.000000
6.277762	0.000096	-0.000096	0.000000
6.377435	0.000096	-0.000096	0.000000
6.477039	0.000000	-0.000096	0.000000
6.576662	0.000096	-0.000096	0.000000
6.676313	0.000096	-0.000096	0.000000
6.775959	0.000096	-0.000096	0.000000
6.875622	0.000096	-0.000096	0.000000
6.975259	0.000096	-0.000096	0.000000
7.074910	0.000096	-0.000096	0.000000
7.174558	0.000096	-0.000096	0.000000
7.274197	0.000096	-0.000096	0.000000
7.373840	0.000096	-0.000096	0.000000
7.473492	0.000096	-0.000096	0.000000
7.573147	0.000096	-0.000096	0.000000
7.672810	0.000096	-0.000096	0.000000
7.772457	0.000096	-0.000096	0.000000
7.872102	0.000096	-0.000096	0.000000
7.971785	0.000096	-0.000096	0.000000
8.071423	0.000096	-0.000096	0.000000
8.171091	0.000096	-0.000096	0.000000
8.270772	0.000096	-0.000096	0.000000
8.370444	0.000096	-0.000096	0.000000
8.470062	0.000096	-0.000096	0.000000
8.569695	0.000096	-0.000096	0.000000
8.669366	0.000096	-0.000096	0.000000
8.769006	0.000096	-0.000096	0.000000
8.868662	0.000096	-0.000096	0.000000
8.968328	0.000096	-0.000096	0.000000
9.067966	0.000096	-0.000096	0.000000
9.167614	0.000096	-0.000096	0.000000
9.267274	0.000096	-0.000096	0.000000
9.366926	0.000096	-0.000096	0.000000
9.466586	0.000096	-0.000096	0.000000
9.566272	0.000096	-0.000096	0.000000
9.665931	0.000096	-0.000096	0.000000
9.765562	0.000096	-0.000096	0.000000
9.865195	0.000096	-0.000096	0.000000
9.964857	0.000096	-0.000096	0.000000
10.064503	0.000096	-0.000096	0.000000
10.164175	0.000096	-0.000096	0.000000
10.263801	0.000096	-0.000096	0.000000
10.363451	0.000096	-0.000096	0.000000
10.463126	0.000096	-0.000096	0.000000
10.562775	0.000096	-0.000096	0.000000
10.662442	0.000096	-0.000096	0.000000
10.762084	0.000000	-0.000096	0.000000
10.861720	0.000000	-0.000096	0.000000
10.961397	0.000000	-0.000096	0.000000
11.061049	0.000000	-0.000096	0.000000
11.160712	0.000000	-0.000096	0.000000
11.260334	0.000000	-0.000096	0.000000
11.359988	0.000000	-0.000096	0.000000
11.459655	0.000000	-0.000096	0.000000
11.559314	0.000000	-0.000096	0.000000
11.658960	0.000000	-0.000096	0.000000
11.758605	0.000000	-0.000096	0.000000
11.858252	0.000000	-0.000096	0.000000
11.957918	0.000000	-0.000096	0.000000
12.057585	0.000000	-0.000096	0.000000
12.157232	0.000000	-0.000096	0.000000
12.256892	0.000000	-0.000096	0.000000
12.356565	0.000000	-0.000096	0.000000
12.456230	0.000096	-0.000096	0.000000
12.555880	0.000096	-0.000096	0.000000
12.655550	0.000096	-0.000096	0.000000
12.755208	0.000096	-0.000096	0.000000
12.854851	0.000096	-0.000096	0.000000
12.954558	0.000096	-0.000096	0.000000
13.054182	0.000096	-0.000096	0.000000
13.153826	0.000096	-0.000096	0.000000
13.253485	0.000096	-0.000096	0.000000
13.353140	0.000096	-0.000096	0.000000
13.452804	0.000096	-0.000096	0.000000
13.552508	0.000096	-0.000096	0.000000
13.652132	0.000096	-0.000096	0.000000
13.751776	0.000096	-0.000096	0.000000
13.851435	0.000096	-0.000096	0.000000
13.951093	0.000096	-0.000000	0.000000
14.050743	0.000096	-0.000000	0.000000
14.150381	0.000096	-0.000000	0.000000
14.250032	0.000096	-0.000000	0.000000
14.349677	0.000096	-0.000000	0.000000
14.449443	0.000288	-0.009396	0.000288
14.549081	0.001150	-0.031830	0.000383
14.648734	0.001438	-0.034323	-0.000192
14.748384	0.001342	-0.030008	-0.000479
14.848046	0.001246	-0.039404	0.000000
14.947720	0.000671	-0.045252	-0.000096
15.047364	0.000671	-0.046595	0.001150
15.147039	0.000575	-0.048129	0.002301
15.246696	0.000863	-0.044006	0.002684
15.346349	0.001342	-0.030200	0.000671
15.446033	0.001438	-0.008437	-0.005369
15.545688	0.001726	-0.009875	-0.018408
15.645339	0.002109	-0.004985	-0.033843
15.744981	0.002397	-0.011217	-0.047745
15.844672	0.002301	-0.030296	-0.055607
15.944298	0.000959	-0.037678	-0.058291
16.043967	0.000671	-0.032885	-0.057045
16.143617	0.000096	-0.021380	-0.056182
16.243282	-0.000096	-0.006807	-0.055703
16.342942	0.000959	-0.012080	-0.056949
16.442598	0.000671	-0.021188	-0.057045
16.542260	0.000479	-0.024735	-0.057141
16.641989	0.000383	-0.023585	-0.059154
16.741560	-0.000096	-0.016203	-0.065578
16.841223	0.000288	-0.005273	-0.075644
16.940880	0.000479	-0.004027	-0.086478
17.040542	0.000479	-0.001055	-0.092614
17.140195	0.000959	-0.001822	-0.094819
17.239845	0.000575	-0.006807	-0.094627
17.339481	0.000575	-0.007478	-0.094819
17.439162	0.000192	0.000288	-0.095490
17.538812	-0.000671	-0.002205	-0.095203
17.638457	-0.000671	-0.008437	-0.093860
17.738150	-0.000383	-0.008533	-0.092998
17.837770	-0.000575	-0.001055	-0.092135
17.937422	0.000192	0.003451	-0.092710
18.037079	-0.000000	-0.001917	-0.093189
18.136696	0.000000	-0.002013	-0.093189
18.236368	-0.002205	0.001438	-0.095394
18.336020	-0.003068	-0.007382	-0.094148
18.435683	-0.003164	-0.015436	-0.092614
18.535359	-0.002876	-0.018120	-0.091847
18.634963	-0.002780	-0.016778	-0.090888
18.734610	-0.002013	-0.009587	-0.090888
18.834307	-0.002205	-0.001822	-0.091368
18.933925	-0.002301	-0.003931	-0.091272
19.033569	-0.002205	-0.005561	-0.092614
19.133231	-0.003164	-0.001246	-0.092326
19.232872	-0.003643	-0.003164	-0.090888
19.332495	-0.003451	-0.003931	-0.090409
19.432160	-0.003547	0.001150	-0.089546
19.531770	-0.002589	0.002876	-0.088683
19.631449	-0.002109	-0.004218	-0.089354
19.731081	-0.002109	-0.008725	-0.089163
19.830744	-0.000096	-0.006136	-0.090121
19.930393	-0.001055	0.000192	-0.089834
20.030042	-0.001534	-0.004123	-0.088396
20.129667	-0.001246	-0.008820	-0.087820
20.229271	-0.001342	-0.007670	-0.086766
20.328959	-0.000959	0.000575	-0.086286
20.428603	-0.000383	0.001630	-0.087341
20.528236	-0.000671	-0.006328	-0.086862
20.627904	-0.000479	-0.008245	-0.087629
20.727591	-0.001342	-0.003931	-0.088012
20.827177	-0.002013	-0.000383	-0.090025
20.926836	-0.001534	-0.001055	-0.097024
21.026502	-0.001822	0.004027	-0.102873
21.126129	-0.001438	0.004410	-0.105174
21.225783	-0.001342	0.000479	-0.104982
21.325454	-0.001438	0.001534	-0.104982
21.425093	-0.001246	0.005848	-0.105557
21.524742	-0.001726	0.001246	-0.106612
21.624400	-0.002301	-0.004506	-0.105557
21.724059	-0.002397	-0.004123	-0.104407
21.823751	-0.002397	0.003260	-0.105461
21.923356	-0.001150	0.004698	-0.112939
22.023024	-0.000479	-0.001055	-0.117829
22.122677	-0.000863	-0.000000	-0.118979
22.222337	-0.001055	0.005369	-0.119651
22.321987	-0.001534	0.000767	-0.119842
22.421619	-0.001822	-0.006615	-0.119171
22.521283	-0.002013	-0.007862	-0.118404
22.620939	-0.002109	-0.004218	-0.117350
22.720596	-0.001917	0.004314	-0.116487
22.820240	-0.000575	0.000000	-0.116295
22.919920	0.000479	-0.002397	-0.121856
23.019553	0.001055	0.000000	-0.131155
23.119197	0.000288	0.000479	-0.136812
23.218860	-0.000575	-0.008149	-0.137004
23.318521	-0.000863	-0.013806	-0.136620
23.517828	-0.000863	-0.010930	-0.134415
23.617489	-0.000479	-0.000575	-0.134319
23.717149	-0.000096	0.002205	-0.135661
23.816816	-0.000000	-0.001246	-0.135566
23.916476	-0.000192	0.001342	-0.136141
24.016120	-0.000959	-0.002780	-0.135566
24.115796	-0.001150	-0.005465	-0.135278
24.215443	-0.001438	-0.001630	-0.134415
24.315125	-0.001438	0.004123	-0.132977
24.414770	-0.001534	0.001917	-0.133360
24.514417	-0.000767	0.002301	-0.139305
24.614058	-0.000192	0.006711	-0.149467
24.713702	-0.000288	0.001342	-0.161260
24.813351	-0.001055	-0.004890	-0.167396
24.913002	-0.002205	-0.005369	-0.167587
25.012647	-0.002876	0.001342	-0.166629
25.112303	-0.002876	0.005177	-0.166149
25.211949	-0.002589	0.000959	-0.165286
25.311595	-0.002013	0.001534	-0.164903
25.411285	-0.001917	0.006519	-0.165191
25.510899	-0.001822	0.001438	-0.166149
25.610559	-0.002109	-0.004794	-0.166533
25.710225	-0.002684	-0.005369	-0.165862
25.809859	-0.003260	0.001246	-0.165286
25.909518	-0.002589	0.005177	-0.163944
26.009150	-0.002493	0.001630	-0.163177
26.108849	-0.001822	0.003931	-0.163081
26.208434	-0.001630	0.006807	-0.164040
26.308111	-0.001630	0.002397	-0.164232
26.407763	-0.001917	-0.001630	-0.164519
26.507460	-0.002589	0.000192	-0.164424
26.607053	-0.003068	0.005273	-0.163561
26.706697	-0.002780	0.003164	-0.162218
26.806369	-0.002589	0.004123	-0.161260
26.906024	-0.001822	0.005369	-0.161068
27.005695	-0.001630	0.006328	-0.162123
27.105319	-0.001534	0.002972	-0.162794
27.204968	-0.001917	-0.002301	-0.163081
27.304586	-0.002684	-0.003835	-0.162794
27.404259	-0.003164	0.001917	-0.162027
27.503913	-0.003356	0.004123	-0.160876
27.603534	-0.003260	0.002589	-0.159917
27.703201	-0.002493	0.005657	-0.159726
27.802886	-0.002109	0.006232	-0.160013
27.902477	-0.001726	0.002493	-0.160972
28.002141	-0.001246	-0.000479	-0.167587
28.101769	-0.001917	0.002397	-0.174682
28.201442	-0.002684	0.003547	-0.176312
28.301098	-0.002780	-0.000192	-0.174394
28.400745	-0.002780	0.000383	-0.173915
28.500402	-0.002109	0.005752	-0.173148
28.600026	-0.001342	0.005273	-0.174011
28.699697	-0.001055	0.002493	-0.174490
28.799314	-0.000863	0.003451	-0.174778
28.899003	-0.002205	0.002013	-0.174970
28.998665	-0.003164	0.002013	-0.174682
29.098303	-0.002972	0.000767	-0.173244
29.197992	-0.002876	0.003835	-0.171998
29.297616	-0.002301	0.005657	-0.171518
29.397279	-0.001438	0.006519	-0.171806
29.496905	-0.001150	0.002013	-0.172285
29.596556	-0.001246	0.000383	-0.172669
29.696221	-0.002109	0.003260	-0.172573
29.795879	-0.002589	0.002684	-0.172381
29.895524	-0.002493	-0.000479	-0.171518
29.995171	-0.002493	0.001055	-0.169313
30.094833	-0.002397	0.005944	-0.164232
30.194477	-0.002109	0.005944	-0.153494
30.294137	-0.002109	0.002684	-0.138729
30.393779	-0.002109	0.001055	-0.123485
30.493446	-0.002205	0.003260	-0.112939
30.593100	-0.002205	0.004123	-0.106516
30.692721	-0.002013	-0.001055	-0.103927
30.792384	-0.001438	-0.001342	-0.102681
30.892024	-0.000959	0.005657	-0.102489
30.991650	-0.000383	0.007382	-0.102297
31.091298	0.000096	0.002205	-0.102681
31.190961	0.000096	0.001150	-0.104119
31.290623	-0.000863	0.003451	-0.104215
31.390205	-0.001534	0.003164	-0.103735
31.489878	-0.002109	-0.002109	-0.102297
31.589523	-0.001630	-0.003835	-0.100859
31.689160	-0.001055	0.001246	-0.100284
31.788793	-0.000096	0.005273	-0.099900
31.888451	0.000383	0.000959	-0.100476
31.988105	0.000863	-0.002493	-0.101626
32.087871	-0.000288	0.001438	-0.101626
32.187429	-0.000959	0.001630	-0.102106
32.287040	-0.001534	-0.004602	-0.100572
32.386734	-0.001246	-0.008053	-0.098942
32.486382	-0.000863	-0.005369	-0.097887
32.585991	-0.000192	0.004794	-0.098079
32.685640	0.000192	0.002493	-0.098750
32.785278	0.000479	-0.004123	-0.099613
32.884927	-0.000383	-0.004410	-0.099709
32.984568	-0.001055	0.001534	-0.100188
33.084202	-0.001822	-0.002301	-0.098942
33.183830	-0.001822	-0.009012	-0.097024
33.283503	-0.001246	-0.009971	-0.096066
33.383149	-0.000575	-0.004506	-0.096161
33.482760	-0.000096	0.002397	-0.096737
33.582428	0.000575	-0.002972	-0.097504
33.682062	-0.000192	-0.007574	-0.098079
33.781696	-0.001055	-0.006519	-0.098271
33.881366	-0.002013	-0.002397	-0.097408
33.980974	-0.002397	-0.003260	-0.095394
34.080629	-0.001917	-0.000767	-0.094723
34.180256	-0.001342	0.002876	-0.093956
34.279911	-0.000288	-0.000288	-0.094340
34.379553	0.000192	-0.002397	-0.095682
34.479203	-0.000288	-0.000000	-0.096066
34.578849	-0.000959	0.000192	-0.095970
34.678498	-0.001438	-0.006040	-0.095299
34.778148	-0.001438	-0.010450	-0.093765
34.877795	-0.000767	-0.010067	-0.092710
34.977430	-0.000288	-0.003164	-0.091655
35.077081	-0.001342	0.002493	-0.093477
35.176762	-0.000863	-0.002109	-0.094052
35.276389	-0.001342	-0.005369	-0.094436
35.376053	-0.002301	-0.001917	-0.094532
35.475675	-0.003164	-0.002589	-0.094723
35.575321	-0.003260	-0.010163	-0.092902
35.674947	-0.002780	-0.014093	-0.091272
35.774611	-0.002205	-0.012368	-0.090025
35.874256	-0.001438	-0.005273	-0.090409
35.973902	-0.001150	0.002205	-0.091464
36.073532	-0.001342	-0.000863	-0.092231
36.173195	-0.001917	-0.003547	-0.092518
36.272830	-0.002589	-0.001917	-0.092518
36.372458	-0.003164	-0.002972	-0.091176
36.472125	-0.002972	0.002301	-0.089450
36.571795	-0.002397	0.006232	-0.088683
36.671428	-0.001822	-0.002013	-0.088012
36.771084	-0.000959	-0.008533	-0.089354
36.870750	-0.001246	-0.007766	-0.090409
36.970394	-0.002397	-0.001726	-0.091176
37.070046	-0.003356	0.000383	-0.090601
37.169702	-0.003931	-0.009108	-0.089259
37.269326	-0.003451	-0.015052	-0.087820
37.369001	-0.003068	-0.016490	-0.085040
37.468650	-0.002876	-0.013135	-0.077178
37.568295	-0.002493	-0.003068	-0.070563
37.667986	-0.002397	0.004794	-0.068646
37.767631	-0.002876	0.002013	-0.069317
37.867266	-0.003643	0.002780	-0.069317
37.966934	-0.004794	0.001534	-0.068262
38.066585	-0.004794	0.000767	-0.066920
38.166261	-0.004027	0.006807	-0.065578
38.265905	-0.003260	0.006519	-0.065098
38.365541	-0.002109	0.002780	-0.065769
38.564850	-0.003643	0.006328	-0.056278
38.664524	-0.003835	0.003164	-0.055607
38.764175	-0.004794	-0.002876	-0.053785
38.863798	-0.004506	-0.004027	-0.052155
38.963485	-0.004027	0.002397	-0.051005
39.063131	-0.003356	0.006615	-0.050238
39.162806	-0.002013	0.002876	-0.051101
39.262481	-0.002109	0.003164	-0.052347
39.362126	-0.002876	0.006519	-0.052731
39.461762	-0.003451	0.000479	-0.052635
39.561412	-0.004506	-0.004794	-0.051580
39.661052	-0.003451	-0.002684	-0.049183
39.760731	-0.003068	0.005848	-0.048512
39.860372	-0.002397	0.006999	-0.047745
39.960021	-0.001150	0.001342	-0.048608
40.059695	-0.001055	0.002589	-0.049663
40.159347	-0.001822	0.005561	-0.050142
40.259008	-0.002205	0.001150	-0.050046
40.358660	-0.003451	-0.004506	-0.049279
40.458292	-0.003547	-0.004123	-0.047362
40.557937	-0.003164	0.002493	-0.046499
40.657600	-0.002397	0.004123	-0.045348
40.757275	-0.001055	0.000383	-0.045924
40.856940	-0.000767	0.002109	-0.047362
40.956629	-0.001534	0.002205	-0.047937
41.056254	-0.002013	-0.001150	-0.048225
41.155915	-0.003260	-0.004890	-0.047553
41.255560	-0.003356	-0.005848	-0.046019
41.355229	-0.003260	-0.000767	-0.044677
41.454831	-0.002780	0.003260	-0.043527
41.554534	-0.001342	0.000192	-0.043431
41.654181	-0.000767	-0.000383	-0.045061
41.753863	-0.001438	0.003835	-0.045636
41.853473	-0.002013	-0.000671	-0.046019
41.953141	-0.002780	-0.005465	-0.045828
42.052801	-0.003451	-0.004314	-0.044102
42.152423	-0.003164	0.003356	-0.042856
42.252090	-0.002589	0.003068	-0.042184
42.351733	-0.001150	0.000671	-0.041705
42.451408	-0.000671	0.004985	-0.042951
42.551047	-0.001342	0.005848	-0.044006
42.650696	-0.002109	0.001246	-0.044294
42.750340	-0.002972	-0.002397	-0.044006
42.849994	-0.003931	-0.000863	-0.042280
42.949670	-0.003643	0.005177	-0.040938
43.049330	-0.003068	0.002972	-0.039596
43.148995	-0.001438	0.000959	-0.038829
43.248631	-0.000479	0.006903	-0.040363
43.348311	-0.000767	0.006519	-0.041417
43.447925	-0.001150	0.002205	-0.041897
43.547612	-0.002109	0.000479	-0.041705
43.647271	-0.003260	0.002109	-0.040171
43.746929	-0.003068	0.006232	-0.039117
43.846577	-0.002684	0.003451	-0.037103
43.946250	-0.001246	0.002493	-0.036528
44.045889	0.000000	0.005177	-0.037870
44.145547	-0.000479	0.004314	-0.038445
44.245240	-0.001917	0.003835	-0.039308
44.344903	-0.002397	0.002301	-0.043623
44.444514	-0.003451	0.001342	-0.049567
44.544200	-0.003835	0.005752	-0.049950
44.643851	-0.003835	0.003260	-0.048129
44.743505	-0.002876	0.000000	-0.046978
44.843218	-0.001726	0.004602	-0.049279
44.942819	-0.001726	0.007286	-0.053977
45.042491	-0.001534	-0.000671	-0.064523
45.142159	-0.002397	-0.005081	-0.072193
45.241886	-0.004027	-0.002493	-0.073727
45.341486	-0.004506	0.002780	-0.071905
45.441156	-0.004218	-0.002780	-0.069892
45.540801	-0.002780	-0.009587	-0.068646
45.640464	-0.000959	-0.010258	-0.072097
45.740124	0.000575	-0.003451	-0.080438
45.839785	0.000096	0.004698	-0.089163
45.939437	-0.001150	-0.003164	-0.091943
46.039083	-0.002109	-0.011217	-0.090888
46.138755	-0.002397	-0.013326	-0.089067
46.238423	-0.002109	-0.010163	-0.088108
46.338068	-0.001438	-0.002493	-0.086958
46.437713	-0.000575	0.006999	-0.087245
46.537371	0.000000	0.004314	-0.088587
46.637044	0.000096	-0.000863	-0.089354
46.736710	-0.000767	-0.000671	-0.089834
46.836311	-0.001630	-0.000192	-0.088683
46.936022	-0.002109	0.004410	-0.087725
47.035669	-0.001726	0.000767	-0.086478
47.135327	-0.000863	-0.004123	-0.084657
47.234999	0.000096	-0.002972	-0.084657
47.334650	0.000575	0.006903	-0.089163
47.434322	0.000767	0.005177	-0.096257
47.533986	0.000479	-0.003068	-0.108050
47.633627	-0.000479	-0.004985	-0.114282
47.733287	-0.002013	0.000096	-0.115049
47.832969	-0.002397	0.005369	-0.113610
47.932676	-0.001726	0.004027	-0.112364
48.032264	-0.001055	0.005944	-0.112460
48.131935	-0.000575	0.009971	-0.112843
48.231598	-0.000288	0.002397	-0.113610
48.331241	-0.000863	-0.001438	-0.114282
48.430900	-0.001726	0.002876	-0.114857
48.530557	-0.002109	0.004506	-0.118500
48.630219	-0.001822	-0.004698	-0.125499
48.729904	-0.000863	-0.010834	-0.129526
48.829566	0.000192	-0.012272	-0.129717
48.929220	0.000575	-0.006615	-0.129909
49.028881	0.000383	0.005081	-0.130868
49.128524	-0.000479	0.000767	-0.131443
49.228196	-0.000671	-0.009492	-0.131635
49.327883	-0.001246	-0.014381	-0.130197
49.427516	-0.001534	-0.014669	-0.128759
49.527173	-0.000767	-0.009971	-0.128279
49.626850	-0.000671	-0.000192	-0.127512
49.726499	-0.000096	0.009683	-0.127704
49.826169	0.000096	0.005273	-0.129142
49.925850	-0.000383	-0.000096	-0.129813
50.025499	-0.001246	0.002013	-0.129717
50.125174	-0.002301	0.003260	-0.128759
50.224834	-0.002684	0.002972	-0.127800
50.324481	-0.001822	0.000479	-0.126362
50.424165	-0.001630	0.002301	-0.125403
50.523812	-0.000863	0.007958	-0.125882
50.623493	-0.000383	0.004314	-0.127033
50.723099	-0.000671	0.000192	-0.127608
50.822802	-0.001342	-0.000096	-0.127704
50.922455	-0.002109	0.003164	-0.127320
51.022139	-0.002589	0.003164	-0.125882
51.121785	-0.001726	0.000863	-0.124252
51.321185	-0.000479	0.009108	-0.123965
51.420783	0.000192	0.004985	-0.125211
51.520447	-0.000000	0.000575	-0.125595
51.620131	-0.000479	0.000671	-0.126170
51.719773	-0.001342	0.002013	-0.125595
51.819466	-0.002109	0.000479	-0.123677
51.919133	-0.001438	-0.005177	-0.122623
52.018794	-0.000959	-0.007191	-0.121856
52.118474	-0.000383	-0.002109	-0.121951
52.218138	0.000096	0.006807	-0.122910
52.317793	-0.000288	0.000096	-0.123390
52.417475	-0.000671	-0.006999	-0.124157
52.517132	-0.001726	-0.008341	-0.123198
52.616786	-0.002684	-0.003164	-0.122239
52.716477	-0.002684	0.003835	-0.121184
52.816150	-0.002493	0.005752	-0.120417
52.915790	-0.002109	0.009492	-0.118117
53.015436	-0.001822	0.006615	-0.111597
53.115076	-0.001726	0.000096	-0.104982
53.214730	-0.001917	-0.001150	-0.102489
53.314373	-0.002493	0.002589	-0.101722
53.414034	-0.002493	0.003451	-0.100572
53.513653	-0.002013	0.000288	-0.099421
53.613322	-0.001342	0.001630	-0.097791
53.712964	-0.000575	0.010354	-0.097791
53.812608	0.000479	0.007670	-0.098175
53.912271	0.000575	-0.000575	-0.099613
54.011923	0.000192	-0.000671	-0.099805
54.111596	-0.000767	0.005465	-0.099709
54.211225	-0.001534	0.002876	-0.098750
54.310863	-0.001246	-0.001917	-0.097120
54.410539	-0.000575	-0.001534	-0.095778
54.510161	0.000096	0.006424	-0.095874
54.609820	0.001150	0.007670	-0.095394
54.709462	0.001630	-0.003260	-0.097024
54.809095	0.001438	-0.009492	-0.097695
54.908754	0.000192	-0.008916	-0.097504
55.008400	-0.001726	-0.003547	-0.091655
55.108060	-0.002397	-0.002397	-0.081301
55.207770	-0.001822	-0.003931	-0.072385
55.307359	-0.000479	-0.000575	-0.069700
55.407025	0.000671	0.004314	-0.069509
55.506691	0.000959	-0.001438	-0.071042
55.606335	0.000671	-0.006615	-0.072001
55.706008	-0.000383	-0.005465	-0.072097
55.805631	-0.001438	0.000383	-0.071234
55.905302	-0.001822	-0.004123	-0.069700
56.004952	-0.001246	-0.009875	-0.068550
56.104607	-0.000192	-0.010738	-0.069413
56.204294	0.001055	-0.004602	-0.076507
56.303936	0.001150	0.002301	-0.087820
56.403610	0.000479	-0.002301	-0.093956
56.503224	0.000096	-0.003931	-0.094532
56.602886	-0.001342	0.000671	-0.093860
56.702560	-0.001822	-0.000959	-0.092806
56.802188	-0.001342	-0.003931	-0.091272
56.901842	-0.000767	-0.002013	-0.090313
57.001490	0.000383	0.006519	-0.090792
57.101139	0.000767	0.002205	-0.091368
57.200805	0.000863	-0.003835	-0.091943
57.300450	0.000383	-0.002301	-0.092326
57.400108	-0.000767	0.002972	-0.091943
57.499751	-0.001150	-0.001534	-0.090313
57.599381	-0.000575	-0.005465	-0.088971
57.699038	-0.000000	-0.004410	-0.088396
57.798722	0.000671	0.004506	-0.088683
57.898353	0.001342	0.001246	-0.088971
57.998035	0.000288	-0.008149	-0.089930
58.097681	0.000000	-0.011697	-0.090505
58.197351	-0.001055	-0.011025	-0.090121
58.296966	-0.001917	-0.004794	-0.088587
58.396606	-0.001726	-0.001342	-0.087629
58.496256	-0.001246	0.003451	-0.086862
58.595904	-0.000383	0.001726	-0.085999
58.695566	0.000575	-0.004218	-0.086478
58.795234	0.000288	-0.003643	-0.088108
58.894867	-0.000192	0.000096	-0.088587
58.994533	-0.001246	-0.002876	-0.087820
59.094172	-0.001917	-0.005657	-0.086958
59.193818	-0.001822	-0.003356	-0.086095
59.293438	-0.001630	0.004027	-0.084752
59.393148	-0.000767	0.006519	-0.084177
59.492789	-0.000575	-0.000192	-0.085519
59.692110	-0.001822	0.001534	-0.086958
59.791777	-0.002972	0.001246	-0.087245
59.891384	-0.003931	-0.004698	-0.085999
59.991050	-0.003835	-0.006807	-0.084465
60.090710	-0.003643	-0.003931	-0.082931
60.190343	-0.002780	0.004314	-0.082931
60.290012	-0.002013	0.001534	-0.082835
60.389637	-0.002013	-0.001534	-0.084273
60.489294	-0.002205	0.002109	-0.084561
60.588909	-0.003164	-0.000096	-0.084848
60.688591	-0.003931	-0.004602	-0.084081
60.788216	-0.004123	-0.003164	-0.082260
60.887876	-0.004123	0.003260	-0.081013
60.987520	-0.003547	0.007478	-0.080534
61.087175	-0.001917	-0.001150	-0.081397
61.186820	-0.001726	-0.007191	-0.081876
61.286469	-0.002013	-0.005177	-0.082643
61.386131	-0.002972	0.001726	-0.083027
61.485797	-0.004218	-0.002013	-0.082260
61.585454	-0.004123	-0.004123	-0.083314
61.685125	-0.003643	-0.002013	-0.089930
61.784780	-0.003164	0.005465	-0.098462
61.884430	-0.002684	0.002876	-0.102968
61.984085	-0.003068	0.000671	-0.104215
62.083803	-0.003547	0.003547	-0.105078
62.183428	-0.004027	-0.000671	-0.104886
62.283081	-0.005177	-0.003068	-0.104119
62.382727	-0.005369	-0.001630	-0.103256
62.482406	-0.005369	0.002301	-0.102297
62.582052	-0.004985	0.001438	-0.101147
62.681707	-0.003931	-0.000479	-0.101530
62.781389	-0.003835	0.002109	-0.102297
62.880991	-0.003931	-0.000959	-0.102777
62.980697	-0.004123	-0.004698	-0.102393
63.080323	-0.005177	-0.004602	-0.102393
63.180020	-0.005465	-0.003260	-0.101434
63.279676	-0.005465	0.000863	-0.100284
63.379321	-0.004985	0.000288	-0.099325
63.479009	-0.003739	-0.002780	-0.099517
63.578654	-0.003547	-0.000096	-0.099709
63.678302	-0.003739	0.000288	-0.100667
63.777981	-0.003739	-0.006807	-0.100380
63.877604	-0.004794	-0.010834	-0.100380
63.977288	-0.005369	-0.008725	-0.099134
64.076955	-0.005369	-0.001342	-0.098558
64.176623	-0.005273	0.002589	-0.097312
64.276267	-0.004027	-0.002109	-0.097216
64.375936	-0.003547	-0.002493	-0.097120
64.475621	-0.003643	0.002397	-0.098750
64.575261	-0.003643	-0.004698	-0.098367
64.674932	-0.004506	-0.011792	-0.098175
64.774594	-0.004890	-0.012847	-0.097024
64.874228	-0.004698	-0.009108	-0.096641
64.973929	-0.004602	-0.001055	-0.095874
65.073606	-0.003835	0.002589	-0.095203
65.173271	-0.003260	0.001822	-0.095299
65.272926	-0.003260	0.002301	-0.096833
65.372581	-0.003164	-0.005848	-0.096737
65.472311	-0.004123	-0.011984	-0.096257
65.571898	-0.004794	-0.012464	-0.095490
65.671597	-0.004314	-0.007382	-0.095011
65.771231	-0.004506	0.002013	-0.093573
65.870910	-0.003739	0.004027	-0.092614
65.970575	-0.002972	0.004506	-0.093381
66.070237	-0.002876	0.004794	-0.094244
66.169878	-0.002684	-0.003260	-0.094244
66.269533	-0.003356	-0.007286	-0.094340
66.369218	-0.004123	-0.003931	-0.094052
66.468877	-0.004314	0.004314	-0.092710
66.568523	-0.004123	0.002205	-0.091943
66.668200	-0.003356	0.001534	-0.091368
66.767860	-0.002780	0.006615	-0.091368
66.867522	-0.002876	0.005369	-0.092518
66.967170	-0.002589	0.004985	-0.092902
67.066876	-0.003260	0.005561	-0.093285
67.166491	-0.006232	-0.002493	-0.093381
67.266143	-0.005369	-0.012176	-0.096257
67.365812	-0.004410	-0.018695	-0.104886
67.565145	-0.002301	-0.019079	-0.128567
67.664790	-0.003068	-0.012368	-0.134032
67.764466	-0.003356	0.000767	-0.136141
67.864145	-0.004027	-0.004506	-0.136045
67.963809	-0.004123	-0.013326	-0.139880
68.063460	-0.002780	-0.018120	-0.148988
68.163117	-0.002397	-0.019846	-0.163369
68.262791	-0.001342	-0.018504	-0.182352
68.362444	-0.000383	-0.012847	-0.207663
68.462143	-0.000479	-0.000383	-0.237767
68.561784	-0.000096	0.006232	-0.272282
68.661466	-0.000479	-0.005944	-0.302769
68.761120	-0.000671	-0.017833	-0.326738
68.860812	-0.001534	-0.025502	-0.346776
68.960440	-0.001630	-0.029242	-0.362403
69.060095	-0.002589	-0.029337	-0.373524
69.159723	-0.004218	-0.027036	-0.378126
69.259383	-0.004794	-0.019558	-0.378030
69.358997	-0.005369	-0.006519	-0.377647
69.458662	-0.005081	0.004985	-0.377743
69.558309	-0.003931	0.000192	-0.378222
69.658032	-0.003164	-0.004890	-0.384837
69.757601	-0.002109	-0.003068	-0.396918
69.857259	-0.001917	0.005944	-0.414175
69.956981	-0.003835	0.000479	-0.433925
70.056560	-0.003164	-0.016682	-0.448785
70.156212	-0.002972	-0.029625	-0.458469
70.255853	-0.003451	-0.027995	-0.462399
70.355498	-0.003356	-0.016970	-0.463837
70.455108	-0.003643	-0.002397	-0.464029
70.554788	-0.003835	-0.000575	-0.465755
70.654469	-0.003356	-0.001246	-0.472754
70.754106	-0.004027	0.001055	-0.484067
70.853740	-0.003451	-0.003068	-0.499982
70.953412	-0.002780	-0.004027	-0.520211
71.053057	-0.001822	-0.000192	-0.545043
71.152696	-0.000192	0.000096	-0.575914
71.252366	0.002013	-0.012751	-0.613209
71.352007	0.003931	-0.026557	-0.652325
71.451679	0.003356	-0.031255	-0.691346
71.551329	0.002397	-0.027324	-0.730367
71.650991	0.001438	-0.019462	-0.769100
71.750628	0.000671	-0.006807	-0.807353
71.949936	0.001917	-0.001246	-0.884436
72.049613	0.001917	-0.002684	-0.923840
72.149331	0.001726	-0.001630	-0.963052
72.248883	0.001917	-0.000479	-1.003895
72.348526	0.001342	-0.007766	-1.041381
72.448192	0.001438	-0.012751	-1.079731
72.547882	0.000767	-0.011409	-1.118943
72.647497	0.001055	-0.003835	-1.158539
72.747160	-0.000096	-0.004890	-1.197751
72.846803	-0.000575	-0.010450	-1.236197
72.946466	-0.000959	-0.008820	-1.274738
73.046098	-0.000959	-0.007574	-1.312992
73.145747	-0.000479	-0.010450	-1.350670
73.245380	0.000671	-0.008341	-1.390362
73.345027	0.001150	-0.003356	-1.430245
73.444664	0.000671	-0.009108	-1.469841
73.544326	0.000575	-0.013998	-1.509916
73.643978	-0.000192	-0.011217	-1.548362
73.743622	0.000479	-0.000096	-1.585944
73.843281	-0.003068	0.001342	-1.624006
73.942924	-0.001726	-0.008820	-1.663123
74.042589	-0.001726	-0.014381	-1.702143
74.142223	-0.001822	-0.017928	-1.738384
74.241890	-0.001150	-0.035857	-1.774528
74.341540	0.001630	-0.028187	-1.800126
74.441175	0.002397	-0.019942	-1.825150
74.540816	0.000671	-0.013518	-1.845475
74.640452	0.000288	-0.015532	-1.858609
74.740111	-0.000863	-0.015627	-1.867909
74.839771	-0.001822	-0.009396	-1.871840
74.939417	-0.002493	-0.012368	-1.870402
75.039055	-0.002972	-0.016874	-1.863787
75.138753	-0.002397	-0.013902	-1.858705
75.238354	-0.002109	-0.009204	-1.857267
75.338002	-0.002013	-0.008437	-1.856788
75.437641	-0.001726	-0.009204	-1.857171
75.537300	-0.002684	-0.004410	-1.857459
75.636948	-0.002876	-0.004794	-1.857075
75.736601	-0.002013	-0.010834	-1.856404
75.836234	-0.002109	-0.012368	-1.854966
75.935881	-0.002013	-0.006136	-1.849501
76.035534	-0.002493	-0.006424	-1.838955
76.135190	-0.003164	-0.010258	-1.823328
76.234817	-0.003260	-0.009300	-1.807509
76.334469	-0.003260	-0.003451	-1.796579
76.434107	-0.002780	-0.000288	-1.790347
76.533762	-0.002013	-0.006807	-1.789484
76.633404	-0.001630	-0.011409	-1.789101
76.733050	-0.001630	-0.006519	-1.789580
76.832703	-0.002301	-0.002109	-1.789580
76.932350	-0.002972	-0.007862	-1.789389
77.032043	-0.002780	-0.013326	-1.788813
77.131644	-0.002589	-0.014860	-1.786992
77.231303	-0.003260	-0.012176	-1.781239
77.330964	-0.004123	-0.003739	-1.771173
77.430619	-0.003643	-0.000671	-1.765037
77.530234	-0.002684	-0.002397	-1.763982
77.629904	-0.002780	-0.000575	-1.764078
77.729585	-0.002780	-0.002493	-1.764078
77.829200	-0.003356	-0.005369	-1.760243
77.928863	-0.003835	-0.003068	-1.751710
78.028503	-0.004410	0.004985	-1.738863
78.128206	-0.004890	0.002013	-1.719497
78.227827	-0.004506	-0.003164	-1.697158
78.327453	-0.004218	-0.000863	-1.680476
78.427111	-0.004218	0.006999	-1.667437
78.526774	-0.003739	0.003068	-1.659480
78.626430	-0.003739	-0.001438	-1.655932
78.726079	-0.003547	0.000288	-1.655357
78.825721	-0.002780	0.006040	-1.654302
78.925331	-0.002780	0.001438	-1.654302
79.024983	-0.001726	-0.002972	-1.654015
79.124636	-0.001534	-0.000192	-1.654878
79.224293	-0.002013	0.002205	-1.653727
79.323927	-0.002493	-0.001726	-1.647304
79.423575	-0.003068	-0.004314	-1.640209
79.523230	-0.002972	-0.000192	-1.637045
79.622877	-0.001917	0.005465	-1.635703
79.722526	-0.001726	0.001822	-1.635703
79.822135	-0.000767	-0.000863	-1.635415
79.921808	-0.000383	0.002397	-1.636374
80.021493	-0.000959	0.002013	-1.636470
80.121118	-0.000959	-0.001917	-1.636182
80.220793	-0.001342	-0.002589	-1.635991
80.320414	-0.002301	0.001438	-1.635319
80.420077	-0.001822	0.003931	-1.634361
80.519739	-0.001822	0.001342	-1.633881
80.619335	-0.001246	-0.001726	-1.633498
80.719030	-0.000863	0.002205	-1.634169
80.818678	-0.001246	0.001726	-1.634936
80.918325	-0.001055	-0.002589	-1.634169
81.017998	-0.001246	-0.003260	-1.633977
81.117658	-0.001534	0.001246	-1.635511
81.217286	-0.000192	0.003451	-1.641647
81.316929	0.000479	0.000671	-1.646345
81.416564	0.000863	-0.000575	-1.646537
81.516230	0.001630	0.005848	-1.647112
81.615872	0.001342	0.004314	-1.647591
81.715503	0.000096	-0.003356	-1.648742
81.815150	-0.000575	-0.005848	-1.648166
81.914804	-0.001342	-0.002301	-1.647591
82.014445	-0.000959	0.002589	-1.645961
82.114091	-0.000863	-0.001150	-1.645674
82.213748	-0.000767	-0.002397	-1.645386
82.313384	-0.000192	0.002109	-1.646057
82.413025	-0.000863	0.000479	-1.646537
82.512637	-0.000863	-0.003643	-1.645961
82.612305	-0.001534	-0.003451	-1.646728
82.711956	-0.002684	0.001246	-1.645866
82.811598	-0.002589	0.002876	-1.644811
82.911271	-0.002589	0.000671	-1.641168
83.010942	-0.003068	-0.001630	-1.632539
83.110544	-0.002301	0.000096	-1.619788
83.210203	-0.002684	0.000192	-1.602626
83.309857	-0.002205	-0.002972	-1.578466
83.409533	-0.001917	-0.003164	-1.556607
83.509154	-0.001438	0.000671	-1.539446
83.608798	-0.000479	0.000671	-1.526023
83.708512	0.000767	0.000096	-1.517778
83.808116	0.002301	-0.001150	-1.515477
84.007405	0.003643	0.003260	-1.527749
84.107109	0.003547	-0.002589	-1.535131
84.206727	0.003356	-0.007670	-1.537240
84.306398	0.003068	-0.007766	-1.537049
84.406031	0.002684	-0.001630	-1.535898
84.605343	0.003164	-0.006232	-1.534556
84.704992	0.003931	-0.005081	-1.536953
84.804654	0.004410	0.001917	-1.545773
84.904300	0.004698	-0.004794	-1.558716
85.003947	0.005273	-0.015627	-1.576741
85.103582	0.004794	-0.022914	-1.593806
85.203274	0.004027	-0.025023	-1.605599
85.302921	0.003547	-0.023393	-1.611926
85.402563	0.002589	-0.016874	-1.613556
85.502204	0.002589	-0.004794	-1.613460
85.601846	0.002589	0.003260	-1.613556
85.701475	0.002589	-0.008820	-1.613748
85.801149	0.003164	-0.016107	-1.614131
85.900804	0.002205	-0.019175	-1.613940
86.000446	0.001726	-0.015819	-1.613556
86.100089	0.001630	-0.007478	-1.612981
86.199752	0.001342	0.003260	-1.612406
86.299439	0.001726	-0.002684	-1.611639
86.399058	0.002205	-0.010642	-1.611926
86.498681	0.002013	-0.012368	-1.612406
86.598379	0.002301	-0.008916	-1.612981
86.698027	0.001150	-0.002301	-1.612885
86.797660	0.000479	-0.002397	-1.612310
86.897343	0.000767	-0.002205	-1.611734
86.997027	0.000671	0.001726	-1.610967
87.096626	0.001342	-0.001342	-1.610105
87.196312	0.001917	-0.002013	-1.610200
87.295954	0.001630	0.003260	-1.611159
87.395612	0.001726	0.000479	-1.610776
87.495256	0.001150	-0.002684	-1.611255
87.594886	0.000383	-0.000000	-1.610776
87.694564	0.000479	0.003164	-1.610392
87.794230	0.000000	0.002205	-1.609433
87.893880	0.000096	-0.001150	-1.608954
87.993500	0.000767	0.000383	-1.608858
88.192854	0.000767	-0.000671	-1.609433
88.292497	0.000288	-0.002013	-1.610009
88.392139	-0.000479	-0.000863	-1.610009
88.491797	-0.000288	0.001534	-1.609146
88.591455	-0.000575	0.001342	-1.607995
88.691127	0.000000	-0.002397	-1.607228
88.790813	0.000767	-0.000383	-1.607228
88.890429	0.000575	0.004027	-1.608283
88.990073	0.000863	-0.000288	-1.607612
89.089735	0.000671	-0.003260	-1.608571
89.189379	-0.000096	-0.001822	-1.608283
89.289020	0.000096	-0.001822	-1.607612
89.388684	0.000767	-0.003739	-1.605982
89.488330	0.001246	-0.004218	-1.605407
89.587990	0.002109	-0.001055	-1.605215
89.687654	0.002109	0.000288	-1.605982
89.787315	0.002397	-0.003356	-1.605215
89.886974	0.002301	-0.004794	-1.606366
89.986675	0.001342	-0.002109	-1.606174
90.086275	0.001246	-0.001055	-1.605407
90.185916	0.001150	-0.002205	-1.604160
90.285574	0.001438	-0.003835	-1.603489
90.385208	0.002205	-0.000479	-1.603202
90.484860	0.002301	0.001150	-1.603969
90.584541	0.002684	-0.005177	-1.603393
90.684201	0.002972	-0.009492	-1.604352
90.783842	0.002109	-0.008629	-1.604352
90.883505	0.002109	-0.002205	-1.603969
90.983138	0.001726	-0.004027	-1.602339
91.082814	0.002205	-0.007862	-1.601668
91.182412	0.003068	-0.006519	-1.601284
91.282067	0.003068	0.000383	-1.601572
91.381730	0.003164	-0.002589	-1.601955
91.481393	0.003547	-0.009108	-1.602243
91.581025	0.002589	-0.011697	-1.602435
91.680677	0.002301	-0.008437	-1.602339
91.780343	0.001822	-0.002013	-1.601188
91.880008	0.001822	-0.004698	-1.600230
91.979668	0.002972	-0.007382	-1.599654
92.079305	0.003068	-0.004410	-1.599463
92.178965	0.003356	-0.003643	-1.600709
92.278613	0.003643	-0.008245	-1.600805
92.378285	0.002684	-0.010642	-1.600805
92.477900	0.001917	-0.006424	-1.600805
92.577615	0.001630	-0.002493	-1.599846
92.677274	0.001534	-0.005657	-1.598408
92.776939	0.002493	-0.006615	-1.597833
92.876589	0.002589	-0.001055	-1.597737
92.976231	0.002972	-0.001342	-1.599175
93.075908	0.003356	-0.010067	-1.598983
93.175598	0.002493	-0.015148	-1.599175
93.275250	0.001917	-0.014477	-1.598887
93.374912	0.001246	-0.009875	-1.598504
93.474567	0.001150	-0.006519	-1.601859
93.574244	0.001917	-0.005944	-1.610009
93.673914	0.001917	-0.004314	-1.615569
93.773562	0.002109	-0.007286	-1.616528
93.873231	0.002780	-0.009779	-1.617007
93.972908	0.001342	-0.005848	-1.617774
94.072630	0.000575	-0.003643	-1.617966
94.172231	0.000288	-0.010642	-1.618062
94.271890	-0.000096	-0.017833	-1.616432
94.371557	0.000575	-0.019654	-1.615378
94.471198	0.000863	-0.017545	-1.615090
94.570868	0.000863	-0.009971	-1.615569
94.670529	0.001438	-0.005944	-1.616336
94.770194	0.001246	-0.007191	-1.619596
94.869849	0.001150	-0.005369	-1.627458
94.969513	0.001438	-0.007191	-1.635991
95.069179	0.000671	-0.011025	-1.638771
95.168827	0.000863	-0.010450	-1.638196
95.268486	0.000959	-0.005273	-1.637716
95.368155	0.001055	-0.005752	-1.637812
95.467817	0.002013	-0.009108	-1.638387
95.567491	0.001822	-0.009012	-1.639154
95.667130	0.000671	-0.002780	-1.638963
95.766768	0.000671	-0.005369	-1.638483
95.866432	0.000000	-0.013806	-1.637812
95.966100	0.000671	-0.017737	-1.636949
96.065774	0.001055	-0.016394	-1.636182
96.165400	0.000959	-0.008533	-1.635895
96.265076	0.001726	-0.002684	-1.637812
96.364746	0.001534	-0.003260	-1.637812
96.464446	0.000671	-0.000671	-1.637524
96.564067	0.000959	-0.003547	-1.640497
96.663753	0.000959	-0.008053	-1.648454
96.763401	0.001150	-0.006903	-1.654015
96.863068	0.000767	0.000192	-1.654878
96.962719	0.000479	-0.003547	-1.654782
97.062389	0.001726	-0.012847	-1.655549
97.162074	0.001917	-0.018216	-1.655453
97.261696	0.001246	-0.018216	-1.655645
97.361321	0.001150	-0.013422	-1.656028
97.461019	0.000288	-0.004794	-1.655069
97.660337	0.001438	0.001534	-1.661685
97.760017	0.001726	-0.000192	-1.668108
97.859675	0.001917	-0.004698	-1.669450
97.959363	0.001822	-0.003931	-1.670122
98.058990	0.000959	-0.001534	-1.670505
98.158644	0.000671	-0.005081	-1.670026
98.258308	0.000479	-0.009492	-1.669546
98.358002	0.000479	-0.014573	-1.668779
98.457654	0.001055	-0.015723	-1.668300
98.557317	0.000959	-0.012272	-1.667629
98.657009	0.001917	-0.004794	-1.669738
98.756655	0.002684	-0.004602	-1.677983
98.856328	0.002397	-0.004698	-1.685845
98.955992	0.001726	-0.004218	-1.688625
99.055640	0.001438	-0.008341	-1.688433
99.155375	0.001438	-0.010834	-1.687283
99.254957	0.001822	-0.007574	-1.686612
99.354641	0.001917	0.001055	-1.685557
99.454286	0.002493	-0.001917	-1.685461
99.653607	0.002684	-0.001150	-1.686516
99.753240	0.002397	-0.002972	-1.686995
99.852899	0.001246	-0.011025	-1.687858
99.952551	0.000863	-0.014956	-1.685749
100.052214	0.001822	-0.014860	-1.684694
100.151897	0.002780	-0.009971	-1.684119
100.251538	0.002876	0.000767	-1.684599
100.351189	0.002876	0.004218	-1.685270
100.450890	0.002301	0.000575	-1.685366
100.550576	0.001917	0.002301	-1.685653
100.650226	0.001726	-0.001822	-1.685653
100.749866	0.001342	-0.005561	-1.684119
100.849535	0.001726	-0.002876	-1.683832
100.949208	0.001726	-0.001917	-1.682681
101.048884	0.003068	-0.016203	-1.682298
101.148535	0.004985	-0.019079	-1.683065
101.248182	0.002589	-0.008245	-1.684886
101.347852	0.001055	0.001726	-1.685078
101.447499	0.001342	-0.003547	-1.685078
101.547151	0.001055	-0.010642	-1.683832
101.646826	0.001726	-0.013039	-1.682393
101.746524	0.000863	-0.010450	-1.675874
101.846157	-0.004027	-0.001438	-1.667629
101.945835	-0.002109	0.001534	-1.651139
102.045510	-0.002780	-0.007958	-1.630334
102.145174	-0.003451	-0.010258	-1.604832
102.244830	-0.004506	-0.005848	-1.574344
102.344495	-0.005752	-0.001246	-1.537912
102.444149	-0.005752	-0.001342	-1.497069
102.543875	-0.004794	0.001917	-1.457186
102.643511	-0.003356	0.005944	-1.418740
102.743174	-0.002972	0.001150	-1.378569
102.842813	-0.002109	-0.000959	-1.341083
102.942509	-0.002493	0.002205	-1.303021
103.042195	-0.003068	0.007382	-1.263808
103.141865	-0.003356	0.003260	-1.224117
103.241529	-0.002397	0.000767	-1.184425
103.341198	-0.001438	0.000096	-1.145596
103.440866	-0.000959	0.002589	-1.106575
103.540515	-0.000192	0.004602	-1.067555
103.640185	-0.000479	0.002013	-1.027671
103.739858	0.000288	0.004698	-0.987980
103.839528	0.000671	0.009875	-0.948096
103.939195	0.001822	0.009300	-0.908788
104.038839	0.002109	0.004314	-0.870534
104.238177	0.002013	0.005273	-0.793260
104.337836	0.001150	0.006903	-0.754143
104.437519	0.001246	0.004890	-0.713780
104.537193	0.002109	0.003835	-0.673322
104.636832	0.003739	0.006711	-0.634780
104.736497	0.004027	0.007382	-0.595856
104.836226	0.004985	0.009779	-0.560670
104.935882	0.005465	0.006136	-0.531045
105.035504	0.005273	0.004602	-0.505543
105.135157	0.005273	0.006615	-0.484067
105.234815	0.005465	0.007574	-0.467577
105.334486	0.005944	0.006328	-0.451661
105.434144	0.005369	0.004985	-0.430953
105.533825	0.004890	0.007191	-0.406026
105.633478	0.003931	0.010450	-0.376401
105.733140	0.002684	0.010067	-0.340448
105.832814	0.003835	0.007191	-0.300852
105.932514	0.003356	0.006903	-0.262023
106.032154	0.003931	0.009492	-0.226933
106.131781	0.004314	0.008149	-0.197788
106.231446	0.004698	0.005081	-0.173915
106.331117	0.004410	0.001150	-0.153494
106.430785	0.004410	0.002589	-0.138154
106.530474	0.004698	0.010834	-0.127992
106.630116	0.004410	0.008916	-0.122910
106.729800	0.005561	0.004410	-0.122239
106.829521	0.005752	0.008149	-0.129142
106.929143	0.005465	0.008437	-0.138058
107.028805	0.004410	0.000192	-0.142948
107.128469	0.002780	-0.005369	-0.143140
107.228136	0.002397	-0.004506	-0.142468
107.327805	0.001917	0.001534	-0.141701
107.427468	0.001438	0.005657	-0.141126
107.527137	0.001726	0.002780	-0.140551
107.626806	0.001917	0.004890	-0.141797
107.726494	0.001342	0.006040	-0.141797
107.826123	0.001150	0.000288	-0.141989
107.925803	0.000096	-0.002397	-0.142181
108.025480	-0.000479	0.000767	-0.140934
108.125144	-0.000575	0.006615	-0.140455
108.224801	-0.000959	0.003547	-0.139209
108.324479	-0.000383	-0.000000	-0.138825
108.523798	-0.000192	-0.001534	-0.139401
108.623461	0.000192	-0.008820	-0.139880
108.723119	0.000575	-0.009875	-0.139209
108.822825	-0.000192	-0.007191	-0.133456
108.922460	-0.000383	0.000192	-0.125211
109.022112	-0.000192	-0.000863	-0.120897
109.121786	0.000863	-0.005848	-0.120034
109.221451	0.001630	-0.005561	-0.120609
109.321090	0.001055	0.000767	-0.121472
109.420782	0.001246	-0.003835	-0.121951
109.520442	0.000288	-0.011313	-0.120609
109.620114	-0.000671	-0.015052	-0.113035
109.719758	-0.000959	-0.015148	-0.101147
109.819466	-0.001917	-0.011984	-0.083602
109.919091	-0.001246	-0.004506	-0.070467
110.018760	0.000096	0.005752	-0.063948
110.118465	0.000383	0.006519	-0.062222
110.218109	0.001246	0.004410	-0.062797
110.317771	0.000192	0.000383	-0.063373
110.417430	-0.000863	0.000575	-0.062989
110.517101	-0.001055	0.005177	-0.062030
110.616751	-0.001438	0.003068	-0.060400
110.716421	-0.000863	0.001822	-0.059921
110.816124	0.000288	0.007191	-0.060688
110.915771	-0.000288	0.006424	-0.061743
111.015443	-0.000288	0.001342	-0.061647
111.115167	-0.001055	0.001246	-0.062222
111.214795	-0.002876	0.002972	-0.056278
111.314481	-0.003260	0.005561	-0.047458
111.414151	-0.003068	0.002780	-0.043143
111.513811	-0.002205	-0.002493	-0.042760
111.613489	-0.001342	-0.002013	-0.042760
111.713180	-0.001438	0.005177	-0.044006
111.812811	-0.001534	0.000959	-0.044102
111.912497	-0.001630	-0.007958	-0.045444
112.012172	-0.002780	-0.011697	-0.044485
112.111828	-0.002876	-0.009683	-0.043527
112.211512	-0.003164	-0.003068	-0.042568
112.311146	-0.002780	0.002397	-0.043047
112.410811	-0.001055	0.002876	-0.048033
112.510484	-0.000383	0.004698	-0.060880
112.610164	-0.000096	-0.001630	-0.071330
112.709800	-0.000575	-0.005561	-0.076987
112.809473	-0.002397	-0.003260	-0.077083
112.909138	-0.002684	0.002205	-0.076411
113.008785	-0.002780	0.001726	-0.075165
113.108470	-0.002589	0.000767	-0.073727
113.307798	-0.001055	0.002780	-0.075165
113.407431	-0.000959	-0.004123	-0.074877
113.507129	-0.000767	-0.006519	-0.075932
113.606792	-0.002301	-0.002684	-0.076220
113.706471	-0.002589	-0.000479	-0.075165
113.806119	-0.002684	-0.003835	-0.073439
113.905773	-0.002876	-0.003260	-0.068454
114.005466	-0.002013	0.003451	-0.061743
114.105151	-0.001055	0.003643	-0.060688
114.204789	-0.000575	-0.004698	-0.060496
114.304452	-0.000096	-0.008629	-0.061647
114.503798	-0.001822	-0.003739	-0.060880
114.603503	-0.001917	-0.007574	-0.059346
114.703101	-0.001822	-0.008245	-0.058579
114.802764	-0.000767	-0.003835	-0.058004
114.902460	-0.000288	0.002013	-0.058771
115.002137	-0.000479	-0.005657	-0.058195
115.101798	-0.000096	-0.014381	-0.053785
115.201429	-0.001438	-0.018216	-0.048512
115.301099	-0.001630	-0.017161	-0.046691
115.400807	-0.001630	-0.012655	-0.045828
115.500467	-0.001822	-0.003451	-0.044773
115.600088	-0.000863	0.000959	-0.043718
115.699741	0.000288	0.002109	-0.045061
115.799436	0.000863	-0.003739	-0.051484
115.899077	0.002013	-0.009492	-0.062701
115.998760	0.000959	-0.009875	-0.075549
116.098422	0.000096	-0.008437	-0.082547
116.198092	-0.000000	-0.010738	-0.084273
116.300584	-0.000575	-0.011792	-0.082260
116.397445	-0.000096	-0.008341	-0.081493
116.497094	0.000575	0.000479	-0.082260
116.596791	0.000192	-0.004985	-0.083027
116.696451	0.001055	-0.016299	-0.083314
116.796149	0.000383	-0.023201	-0.085232
116.895810	0.000192	-0.024064	-0.091176
116.995483	0.000288	-0.020229	-0.097024
117.095162	-0.000575	-0.013998	-0.097408
117.194837	-0.000383	-0.003739	-0.096833
117.294492	0.000383	0.001822	-0.096928
117.394162	0.000575	-0.004794	-0.097024
117.493851	0.001438	-0.011505	-0.098367
117.593521	0.001342	-0.012176	-0.104502
117.693198	0.000671	-0.007286	-0.114090
117.792847	0.000671	-0.003739	-0.123102
117.892516	-0.000383	-0.005273	-0.125115
117.992200	-0.000383	-0.003547	-0.124636
118.091851	-0.000096	0.003164	-0.124444
118.191518	-0.000000	-0.001534	-0.124540
118.291156	0.000575	-0.009492	-0.125307
118.390846	0.000383	-0.011217	-0.126074
118.490531	-0.000767	-0.007286	-0.125786
118.590170	-0.000863	-0.002876	-0.123390
118.689855	-0.001822	-0.005944	-0.114953
118.789507	-0.001246	-0.007191	-0.107954
118.889120	-0.000000	-0.002684	-0.106612
118.988774	0.000288	0.000671	-0.106612
119.088448	0.000863	-0.003068	-0.108050
119.188136	0.000767	-0.003068	-0.108433
119.287770	-0.000192	-0.002397	-0.108337
119.387406	0.000096	-0.008820	-0.107570
119.487064	-0.000383	-0.013326	-0.106228
119.586730	-0.000096	-0.013710	-0.105174
119.686452	0.000288	-0.009587	-0.102681
119.786031	-0.000383	0.000671	-0.095970
119.885681	0.000096	-0.002109	-0.093573
119.985357	0.000575	-0.007670	-0.094340
120.085013	-0.000767	-0.007191	-0.094819
120.184657	-0.001150	-0.003356	-0.093765
120.284317	-0.001917	-0.004698	-0.092614
120.383968	-0.001630	-0.004123	-0.091655
120.583280	-0.000096	-0.001630	-0.091368
120.682921	0.000479	-0.012368	-0.092326
120.782617	0.001150	-0.018312	-0.091080
120.882271	0.000383	-0.018983	-0.085040
120.981903	-0.000192	-0.014956	-0.077178
121.081556	-0.000479	-0.006711	-0.074782
121.181208	-0.000192	0.001917	-0.073919
121.280862	0.000767	0.004410	-0.073535
121.380513	0.001246	0.001917	-0.072960
121.480200	0.001822	-0.002684	-0.074398
121.579842	0.001917	-0.001726	-0.075453
121.679503	0.000767	-0.000288	-0.076028
121.779168	0.000383	-0.004506	-0.074398
121.878801	-0.000000	-0.006424	-0.073727
121.978460	-0.000288	-0.002780	-0.072289
122.078121	0.000096	0.002972	-0.071618
122.177825	0.000863	-0.001822	-0.071522
122.277457	0.001055	-0.005657	-0.072864
122.377110	0.001534	-0.003547	-0.073535
122.476761	0.000383	0.001342	-0.074206
122.576446	-0.000192	-0.003931	-0.073631
122.676089	-0.000383	-0.008916	-0.072576
122.775744	-0.000671	-0.008916	-0.070851
122.875408	0.000096	-0.003164	-0.070563
122.975050	0.000479	0.004314	-0.070659
123.074711	0.000863	-0.001246	-0.071330
123.174356	0.001438	-0.006807	-0.072097
123.273994	0.000479	-0.005561	-0.072960
123.373663	-0.000383	-0.001917	-0.072864
123.473315	-0.000767	-0.005369	-0.072481
123.572978	-0.000767	-0.008149	-0.077178
123.672608	0.000575	-0.004985	-0.086862
123.772268	0.000671	-0.001342	-0.092806
123.871915	0.001150	-0.004123	-0.092998
123.971572	0.001534	-0.004985	-0.094915
124.071245	0.000671	-0.000096	-0.095490
124.170888	-0.000000	-0.004602	-0.095203
124.270537	0.000000	-0.009971	-0.094244
124.370191	-0.000575	-0.010930	-0.093093
124.469854	0.000192	-0.006328	-0.092518
124.569499	0.000383	0.002684	-0.092231
124.669199	0.000575	0.000096	-0.092039
124.768798	0.001246	-0.002013	-0.093860
124.868464	0.000671	-0.000288	-0.093956
124.968132	-0.000096	-0.004698	-0.093765
125.067773	-0.000192	-0.008341	-0.093285
125.167430	-0.000959	-0.006615	-0.092231
125.366771	-0.000096	0.000575	-0.086095
125.466438	0.000767	-0.007382	-0.078137
125.566117	0.001917	-0.009108	-0.076316
125.665741	0.001726	-0.005848	-0.076316
125.765402	0.001150	-0.004890	-0.076891
125.865073	0.000959	-0.009683	-0.076411
125.964723	0.000288	-0.010642	-0.074877
126.064416	0.000863	-0.007478	-0.073727
126.164004	0.001246	0.001055	-0.073919
126.263706	0.001150	0.001246	-0.073631
126.363356	0.001822	0.000767	-0.075069
126.462994	0.001150	0.000479	-0.075453
126.562677	0.000479	-0.005944	-0.076124
126.662372	-0.000096	-0.009683	-0.075357
126.762013	-0.001055	-0.008341	-0.074206
126.861644	-0.000959	-0.002780	-0.073152
126.961285	0.000288	-0.001342	-0.072672
127.060959	0.000767	-0.002205	-0.072289
127.160599	0.001438	0.000671	-0.073823
127.260251	0.001246	-0.002397	-0.074110
127.359890	0.000863	-0.008053	-0.076891
127.459624	0.000863	-0.008820	-0.084081
127.559202	0.000288	-0.003835	-0.092614
127.658872	0.000192	0.001055	-0.095586
127.758534	0.000288	-0.001917	-0.095203
127.858186	0.000383	-0.001534	-0.094915
127.957829	0.000959	0.002493	-0.095586
128.057473	0.001150	-0.002397	-0.097024
128.157144	0.000767	-0.009396	-0.096928
128.256797	0.000383	-0.010163	-0.096737
128.356460	-0.000383	-0.004890	-0.095970
128.456131	-0.001150	0.004123	-0.094819
128.555778	-0.000192	0.002013	-0.094436
128.655435	0.000096	0.000096	-0.093669
128.755083	0.000767	0.006040	-0.094052
128.854724	0.001150	0.000959	-0.095490
128.954392	0.001055	-0.008245	-0.095299
129.054029	0.000863	-0.011121	-0.095490
129.153691	0.000096	-0.008149	-0.094244
129.253338	-0.000288	0.000096	-0.092998
129.353005	0.000767	0.001534	-0.092998
129.452657	0.000863	-0.000959	-0.092518
129.552306	0.001630	0.003931	-0.092231
129.651946	0.002109	-0.000863	-0.093573
129.751586	0.002397	-0.013422	-0.093860
129.851218	0.002013	-0.020325	-0.093669
129.950902	0.001630	-0.018216	-0.092326
130.050537	0.000959	-0.011984	-0.091368
130.150184	0.001630	-0.000767	-0.091559
130.249817	0.001438	0.001822	-0.091176
130.349467	0.002301	0.001342	-0.091176
130.449072	0.002780	0.001917	-0.092039
130.548742	0.002493	-0.006136	-0.092326
130.648400	0.002205	-0.010546	-0.092231
130.748041	0.001342	-0.009396	-0.091368
130.847676	0.000671	-0.002013	-0.090792
130.947328	0.001342	0.000863	-0.090697
131.046983	0.001342	-0.001246	-0.088683
131.146628	0.001534	0.002780	-0.083027
131.246292	0.002205	-0.002972	-0.072385
131.345941	0.002109	-0.020709	-0.067303
131.445572	0.002589	-0.015532	-0.067495
131.545231	0.001534	-0.003164	-0.066920
131.644878	0.000767	-0.002301	-0.065961
131.744518	0.001630	-0.005657	-0.064523
131.844163	0.001534	-0.004602	-0.064523
132.043474	0.002493	0.002301	-0.065769
132.143123	0.001917	-0.009587	-0.065290
132.242774	0.001630	-0.015819	-0.063468
132.342434	0.000192	-0.016203	-0.055223
132.442082	-0.000863	-0.010354	-0.046595
132.541712	0.000096	-0.000383	-0.043623
132.641399	0.000288	0.002013	-0.043335
132.741012	0.001246	0.003164	-0.045732
132.840659	0.002972	-0.001055	-0.054360
132.940287	0.003068	-0.010642	-0.067687
133.039945	0.004314	-0.013518	-0.081780
133.139619	0.003068	-0.010834	-0.091176
133.239263	0.001726	-0.003835	-0.094532
133.338914	0.001342	-0.002684	-0.093956
133.438579	0.001342	-0.001630	-0.094052
133.538233	0.001438	0.003068	-0.093093
133.637918	0.002109	-0.000000	-0.093093
133.737587	0.002301	-0.008149	-0.094915
133.837247	0.002109	-0.011409	-0.094532
133.936920	0.001438	-0.009108	-0.094627
134.036603	0.000479	-0.003356	-0.093956
134.136259	0.000671	-0.004123	-0.092614
134.235929	0.001150	-0.003643	-0.092614
134.335657	0.001055	0.003164	-0.092231
134.435303	0.001438	0.005848	-0.091847
134.534945	0.000959	-0.002493	-0.094915
134.634595	0.000383	-0.008437	-0.094148
134.734241	-0.000383	-0.008341	-0.094723
134.833917	-0.001630	-0.002109	-0.093860
134.933549	-0.001630	0.000288	-0.092614
135.033216	-0.001342	0.001246	-0.092422
135.132906	-0.001630	0.006615	-0.091655
135.232539	-0.000671	0.002876	-0.092039
135.332191	-0.000479	-0.003931	-0.093285
135.431873	-0.000479	-0.006136	-0.093189
135.531523	-0.000959	-0.001438	-0.093765
135.631179	-0.001822	-0.002397	-0.093285
135.730863	-0.001438	-0.007382	-0.093573
135.830516	-0.000383	-0.008437	-0.100284
135.930172	-0.000288	-0.004890	-0.111597
136.029826	0.001342	-0.000096	-0.128950
136.129502	0.002013	-0.002397	-0.152343
136.229166	0.002109	-0.004985	-0.177175
136.328829	0.001342	-0.001726	-0.197021
136.428485	0.000671	-0.004602	-0.211593
136.528183	0.000383	-0.008053	-0.221085
136.627854	-0.000575	-0.005752	-0.225879
136.727514	-0.001055	0.003356	-0.226454
136.827142	-0.002205	0.000000	-0.220126
136.926799	-0.001630	-0.008437	-0.210155
137.026458	-0.001438	-0.009492	-0.195583
137.126110	-0.001917	-0.004218	-0.175833
137.225770	-0.002493	-0.004602	-0.152248
137.325411	-0.001630	-0.009683	-0.133360
137.425119	-0.000288	-0.011505	-0.119746
137.624387	0.002397	-0.002301	-0.107570
137.724036	0.003643	-0.006328	-0.108242
137.823678	0.003835	-0.018312	-0.108433
137.923319	0.004314	-0.023489	-0.108817
138.022997	0.003164	-0.020996	-0.108529
138.122635	0.002876	-0.014285	-0.107379
138.222287	0.002972	-0.005081	-0.107091
138.321913	0.002780	0.002013	-0.106324
138.421545	0.003451	-0.000192	-0.106132
138.521193	0.004314	-0.004314	-0.106228
138.620817	0.004410	-0.005177	-0.107091
138.720486	0.004794	-0.000767	-0.107762
138.820154	0.003931	-0.004890	-0.107666
138.919793	0.003835	-0.010258	-0.105941
139.019488	0.004218	-0.012655	-0.105461
139.119214	0.002972	-0.010354	-0.106132
139.218805	0.002109	-0.002013	-0.105365
139.318413	0.002397	0.000096	-0.105174
139.418066	0.002493	-0.009492	-0.106132
139.517681	0.002301	-0.015819	-0.100572
139.617339	0.000863	-0.015915	-0.090313
139.716989	-0.000096	-0.011217	-0.080534
139.816653	0.000479	-0.001534	-0.076795
139.916289	0.000671	0.002780	-0.076795
140.015945	0.001246	0.002013	-0.075644
140.115610	0.002205	-0.002205	-0.075644
140.215275	0.002013	-0.006424	-0.076987
140.314945	0.001917	-0.005081	-0.076891
140.414613	0.000959	-0.004506	-0.076411
140.514251	-0.000671	-0.009300	-0.068646
140.614000	-0.000479	-0.012464	-0.059058
140.713614	-0.000096	-0.012176	-0.054360
140.813187	0.000479	-0.007191	-0.054073
140.912898	0.001342	0.000192	-0.054552
141.012544	0.000959	-0.004506	-0.055607
141.112203	0.001150	-0.009779	-0.055319
141.211875	0.000479	-0.009492	-0.055990
141.311541	-0.000959	-0.005657	-0.055032
141.411198	-0.000671	-0.005081	-0.054073
141.510854	-0.000767	-0.001630	-0.054169
141.610513	-0.000767	0.002972	-0.052922
141.710196	0.000096	-0.001726	-0.052922
141.809848	0.000096	-0.004698	-0.053593
141.909542	0.000096	-0.001342	-0.054360
142.009207	0.000383	-0.009012	-0.054744
142.108841	-0.000767	-0.020325	-0.053210
142.208577	-0.000288	-0.025598	-0.051964
142.308203	-0.000383	-0.012176	-0.052251
142.407861	-0.000767	0.010738	-0.051101
142.507525	-0.000383	0.008437	-0.051868
142.607177	0.000096	0.007574	-0.052155
142.706902	0.000288	0.014285	-0.051964
142.806525	0.000383	0.012847	-0.051964
142.906199	0.000192	0.017161	-0.051580
143.005839	0.000288	0.015723	-0.051964
143.105507	0.000479	0.011792	-0.051964
143.205161	0.000383	0.015148	-0.052059
143.304832	0.000288	0.014381	-0.051772
143.404497	0.000383	0.012272	-0.052155
143.504163	0.000479	0.012847	-0.051964
143.603810	0.000479	0.011505	-0.052155
143.703455	0.000575	0.010738	-0.052251
143.803128	0.000575	0.009971	-0.052059
143.902791	0.000575	0.009300	-0.051964
144.002340	0.000671	0.008629	-0.052251
144.102121	0.000671	0.008053	-0.052155
144.201774	0.000767	0.007382	-0.052059
144.301341	0.000863	0.006807	-0.052059
144.400998	0.000863	0.006328	-0.052059
144.500661	0.000959	0.005752	-0.052059
144.600317	0.000959	0.005273	-0.052059
144.699976	0.001055	0.004794	-0.052059
144.799628	0.001055	0.004410	-0.052059
144.899292	0.001150	0.004027	-0.052059
144.998941	0.001150	0.003643	-0.052059
145.098599	0.001150	0.003260	-0.052059
145.198281	0.001246	0.002972	-0.052059
145.297907	0.001246	0.002684	-0.052059
145.397555	0.001246	0.002301	-0.052059
145.497241	0.001246	0.002013	-0.052059
145.596880	0.001342	0.001822	-0.052059
145.696538	0.001342	0.001534	-0.052059
145.796173	0.001342	0.001246	-0.052059
145.895830	0.001342	0.001055	-0.052059
145.995509	0.001438	0.000863	-0.052059
146.095149	0.001438	0.000575	-0.052059
146.194811	0.001438	0.000383	-0.052059
146.294451	0.001438	0.000288	-0.052059
146.394114	0.001534	0.000096	-0.052059
146.493761	0.001534	-0.000096	-0.052059
146.593499	0.001534	-0.000192	-0.052059
146.693089	0.001534	-0.000383	-0.052059
146.792752	0.001534	-0.000479	-0.052059
146.892408	0.001534	-0.000575	-0.052059
146.992069	0.001534	-0.000767	-0.052059
147.091727	0.001534	-0.000863	-0.052059
147.191382	0.001534	-0.000959	-0.052059
147.291034	0.001630	-0.001055	-0.052059
147.390748	0.001630	-0.001150	-0.052059
147.490356	0.001630	-0.001246	-0.052059
147.590034	0.001630	-0.001342	-0.052059
147.689702	0.001630	-0.001342	-0.052059
147.789334	0.001630	-0.001438	-0.052059
147.889001	0.001726	-0.001534	-0.052059
147.988698	0.001726	-0.001630	-0.052059
148.088306	0.001726	-0.001630	-0.052059
148.187981	0.001726	-0.001726	-0.052059
148.287642	0.001726	-0.001822	-0.052059
148.387294	0.001726	-0.001822	-0.052059
148.486962	0.001726	-0.001822	-0.052059
148.586633	0.001726	-0.001917	-0.052059
148.686300	0.001726	-0.001917	-0.052059
148.785974	0.001726	-0.002013	-0.052059
148.885605	0.001726	-0.002013	-0.052059
148.985287	0.001726	-0.002109	-0.052059
149.084941	0.001726	-0.002109	-0.052059
149.184583	0.001726	-0.002109	-0.052059
149.284272	0.001726	-0.002205	-0.052059
149.383905	0.001726	-0.002205	-0.052059
149.483566	0.001726	-0.002205	-0.052059
149.583220	0.001726	-0.002301	-0.052059
149.682952	0.001726	-0.002301	-0.052059
149.782584	0.001726	-0.002301	-0.052059
149.882224	0.001726	-0.002397	-0.052059
149.981877	0.001726	-0.002397	-0.052059
150.081533	0.001726	-0.002397	-0.052059
150.181191	0.001726	-0.002397	-0.052059
150.280872	0.001726	-0.002397	-0.052059
150.380512	0.001726	-0.002493	-0.052059
150.480201	0.001726	-0.002493	-0.052059
150.579862	0.001726	-0.002493	-0.052059
150.679497	0.001822	-0.002493	-0.052059
150.779154	0.001822	-0.002493	-0.052059
150.878801	0.001822	-0.002493	-0.052059
150.978485	0.001822	-0.002493	-0.052059
151.078172	0.001822	-0.002589	-0.052059
151.177815	0.001822	-0.002589	-0.052059
151.277475	0.001822	-0.002589	-0.052059
151.377119	0.001822	-0.002589	-0.052059
151.476801	0.001822	-0.002589	-0.052059
151.576481	0.001822	-0.002589	-0.052059
151.676128	0.001822	-0.002589	-0.052059
151.775784	0.001822	-0.002589	-0.052059
151.875453	0.001822	-0.002589	-0.052059
151.975147	0.001822	-0.002589	-0.052059
152.074815	0.001822	-0.002684	-0.052059
152.174494	0.001822	-0.002684	-0.052059
152.274137	0.001822	-0.002684	-0.052059
152.373801	0.001822	-0.002684	-0.052059
152.473456	0.001822	-0.002684	-0.052059
152.573117	0.001917	-0.002684	-0.052059
152.672796	0.001917	-0.002684	-0.052059
152.772447	0.001917	-0.002684	-0.052059
152.872127	0.001917	-0.002684	-0.052059
152.971808	0.001917	-0.002684	-0.052059
153.071467	0.001917	-0.002684	-0.052059
153.171119	0.001917	-0.002684	-0.052059
153.270772	0.001917	-0.002684	-0.052059
153.370518	0.001917	-0.002684	-0.052059
153.470133	0.001917	-0.002780	-0.052059
153.569795	0.001917	-0.002780	-0.052059
153.669453	0.001917	-0.002780	-0.052059
153.769108	0.001917	-0.002780	-0.052059
153.868787	0.001917	-0.002780	-0.052059
153.968427	0.001917	-0.002780	-0.052059
154.068101	0.001822	-0.002780	-0.052059
154.167765	0.001822	-0.002780	-0.052059
154.267420	0.001822	-0.002780	-0.052059
154.367068	0.001822	-0.002780	-0.052059
154.466773	0.001822	-0.002780	-0.052059
154.566407	0.001822	-0.002780	-0.052059
154.666090	0.001822	-0.002780	-0.052059
154.765726	0.001822	-0.002780	-0.052059
154.865392	0.001822	-0.002780	-0.052059
154.965062	0.001822	-0.002780	-0.052059
155.064757	0.001822	-0.002780	-0.052059
155.164388	0.001822	-0.002780	-0.052059
155.264051	0.001822	-0.002780	-0.052059
155.363703	0.001822	-0.002780	-0.052059
155.463360	0.001822	-0.002780	-0.052059
155.563025	0.001822	-0.002780	-0.052059
155.662671	0.001822	-0.002780	-0.052059
155.762319	0.001822	-0.002780	-0.052059
155.862000	0.001822	-0.002780	-0.052059
155.961661	0.001822	-0.002780	-0.052059
156.061311	0.001822	-0.002780	-0.052059
156.160960	0.001822	-0.002780	-0.052059
156.260626	0.001822	-0.002780	-0.052059
156.360272	0.001822	-0.002780	-0.052059
156.459972	0.001822	-0.002780	-0.052059
156.559577	0.001822	-0.002684	-0.052059
156.659232	0.001822	-0.002684	-0.052059
156.758886	0.001822	-0.002684	-0.052059
156.858567	0.001822	-0.002684	-0.052059
156.958178	0.001822	-0.002780	-0.052059
157.057822	0.001822	-0.002780	-0.052059
157.157481	0.001822	-0.002780	-0.052059
157.257135	0.001822	-0.002780	-0.052059
157.356781	0.001822	-0.002780	-0.052059
157.456418	0.001822	-0.002780	-0.052059
157.556143	0.001822	-0.002780	-0.052059
157.655723	0.001822	-0.002780	-0.052059
157.755368	0.001822	-0.002780	-0.052059
