0.0	0.2226484117184447	0.015928679180549764
0.1	0.2280647924205433	0.01540474636802538
0.2	0.23459435738957213	0.01573906099529377
0.3	0.24053362765615932	0.016092334181258487
0.4	0.24654030306069957	0.015549442810037778
0.5	0.25251327589626327	0.015454633717409781
0.6	0.2596911829939339	0.01493330560779392
0.7	0.2715505527705647	0.01441368201829248
0.8	0.28686931422844586	0.0146079678546053
0.9	0.28935314178201493	0.014205484282687754
1.0	0.28007730399048925	0.014579459963243863
1.1	0.2854201302243148	0.005821564623556907
1.2	0.28855323379015285	0.014020681023823194
1.3	0.29452859302895906	0.013930145277780675
1.4	0.2594382945523049	0.005719145937651203
1.5	0.2608812007118727	0.018973826283720546
1.6	0.25625715641403607	0.014238782465919943
1.7	0.2622313637099887	0.014146159096990445
1.8	0.24529599376016584	0.005691817321251565
1.9	0.24552862572114906	0.013780261332561017
2.0	0.24444513786291835	0.014105492354011217
2.1	0.24627652494407612	0.005283633306787515
2.2	0.2435043079370536	0.014049238077369882
2.3	0.24300093386813004	0.014383938291726914
2.4	0.24023965371752	0.013936131941238621
2.5	0.24189188864339903	0.009714841040120891
2.6	0.2402811421392858	0.00938946534877053
2.7	0.23947801497417978	0.013373475714508105
2.8	0.23663174734513331	0.0051580162747568905
2.9	0.23499195372529286	0.005497775890394886
3.0	0.23082091085856066	0.009301583361575971
3.1	0.22770407775007104	0.012891907749123568
3.2	0.2269821290547397	0.009023283927588555
3.3	0.22676549502312676	0.01284112891772787
3.4	0.22684169891532846	0.00530739239273208
3.5	0.2273542428355732	0.00895145702233143
3.6	0.2233614995382904	0.009180195553152469
3.7	0.22466095058370794	0.009128505987076919
3.8	0.22598073374370423	0.00881779515754023
3.9	0.22729959796503243	0.008520504310227914
4.0	0.2262367968905363	0.008724693601207908
4.1	0.22227127441007621	0.008514825552882122
4.2	0.22179393559897492	0.008715392060003034
4.3	0.21665704871334027	0.008511100581358351
4.4	0.2150633524172576	0.008016228643400904
4.5	0.0	0.014356682827650253
4.6	0.0	0.014291603690304655
4.7	0.1972	-6.76923076923113e-05
4.8	0.1996605879010959	0.005190975782190968
4.9	0.19746666666666668	-0.0001353846153846188
5.0	0.20288	-0.0001353846153846188
5.1	0.2200032930330085	0.004999084672928036
5.2	0.22600174404627815	0.004976363267574742
5.3	0.23200019505954783	0.004953641862221448
5.4	0.23799864607281748	0.004930920456868154
5.5	0.2005988608497714	0.004823355540754984
5.6	0.20542302994516126	0.004919910860732156
5.7	0.20611475153177855	-0.005259385092367378
5.8	0.20862359152486262	0.004654917705616071
5.9	0.1940949446640457	0.004700299279220728
6.0	0.20117988400254708	0.009915877802378018
6.1	0.20198173192151303	0.0047273481619867315
6.2	0.20328878936621328	0.004599462556915913
6.3	0.1987277236055984	0.004699673951062165
6.4	0.20943999999999996	-0.0002707692307692331
6.5	0.21421126291156792	-0.005191793411732978
6.6	0.21379430971796204	0.004567218933736778
6.7	0.20391198276614622	-0.005353960834890484
6.8	0.20291894667692392	0.0044807211830181
6.9	0.20472465743683632	0.009256484198804578
7.0	0.20436276466771636	0.0042720660671952465
7.1	0.20390514538239668	0.004594944008599516
7.2	0.20521233648651446	0.004459475265908783
7.3	0.20241217826315916	0.004446714996649278
7.4	0.20256	-0.00047384615384615526
7.5	0.1985866666666667	-0.0004738461538461551
7.6	0.19813333333333338	-0.000473846153846155
7.7	0.19766518529676788	0.004277544871229646
7.8	0.20067194605010147	-0.005363671600577527
7.9	0.20203663215208023	0.004240986360414069
8.0	0.2044566446314356	-0.0053260888528494
8.1	0.20231999999999994	-0.000406153846153847
8.2	0.20418693833153187	0.004481005269790371
8.3	0.2025866666666667	-0.0004061538461538467
8.4	0.20445830696772002	0.004267192136434819
8.5	0.2046133333333333	-0.00047384615384615434
8.6	0.20591999999999996	-0.00047384615384615434
8.7	0.20546666666666658	-0.00047384615384615423
8.8	0.2061866666666667	-0.0004738461538461541
8.9	0.2033866666666667	-0.00047384615384615396
9.0	0.20293333333333338	-0.0004738461538461539
9.1	0.1983482885241219	0.004161786721934752
9.2	0.19967999999999997	-0.00040615384615384596
9.3	0.19973645274269206	-0.004940377617927125
9.4	0.20280502384199783	-0.004816537324292535
9.5	0.20410452421807004	-0.005011588720179603
9.6	0.20486482852307647	0.004276636149487999
9.7	0.20438157674462762	-0.004735038735391299
9.8	0.20458666666666675	-0.0002030769230769225
9.9	0.20409208266249934	0.0041270467168722695
10.0	0.2065351500302097	-0.004751879387534242
10.1	0.2061165445643822	0.004233201582053173
10.2	0.20742485492792048	0.0041092895951460266
10.3	0.20458693537400383	-0.004705906456863603
10.4	0.20534395303422437	0.004079573353231313
10.5	0.2013328952959696	-0.004677588782747456
10.6	0.2002957051591967	-0.0045629653962262215
10.7	0.19811493109535788	0.004008148980966919
10.8	0.19946666666666665	-0.00020307692307692155
10.9	0.20077333333333336	-0.0002030769230769215
11.0	0.20317366537115425	-0.004527198201060694
11.1	0.2021396407646607	-0.004320915244044035
11.2	0.20293333333333324	-0.00020307692307692125
11.3	0.20183719402749167	0.004074274565839399
11.4	0.20253787090966507	-0.0042743121124528514
11.5	0.20562896944654113	0.0038735328683313173
11.6	0.20639999999999997	-0.0002707692307692287
11.7	0.20770666666666668	-0.00027076923076922856
11.8	0.20661637575990027	0.003734215085942147
11.9	0.2061625415730361	0.0037193489447538944
12.0	0.20160518397749866	0.0036226849400468196
12.1	0.19994760917014853	-0.004169580888126275
12.2	0.1965648965566765	-0.004090348769600673
12.3	0.1967189720601014	0.0036364362384772655
12.4	0.19802493454718467	0.003620283070901684
12.5	0.2010791351129315	-0.003805328186189404
12.6	0.2000327673420625	-0.003957162923386993
12.7	0.2007581351538112	-0.0037762209847351114
12.8	0.1986133333333333	-6.769230769230446e-05
12.9	0.19933333333333336	-6.769230769230438e-05
13.0	0.19997716330020257	-0.0038956936506075565
13.1	0.20253333333333343	-0.00013538461538461195
13.2	0.2025849509216144	-0.003929659109559593
13.3	0.20330764367906212	-0.003831366106122487
13.4	0.2093062264120056	-0.0038096321107132717
13.5	0.21530480914494912	-0.003787898115304056
13.6	0.18540045909105293	-0.0037640021674633676
13.7	0.1849475874272925	-0.003870543166257538
13.8	0.1832533333333334	0.001489230769230766
13.9	0.18463058851349953	-0.0037710205025364017
14.0	0.1852799999999999	0.0015569230769230738
14.1	0.18998553467022167	0.006726634456936263
14.2	0.18613333333333323	0.0015569230769230738
14.3	0.18849456062153414	0.006582734629189654
14.4	0.18705696358734558	-0.003500804452296757
14.5	0.18836191237082203	-0.0033700977138787615
14.6	0.19018666666666662	0.0015569230769230745
14.7	0.19273091551944982	-0.0036325755856975958
14.8	0.19385490749418455	0.0064320096977524875
14.9	0.19398423261925005	0.00652841095071908
15.0	0.19529354939458493	0.006399604471340748
15.1	0.19659944791331735	0.006382733622126069
15.2	0.19163044872699753	-0.0036210985637243932
15.3	0.19158633075649253	0.006400570835397357
15.4	0.1893727531238256	0.006387417137618997
15.5	0.19026836204715963	-0.0034594092949606307
15.6	0.1909917522341449	-0.003375130719077528
15.7	0.19347028894597884	-0.003247382928842569
15.8	0.19165923816653924	0.0063895254401961305
15.9	0.19355167485684047	0.006371587888630304
16.0	0.19210957323814548	-0.003424035767467707
16.1	0.1933600000000001	0.0015569230769230755
16.2	0.19453241742899544	0.006435610909244426
16.3	0.19714666666666678	0.0014892307692307679
16.4	0.19832140216038588	0.006331193258228303
16.5	0.1996272275822143	0.00631353800167381
16.6	0.19800020754319725	0.006299379164615737
16.7	0.19596283795463057	-0.0034421596668969537
16.8	0.19299460172046606	0.006095236475685334
16.9	0.19622821242961078	-0.003409646289385104
17.0	0.19401472601776507	-0.0032867569838831616
17.1	0.19397109099329532	0.006223689992030383
17.2	0.19604397942034182	-0.0031852242641181566
17.3	0.19793629526730536	-0.003275512396454266
17.4	0.19689564127111386	-0.0033736752520203955
17.5	0.1982018486429871	-0.00313551205552422
17.6	0.19653333333333342	0.001489230769230769
17.7	0.1967073369407587	-0.0032125834931284176
17.8	0.19977286963909435	-0.0031928303848760735
17.9	0.2010786950609225	-0.0031751751283215814
18.0	0.2041400320558626	-0.003223130590177807
18.1	0.20661992993895367	-0.0029986121787261397
18.2	0.20323226834650457	-0.003192015780464525
18.3	0.20277838649182575	-0.0031764583756078834
18.4	0.1970453828076249	-0.003167194525844798
18.5	0.19600957045644823	-0.002980739216487216
18.6	0.19672886019733007	-0.002964168480289237
18.7	0.19862173611703254	-0.0028477222982945093
18.8	0.19754666666666673	0.00148923076923077
18.9	0.19947272197497865	-0.003016104660258751
19.0	0.1978457019359616	-0.0030019458232006776
19.1	0.19915216195231925	-0.002882681614667191
19.2	0.20218666666666663	0.0014892307692307703
19.3	0.19981885997552853	0.005930254990012185
19.4	0.20072345770025463	-0.0028336528137571796
19.5	0.20434666666666665	0.0014215384615384628
19.6	0.20858666666666684	0.0014215384615384628
19.7	0.20111831565472468	-0.0027587492116876726
19.8	0.20183679579354877	-0.002837127931702161
19.9	0.19903664468617183	-0.0028246576416077257
20.0	0.19917023552560034	-0.002714819024131723
20.1	0.1957882161393616	-0.0025459682683343365
20.2	0.19885232045608175	-0.00270997122406436
20.3	0.19957716436508047	-0.0024439458806714753
20.4	0.20264211572703916	-0.002513926020536651
20.5	0.19573663207289155	-0.0024181284112730515
20.6	0.2017352148058352	-0.002396394415863835
20.7	0.19248522098263132	-0.002503319794330926
20.8	0.1984836719959011	-0.0024805983889776314
20.9	0.19917333333333326	0.0015569230769230794
21.0	0.20461173115411188	-0.002419383285336667
21.1	0.20122197341320258	-0.0023894245546888693
21.2	0.1995733333333335	0.001489230769230772
21.3	0.2032266666666665	0.001489230769230772
21.4	0.2068799999999998	0.0014892307692307722
21.5	0.18826870799107254	-0.0022933830862254165
21.6	0.19426722705806235	-0.0022711663489402697
21.7	0.18677990844537617	-0.0020312228797732057
21.8	0.19101725782625817	-0.0021763998532176067
21.9	0.1817333333333333	0.0016923076923076959
22.0	0.18538666666666687	0.0016923076923076959
22.1	0.19138666666666673	0.0016923076923076959
22.2	0.1973866666666666	0.0016923076923076959
22.3	0.17395786026607757	-0.0027236075003891393
22.4	0.1770197877529525	-0.0025677125217811124
22.5	0.1705333333333332	0.002910769230769227
22.6	0.17653333333333335	0.002910769230769227
22.7	0.16824558262865827	0.008419234092787123
22.8	0.1724896030085111	0.008270028496443682
22.9	0.168290568000679	-0.0024364290495449484
23.0	0.17428894615985993	-0.0024131795217961854
23.1	0.16957333333333333	0.002910769230769228
23.2	0.17303061213697266	0.007969786290243587
23.3	0.16822896718239655	-0.0021374505023259204
23.4	0.17422748624938608	-0.0021152337650407744
23.5	0.166393920875644	0.007863494833376714
23.6	0.1723924399426338	0.007841278096091565
23.7	0.17110896356995536	-0.002185828927887104
23.8	0.1753450373445907	-0.0020524280202437206
23.9	0.17572355793029834	0.007791333784456341
24.0	0.18172207699728812	0.007769117047171194
24.1	0.1730601662670268	0.007695899052724868
24.2	0.17612579749135565	0.007677023495483765
24.3	0.1698101970352229	0.007601132557002206
24.4	0.17403861682637137	0.007807495049922458
24.5	0.17157411487467236	-0.002378049171977293
24.6	0.17581278575734624	-0.0023568974959263804
24.7	0.1705333333333332	0.0027076923076923064
24.8	0.1741866666666665	0.0027076923076923064
24.9	0.16917201836378748	-0.002316518836450013
25.0	0.1751703965229687	-0.0022932693087012483
25.1	0.1717836692074443	-0.0022812083233410265
25.2	0.17778204736662526	-0.002257958795592263
25.3	0.1820207182492991	-0.0022368071195413503
25.4	0.180980378030367	-0.0019352828838006754
25.5	0.1858097029806894	-0.0021323894685252283
25.6	0.18522666666666662	0.002707692307692307
25.7	0.1912266666666665	0.002707692307692307
25.8	0.17974760943539012	-0.001942857240420248
25.9	0.1828168416742399	-0.0021392669870058017
26.0	0.17616580832960968	0.007479679459719089
26.1	0.1821641864887909	0.0074564299319703235
26.2	0.17442056270756984	-0.002033277609118715
26.3	0.1804189408667508	-0.002010028081369952
26.4	0.1663466666666663	0.0027753846153846153
26.5	0.1589854546348704	-0.0019356796380230355
26.6	0.16191999999999995	0.0028430769230769234
26.7	0.16439999999999994	0.002843076923076924
26.8	0.1664223454533702	-0.0018785181649638534
26.9	0.1700744472438747	-0.0018580657728122256
27.0	0.1702029387779692	-0.0019095176541648702
27.1	0.1726819023841357	-0.0018904638298118106
27.2	0.17574905751843728	-0.0019812532705749714
27.3	0.17294727685911604	-0.0018579504522999602
27.4	0.17308154777551774	-0.0019515455864046274
27.5	0.17497235861060348	-0.0018233392230902591
27.6	0.1768632705331653	-0.0017009553875252923
27.7	0.17523626637520773	-0.0016871182820630101
27.8	0.17595965656219315	-0.0016028397061799058
27.9	0.17492073417179085	-0.0016913031818572726
28.0	0.17622508909453705	-0.0015710650491517972
28.1	0.1751846584112895	-0.0015565445360055897
28.2	0.17614608415418315	0.007226748925674167
28.3	0.1777990241084611	-0.0013573904624288183
28.4	0.18145405698432804	-0.0015353183289762394
28.5	0.18334507909330786	-0.0014164030823732364
28.6	0.18582408925831911	-0.0013977821231234856
28.7	0.18583999999999998	0.0028430769230769247
28.8	0.18608952179066277	-0.001366007466095377
28.9	0.18504658257032852	-0.0011662919128152256
29.0	0.18517935131879984	-0.0011510951475615675
29.1	0.18590109711446914	-0.0013190288882371356
29.2	0.19072230073221572	-0.0013653821379368135
29.3	0.18792625007094232	-0.0012852040081572538
29.4	0.18864444240332415	-0.00117582053712021
29.5	0.18573333333333342	0.002978461538461541
29.6	0.18598380848581264	-0.0009245015179151985
29.7	0.18435683303894185	-0.0009112659217082085
29.8	0.1839030203889658	-0.0008967228794701065
29.9	0.18345137284259558	-0.004735626663939958
30.0	0.18534564302089573	-0.0007973153838694677
30.1	0.18782473736315597	-0.0007795037265535864
30.2	0.1903038317054157	-0.0007616920692377063
30.3	0.19042526442637814	-0.004599740047112103
30.4	0.19407429707075108	-0.004561525206322332
30.5	0.19244639502717079	-0.004535060728377261
30.6	0.1902321669071513	-0.004509901846303825
30.7	0.1892079312524291	-0.0006876694120160854
30.8	0.19166697143150474	-0.004446528123440616
30.9	0.19111999999999993	0.0030461538461538495
31.0	0.19477333333333322	0.0030461538461538495
31.1	0.1926422125044168	-0.0045196253647450555
31.2	0.19562666666666653	0.003113846153846158
31.3	0.1742418656373407	-0.007194772068284988
31.4	0.1741642845932226	-0.0013525237370059255
31.5	0.17346666666666657	0.004196923076923074
31.6	0.17521986696148006	-0.006755227006157209
31.7	0.178662411950953	-0.0009802943040663104
31.8	0.18383999999999992	0.0042646153846153815
31.9	0.18191596610866312	0.009723667857976358
32.0	0.18469333333333326	0.0042646153846153815
32.1	0.18388126309048583	-0.000796333736854365
32.2	0.18401400647215393	-0.0007807993596573035
32.3	0.18363156449048687	0.009462620774539781
32.4	0.18581333333333314	0.004196923076923074
32.5	0.18735005164738017	-0.0010307482840687656
32.6	0.18932015209972755	0.009221462537768552
32.7	0.1876931479417705	0.00920762543230627
32.8	0.18841243768265167	0.009191054696108293
32.9	0.19139155398163138	-0.0007324152805623738
33.0	0.18742250466160235	-0.0008332659808616351
33.1	0.18520468749111355	-0.0007086971222651462
33.2	0.186597008848501	0.009130239012787766
33.3	0.18614315163996267	0.00911503509195764
33.4	0.19029966362512918	-0.0007669830360697207
33.5	0.19138666666666673	0.0041969230769230755
33.6	0.19349391279037223	-0.0006223381681653285
33.7	0.19224000000000008	0.004129230769230767
33.8	0.19375929561726263	-0.0007677245232790052
33.9	0.19213229145930505	-0.0007538874178167243
34.0	0.19322666666666655	0.004129230769230768
34.1	0.19366848094026473	0.008804939482710026
34.2	0.19642666666666697	0.00406153846153846
34.3	0.19617483033553906	-0.0006470071345222612
34.4	0.19572463971761045	-0.000738741576511953
34.5	0.19292825045123738	-0.000837535229670987
34.6	0.19197088418907385	0.00894700623784281
34.7	0.18976500023660356	0.008822854430023976
34.8	0.19106312047971571	0.00891589142812953
34.9	0.1920799999999998	0.00406153846153846
35.0	0.1954344785998799	0.00887848306332269
35.1	0.1949884530989697	0.008753837854496363
35.2	0.19678695261807294	-0.0004401588183761242
35.3	0.19583254031235026	0.008829712997054918
35.4	0.19705180237933026	-0.000579868291371406
35.5	0.19542479822137268	-0.000566031185909123
35.6	0.19732065552447448	-0.0006552152338593943
35.7	0.19862996698142418	-0.000749357109702314
35.8	0.20051887546029987	-0.0006192054368511259
35.9	0.2006473669943944	-0.0006706573182037713
36.0	0.19960782040049152	-0.00048249409723530486
36.1	0.19622438443541812	-0.0005760296417776211
36.2	0.19703890332306542	-0.005102468588802005
36.3	0.1953208164294555	-0.00047720626195577043
36.4	0.19779558433222622	-0.0005258610077112811
36.5	0.19857964955404905	-0.00923719210017606
36.6	0.2021711381557862	-0.00042074407279587157
36.7	0.2023038253932765	-0.0004044873840399459
36.8	0.20360346727301892	-0.00018626289515267895
36.9	0.2049093657917513	-0.00016939204593800078
37.0	0.20387082958668934	-0.0004220273200821745
37.1	0.20350851316950663	0.008429257207376029
37.2	0.20414039976506548	-0.0003218053724617538
37.3	0.20583999999999963	0.004061538461538463
37.4	0.20674500939928672	-0.0002539208288832237
37.5	0.20805368032715452	-0.0003365481729068476
37.6	0.20408614022113297	-0.008699233727210941
37.7	0.203630697768178	-0.00024192049648069733
37.8	0.19946666666666665	0.0041292307692307705
37.9	0.20037790992583682	-4.726939914978783e-05
38.0	0.1999872344797727	-0.004252373766661068
38.1	0.20181648940760022	-1.4127926753829123e-05
38.2	0.2014297446175964	-0.00411836873647942
38.3	0.20267259586075734	8.603797764332542e-05
38.4	0.20162933723208867	0.00019302380270142493
38.5	0.2023459209795447	0.00029732330438650596
38.6	0.19994666666666686	0.004264615384615387
38.7	0.20209226527011212	-0.0038918111790885663
38.8	0.2022235705244182	-0.0036784643081866414
38.9	0.20522861388191832	0.0001834121717794266
39.0	0.205942671714136	0.00037657574573257257
39.1	0.2114040215856238	-0.003461766890439754
39.2	0.21271475345484359	-0.0035315552608387608
39.3	0.21221071428211483	0.0004964097907113147
39.4	0.20472184718886513	0.0005708146758249587
39.5	0.1978724619782131	-0.003074000160783427
39.6	0.19916719354112372	-0.003439360547948936
39.7	0.2010076675821673	0.0006246638820321081
39.8	0.19586761980759307	0.000621142168590696
39.9	0.1995250957393282	0.00046950024408313595
40.0	0.19735489642029969	-0.0030867828476020803
40.1	0.19725333333333295	0.004332307692307697
40.2	0.19761704879177475	-0.003026020316482138
40.3	0.20185095671633999	-0.0031502158634601537
40.4	0.20784503955513764	-0.003105815249839431
40.5	0.21383912239393477	-0.0030614146362187115
40.6	0.1904969119095028	-0.006781941798404996
40.7	0.19077929440760488	-0.011863019697454673
40.8	0.18564761812813005	-0.011764550642173697
40.9	0.18518911638985033	-0.011716822183014022
41.0	0.18457070261081582	-0.006009854760095535
41.1	0.1874258078920954	-0.0005686380840095344
41.2	0.1860131354546767	-0.005874308172754934
41.3	0.18769534087054301	-0.00046915558729630075
41.4	0.18627497758343903	-0.005503946808416513
41.5	0.18875887281046622	-0.005703470614242552
41.6	0.18784784989739078	-0.010503759753617111
41.7	0.1885614695539744	-0.01045411197779929
41.8	0.18836302264750596	-0.00032201110504090445
41.9	0.19026064259318262	-0.0004212558325793715
42.0	0.19130666666666674	0.004738461538461536
42.1	0.19169403881957114	-0.00027093208107911975
42.2	0.19124107769442714	-0.00043949505252087896
42.3	0.19019565048168208	-0.00030891548678790674
42.4	0.1874004685242234	-0.00041187666230401744
42.5	0.1863835826519267	0.009514860758421818
42.6	0.18941593572301685	-0.00015306571855724233
42.7	0.19148582057419153	-0.005150624571307082
42.8	0.19061333333333313	0.004603076923076921
42.9	0.1933296218631611	-0.00017016032829460064
43.0	0.19171600650217835	-0.0003101408263727675
43.1	0.19360840101617655	-0.0002917862859189886
43.2	0.19314571685525578	-0.0002315871467947657
43.3	0.19445614887992968	-0.00032628219461642606
43.4	0.19458883611741998	-0.0003100255058605013
43.5	0.19648589316611506	-0.0004081217493845553
43.6	0.19778259624291242	-0.00016325397895107768
43.7	0.20026160640792343	-0.00014463301970132642
43.8	0.19921707527857216	-0.00019782034624024527
43.9	0.19934979154474358	-0.00018193301772619248
44.0	0.19654964043736728	-0.00016946272763175563
44.1	0.19506428658608801	-0.004561855015422139
44.2	0.19447287951697534	-7.271386165421789e-05
44.3	0.19591667407963498	-0.004704749806988454
44.4	0.1966338350433392	-0.004671624461692326
44.5	0.19735099600704342	-0.004638499116396199
44.6	0.19911823917691984	-0.00022360999781542538
44.7	0.19749120210890322	-0.00020911411316469793
44.8	0.19996587199529633	-7.82361598818497e-05
44.9	0.19833476075372833	4.191447636378576e-05
45.0	0.20153884286051807	-0.009302488262998624
45.1	0.20036393370776726	-2.9466093614073652e-05
45.2	0.20166577692579352	9.299350032557132e-05
45.3	0.20309106858748188	-0.0045817064251541745
45.4	0.203686829436163	5.911054072032726e-05
45.5	0.20088667832878562	7.158083081476065e-05
45.6	0.20160596806966788	8.815156701274043e-05
45.7	0.19880616925546407	0.00026680694124953976
45.8	0.20070617527802923	8.36314437781165e-05
45.9	0.20025229342334988	9.918884863475627e-05
46.0	0.20214468793734755	0.0001175433890885343
46.1	0.20061101281371335	-0.008707194694669877
46.2	0.20065455083921635	0.00021566748501110344
46.3	0.19961409989236842	0.00023052560596846083
46.4	0.2009161786671211	0.000348615651443656
46.5	0.19997462183781975	-0.0037447642129876573
46.6	0.20235475814888454	0.0003817571238396121
46.7	0.2024839227623257	0.000492530814636777
46.8	0.2050437374013195	-0.007710120757925741
46.9	0.20392256466272624	0.0005249360410485154
47.0	0.20464188561292676	0.000541138654254386
47.1	0.20184873597662753	0.00036197768381442553
47.2	0.20031162764112725	-0.0032831499011858273
47.3	0.19858835145857237	0.0007369530692213329
47.4	0.2005830984405641	-0.003331094585730861
47.5	0.19950739204355025	-0.00733840493711463
47.6	0.20139302742908327	-0.007285863689241186
47.7	0.197367022157259	0.0007759383052732801
47.8	0.19873819549617486	-0.006875235273518039
47.9	0.1988981288420112	-0.0027743527689507077
48.0	0.20309602892462766	-0.0067704762145131174
48.1	0.1967793645830475	-0.006746426579429958
48.2	0.1997871925329052	0.0009414304755664639
48.3	0.20001094646538112	-0.0029878455690228144
48.4	0.20190085369664135	-0.0029527864271388354
48.5	0.19901233598142334	0.000985713325296323
48.6	0.2004033831625943	-0.0027262308255007256
48.7	0.19585168431204694	-0.002638545254183622
48.8	0.20184602126217716	-0.002595108029907316
48.9	0.1960350737267203	0.0010944239663567548
49.0	0.20203359279371036	0.0011166407036419038
49.1	0.19982225528491884	-0.00646393209768062
49.2	0.2028848150341177	0.0009945341458407883
49.3	0.20300765811861285	-0.00636084642516949
49.4	0.20899436906575236	-0.006294327414645717
49.5	0.18050666666666634	0.005550769230769227
49.6	0.1865066666666662	0.005550769230769227
49.7	0.1831433786071797	-0.005348166168920276
49.8	0.18651640217428248	0.00015026549637434886
49.9	0.1812434919312825	0.011078570838533731
50.0	0.18432763036544902	0.010811142835713081
50.1	0.17895999999999967	0.005550769230769228
50.2	0.18496000000000007	0.005550769230769228
50.3	0.1742615571976672	0.00046303579156518285
50.4	0.18026000821093727	0.0004857571969184788
50.5	0.1750144885150164	0.010794768057688593
50.6	0.18101286667419786	0.010771518529939827
50.7	0.1711738793448137	0.010767149667471727
50.8	0.17717225750399465	0.010743900139722963
50.9	0.1750601946375346	0.0003730656273420894
51.0	0.17921068569756812	0.01052437135572545
51.1	0.176987945827692	0.010628120787245902
51.2	0.18298632398687295	0.010604871259497137
51.3	0.17938666666666647	0.005483076923076921
51.4	0.18303999999999976	0.005483076923076921
51.5	0.17878077211652993	0.0003386850391569199
51.6	0.18477915027571087	0.00036193456690568424
51.7	0.17668975661437114	0.0004153104397053801
51.8	0.1791687667793816	0.00043393139895512873
51.9	0.17549333333333267	0.005347692307692307
52.0	0.17943419931172602	0.0004657060559832395
52.1	0.17194146040667113	0.00047270908460628376
52.2	0.1779399114199412	0.0004954304899595788
52.3	0.17279924520702586	0.0003926385723043409
52.4	0.1764572980702617	0.00029569640194447664
52.5	0.17394666666666653	0.00528
52.6	0.17782700644637198	0.010071151026548746
52.7	0.1780225468943395	0.0004632595985223113
52.8	0.18226121777701254	0.0004844112745732215
52.9	0.17770135227715045	0.0004950736921348776
53.0	0.1836997304363314	0.000518323219883641
53.1	0.18793840131900552	0.0005394748959345538
53.2	0.17574894191754883	0.000473338052696946
53.3	0.18174732007672978	0.0004965875804457094
53.4	0.17777278618987485	0.0006840282090764616
53.5	0.18201689025510592	0.0005968095280661301
53.6	0.1751053513486705	0.0007123858276849538
53.7	0.18110380236194004	0.000735107233038248
53.8	0.16892386284768718	0.0006294960646503747
53.9	0.1749222410068681	0.0006527455923991381
54.0	0.171712147375922	-0.003795809741224041
54.1	0.1754933333333332	0.00528
54.2	0.17296772989287443	0.0009728867954621719
54.3	0.17896624895986396	0.0009951035327473174
54.4	0.17030544717705176	0.0009003582186432749
54.5	0.1763038981903218	0.0009230796239965708
54.6	0.17056581557688594	0.0010316831242063737
54.7	0.1721866666666667	0.005415384615384617
54.8	0.16849941935287288	0.0009253822407289131
54.9	0.1721412102750075	0.001147329885196567
55.0	0.1675813331084185	0.0011575183743231608
55.1	0.17123354190127893	0.0011770621675730704
55.2	0.16492306997682746	0.0011553550416027987
55.3	0.17092152099009644	0.0011780764469560903
55.4	0.16426247564135166	-0.007152374093720255
55.5	0.16648932672721484	0.001300892709663431
55.6	0.16855691106854895	-0.002837248680224419
55.7	0.16851855561220072	0.0014016733294653742
55.8	0.17057285555420004	-0.0025892168115147305
55.9	0.17129507875694655	-0.002738743734384438
56.0	0.17260334656013196	-0.0028936736168681367
56.1	0.17197371908862424	0.0014896202317605392
56.2	0.1738708836527455	0.0014169839461397543
56.3	0.1741642212733745	-0.0026091831345476492
56.4	0.17707326767479512	0.001519101037959312
56.5	0.1763466666666668	0.005618461538461542
56.6	0.17910324111824397	0.001459837041847093
56.7	0.17820996164189942	-0.002233674794156818
56.8	0.18478279109323917	-0.002256681046739085
56.9	0.18492536083563393	-0.0023324111605821946
57.0	0.18740157886797185	-0.0022960175227358173
57.1	0.1815213908277825	0.0017861530446393195
57.2	0.18649090692187933	-0.002236575206666985
57.3	0.18412540924232673	0.0016837484290844352
57.4	0.1849798174843594	-0.0019124095325347076
57.5	0.1855723756955296	0.0016979980192326875
57.6	0.18570511907719772	0.0017135323964297495
57.7	0.18525128489033396	0.0017283985376180021
57.8	0.18656157105940446	0.001657319060854986
57.9	0.18583999999999998	0.005618461538461543
58.0	0.18714666666666613	0.005618461538461543
58.1	0.19138666666666673	0.005618461538461543
58.2	0.1973866666666666	0.005618461538461543
58.3	0.2033866666666665	0.005618461538461543
58.4	0.17889891002538108	-0.018360809014733102
58.5	0.1759323515090499	-0.011744823962730511
58.6	0.17607121884079988	-0.012095148146750535
58.7	0.17365059853162584	-0.005929211559755327
58.8	0.17848102182266604	-0.006139454714829114
58.9	0.18013942953914047	-0.0005266034085193074
59.0	0.1830048020521484	-0.01066802515745291
59.1	0.18274419269789732	-0.0001883057924394506
59.2	0.18428781573751668	-0.005607468075153908
59.3	0.18419798444890692	-0.0003219638098827648
59.4	0.1849115915475799	-0.00018585393846137083
59.5	0.1846800672699014	-0.00550997298277406
59.6	0.18635017102934387	-0.00015271246606541125
59.7	0.18589097267808755	-2.4719427840456942e-05
59.8	0.18837532398581705	-0.00011888758598553161
59.9	0.18734457994592024	-0.00015391797164150851
60.0	0.18746235796015565	2.3220175768343468e-05
60.1	0.17938301538237325	2.939924884208349e-05
60.2	0.1801075869298585	-6.558938718816999e-05
60.3	0.17672632044127218	-0.00016988618081277464
60.4	0.17824359868081674	-0.005167882399385928
60.5	0.18069619739386414	-0.004748011801461406
60.6	0.1838900023000212	-0.009842581448342463
60.7	0.18605141007037357	-0.00016207873740838475
60.8	0.18649425730813424	-0.010078784874967309
60.9	0.18689731568957205	0.00016102486251546883
61.0	0.18645366748623948	-4.560010103204105e-05
61.1	0.1874703513244853	-0.009526511048588936
61.2	0.186132472869051	-1.3786007419474763e-05
61.3	0.18861143647521722	5.267816933584787e-06
61.4	0.18874412371270755	2.152450568950956e-05
61.5	0.1906365182267052	3.9879046143287585e-05
61.6	0.19045597426220823	-0.009610822155465555
61.7	0.19090189270168528	7.239242365513713e-05
61.8	0.18868335541041767	0.000196125353559869
61.9	0.1888209908079889	0.00010210866556985016
62.0	0.1862797473703627	-0.009432692414494171
62.1	0.18867423537227423	-0.0045958619599172626
62.2	0.18939126288363697	-0.004561967292268059
62.3	0.19193446136145148	-0.009267762824257897
62.4	0.19200316679007975	-0.004716971268811788
62.5	0.19314571206973502	0.00015884334394482974
62.6	0.19115692024877765	-0.008738464373749949
62.7	0.19298987993810696	-0.004547968050909252
62.8	0.19135167371708284	-0.004083948527683778
62.9	0.19388361060736295	-0.008587479256038751
63.0	0.19381328811557372	0.0003097708435162291
63.1	0.19569602903524883	0.0005442269727681465
63.2	0.19817503920025928	0.0005628479320178952
63.3	0.20143699108591553	-0.008304722310041212
63.4	0.1955076043590544	0.0005912055506263857
63.5	0.1958342537330749	-0.008229928241498317
63.6	0.1936154295234535	-0.00882178365669823
63.7	0.19590134732517323	0.0007374158628752426
63.8	0.19662504289845198	0.0006554382723665273
63.9	0.19924044431783042	-0.0037195697294263655
64.0	0.19880657807471297	-0.007761371246170088
64.1	0.19995605907051664	0.000706517296328312
64.2	0.1983290549125593	0.0007203544017905942
64.3	0.19963927411274268	0.0006367770266198815
64.4	0.19859448744490377	0.0007521290588187067
64.5	0.20107349760991475	0.0007707500180684553
64.6	0.20062390491738163	0.0006862463767869373
64.7	0.20264019544557688	-0.007640280302457647
64.8	0.20042359515233066	-0.003177335920629457
64.9	0.20055456998036156	-0.003146280266632646
65.0	0.1977554029987982	-0.007236025328210166
65.1	0.19718130785537158	0.0009283145673665153
65.2	0.19392237152343905	-0.007089076105286805
65.3	0.1958119044137312	-0.006771658169899114
65.4	0.196526964687674	-0.0029339263457237776
65.5	0.1984168719189337	-0.002898867203839804
65.6	0.19620260354265706	-0.002873149533692565
65.7	0.19680450108504377	0.001181513013552825
65.8	0.19529993857233918	-0.0027459555989997626
65.9	0.19542609157968074	-0.00237554015815436
66.0	0.19555726272838203	-0.002345804629003723
66.1	0.1974474550457028	-0.0023122353436108327
66.2	0.19922806750111124	0.0014147223859863854
66.3	0.20053785863376586	0.0013457676141606272
66.4	0.19841800552512315	-0.0061311570708622466
66.5	0.19915632334970898	-0.002454141922586195
66.6	0.196247477646565	0.0014547320150627326
66.7	0.1934473605367336	0.0016189282972079834
66.8	0.19075185784205823	-0.0058407054988554264
66.9	0.19380336027968037	-0.0060343984524396784
67.0	0.1930133333333334	0.00541538461538462
67.1	0.19574204883389373	0.001598774586411813
67.2	0.19880768005822388	0.001617650143652922
67.3	0.20480619912521286	0.0016398668809380658
67.4	0.21080471819220295	0.001662083618223214
67.5	0.1836912174684589	-0.0119276169354615
67.6	0.1847457980439718	-0.005580430239324246
67.7	0.18724489967343097	-0.0060877364562962055
67.8	0.18735208343074092	-0.005508170343092257
67.9	0.18662945088356211	9.046584534994767e-05
68.0	0.18852184539755926	0.0001088203858037231
68.1	0.1851351180820343	0.0001208813711639431
68.2	0.1858480090873809	0.0002576930976742383
68.3	0.18656729882826206	0.0002742638338722155
68.4	0.183180574246176	0.00028605071628272794
68.5	0.18799986210124947	0.00042083486347040035
68.6	0.19107146194974622	0.0003267096732018464
68.7	0.1888578843170797	0.0003398633709802085
68.8	0.19251004143151018	0.0003598511455978068
68.9	0.1902310663430895	0.0103918582588747
69.0	0.1874963126914663	0.00038547513347059973
69.1	0.1898913199414045	0.010599418895880622
69.2	0.1900426416668956	0.01034487968101646
69.3	0.19434856742671888	0.00025734375681716205
69.4	0.19447538553185828	0.0003888340923648599
69.5	0.19578124874744973	0.0004060882362467615
69.6	0.19415424458949135	0.0004199253417090402
69.7	0.1951733333333337	0.005279999999999998
69.8	0.1931843357001017	0.010225308304138769
69.9	0.19273045384542292	0.010209750899282125
70.0	0.19205333333333297	0.005212307692307691
70.1	0.19453333333333322	0.005212307692307691
70.2	0.19552891476902703	0.0003805170411070487
70.3	0.19703379675839733	-0.00463023626044225
70.4	0.19520897083675495	0.00023234233890734486
70.5	0.19506666666666633	0.005144615384615384
70.6	0.19430005940958506	0.0004420161321114927
70.7	0.19619249609988682	0.00045995368367732214
70.8	0.19750908529612446	0.00025190923281633634
70.9	0.1999773694804898	0.0004958287868089767
71.0	0.20011527361027456	0.0004024860288464492
71.1	0.20142643998878326	0.00030613560980185823
71.2	0.19920750990091693	0.0004336008385597322
71.3	0.20285961169142142	0.00045405323071136
71.4	0.20357381818489836	0.0005786824677988705
71.5	0.19784079970397223	0.0005877357194736827
71.6	0.19680036902072412	0.0006022562326198884
71.7	0.19928437699619883	0.0005141849984400737
71.8	0.19882552197719786	0.0006360811126997715
71.9	0.19954481171807956	0.0006526518488977487
72.0	0.19791780756012223	0.0006664889543600326
72.1	0.19805052382629365	0.0006823762828740863
72.2	0.19835388028350415	-0.0039478026970395114
72.3	0.20200229279770257	-0.003906926511777388
72.4	0.2033055973096322	-0.003871635540605602
72.5	0.20637204202120815	-0.004048500342069011
72.6	0.20517531057435845	0.000733798038546239
72.7	0.20608571610339055	-0.007896511274003471
72.8	0.2089600996023527	0.0007705071194537899
72.9	0.20380894219945211	0.000882650012143044
73.0	0.20394165846562354	0.0008985373406570959
73.1	0.2023101247853249	0.0010093572038957473
73.2	0.20377370221656071	-0.0035452876790730593
73.3	0.20333967211422596	-0.00733643943205584
73.4	0.2044680876359265	0.0010579650435133606
73.5	0.2016679431749331	0.0010701582406663773
73.6	0.20254915940246543	-0.007484391726024471
73.7	0.19973033045054708	-0.003006471214716743
73.8	0.2016202376818073	-0.002971412072832763
73.9	0.20278950368619095	0.0012006711428448232
74.0	0.20599226030405507	-0.0032825081590149635
74.1	0.20553673381428236	-0.0032514060984109357
74.2	0.20553835410579072	0.0011568931225108764
74.3	0.20390705478139476	0.0012634768876418744
74.4	0.20403979816306342	0.0012790112648389381
74.5	0.20195075067694274	-0.0027553569908175144
74.6	0.20266803630604918	-0.0027229668408583216
74.7	0.20209171803393922	0.0013229414523948883
74.8	0.20293799293788403	-0.0025931039142407424
74.9	0.20189382277002707	-0.0023916847190923497
75.0	0.2014385728793249	-0.0023626090494040155
75.1	0.19922674181443822	-0.0025092784239870627
75.2	0.19877083466077314	-0.0060846463862774215
75.3	0.19773776604304322	-0.002383418985256655
75.4	0.19950947512652856	0.0015630869914842506
75.5	0.20022879607672803	0.001579289604690116
75.6	0.201053300673032	-0.005828800183803037
75.7	0.19639625869244492	0.001741095021785364
75.8	0.19665772870728804	-0.00202888934728789
75.9	0.1979589842403682	-0.0018286261354165199
76.0	0.19457443515904121	-0.001972116023143849
76.1	0.19373333333333279	0.005618461538461543
76.2	0.19679999999999984	0.005618461538461543
76.3	0.2027999999999997	0.005618461538461543
76.4	0.2088000000000001	0.005618461538461543
76.5	0.18316811260304694	-0.018066271023054057
76.6	0.18528226076440601	-0.006320772608215038
76.7	0.18304778618297451	-0.005771356199309572
76.8	0.18260198249095727	-0.005993928164958671
76.9	0.18175158417587173	-0.01132258035039655
77.0	0.1877599673968021	-0.011577818192502856
77.1	0.18476009786955927	-0.005503055631673554
77.2	0.19032710747829434	-0.010344817141246705
77.3	0.185780495376918	-0.010245713957084023
77.4	0.18962852799019658	-0.00022097454159668815
77.5	0.18529057259419632	-0.005000635191202151
77.6	0.18930538171231343	3.2348080135635726e-06
77.7	0.18884558297876966	0.00013673985192483654
77.8	0.19016344792471007	-8.669067128268433e-05
77.9	0.18617814813756478	0.0001650974705333279
78.0	0.1904168787267045	0.00018576865283484716
78.1	0.19114195608410214	8.591681959175482e-05
78.2	0.18950916430962944	0.00021617649449511087
78.3	0.19292894268430066	-0.009681404678241388
78.4	0.19819426049566127	-0.004687495364442801
78.5	0.20281751778527554	0.00016422996870184975
78.6	0.1929728967478655	0.0002831428469709466
78.7	0.1972116273370063	0.00030381402927247107
78.8	0.2002869297402964	0.0002772121855817754
78.9	0.20628530789947788	0.00030046171333053973
79.0	0.19312470288375563	-0.004442824180850011
79.1	0.19657344589837777	0.0004337043676459649
79.2	0.19526812508659813	-0.009515510920477121
79.3	0.2012535756916153	-0.009445912657628085
79.4	0.19462120035195143	0.0004109248827673115
79.5	0.20061965136522097	0.00043364628812060484
79.6	0.1954732063590046	0.0004433829474793415
79.7	0.19853878999872637	0.00046268731441301975
79.8	0.19063924927642914	-0.004054598881533573
79.9	0.19145856663529162	-0.008931959650826278
80.0	0.19158947660775644	-0.009210378926045048
80.1	0.1943770672657351	0.0005207693669978426
80.2	0.19243687700986123	-0.008409786728087244
80.3	0.19842358795700077	-0.008343267717563472
80.4	0.1859807143897088	0.000625888076966276
80.5	0.19197916540297835	0.0006486094823195693
80.6	0.1841786175429291	-0.008811685874026046
80.7	0.19016406814794737	-0.008742087611176997
80.8	0.18317395322614086	-0.004112703741610603
80.9	0.1860628580546858	0.0005983234163769655
81.0	0.1794146171204488	-0.008319591944264173
81.1	0.1854007192765379	-0.008251568056126797
81.2	0.17791427720516137	-0.008544491262568961
81.3	0.17745290301042585	-0.00788581378961943
81.4	0.17222998243877877	-0.0034689125390204387
81.5	0.1780545711700835	0.0009571286577424332
81.6	0.17902193469082495	-0.007970208090754653
81.7	0.18500803684691405	-0.007902184202617277
81.8	0.179863561663837	-0.00818021514632318
81.9	0.18584901226885525	-0.008110616883474132
82.0	0.17895895384053953	-0.007422310660737826
82.1	0.18494566478767907	-0.007355791650214054
82.2	0.17744533874198823	-0.007692739338425001
82.3	0.18343144089807734	-0.007624715450287625
82.4	0.1777009152774865	-0.007597527367304828
82.5	0.18075886664295066	-0.007253388552676848
82.6	0.17561448735381618	-0.006951462870383139
82.7	0.17984177424723677	-0.007448584039851371
82.8	0.17173075447676248	-0.003161822624492731
82.9	0.17302999023285462	-0.002937995102369165
83.0	0.17320973623183794	-0.006711246954484909
83.1	0.17919701686763168	-0.0066461678171393255
83.2	0.17288035252605205	-0.006622118182056161
83.3	0.17886763316184684	-0.006557039044710567
83.4	0.17251629767104426	-0.0025398161718720455
83.5	0.1785106346211745	-0.00249637894759574
83.6	0.17867823138899006	-0.006354549264649645
83.7	0.18230215402371955	-0.002535363689673298
83.8	0.1794091485389378	-0.01051309758359054
83.9	0.18538558438309485	-0.01042455779330673
84.0	0.1791692067255752	-0.002517955322081206
84.1	0.18516328956437234	-0.002473554708460486
84.2	0.17651827598807338	-0.006091070519007434
84.3	0.18250555662386814	-0.006025991381661838
84.4	0.17148958879789283	-0.0021734768270286605
84.5	0.1686921826210432	-0.0023202808567586494
84.6	0.16706263670788996	-0.006461493819581707
84.7	0.16778435494945027	-0.0024378734367625767
84.8	0.17377816619071193	-0.002392465775843927
84.9	0.1797719774319736	-0.0023470581149252785
85.0	0.1857657886732353	-0.0023016504540066297
85.1	0.1613635337422593	-0.005548645274953405
85.2	0.16325253220547697	-0.005509211313400951
85.3	0.16748639670872326	-0.005463775263053386
85.4	0.16512000000000066	0.006227692307692304
85.5	0.16408000000000023	0.006227692307692306
85.6	0.169614576324515	-0.0047367097767802525
85.7	0.17021333333333324	0.006295384615384612
85.8	0.16484825137995904	0.0009285470637319269
85.9	0.16754666666666618	0.006227692307692306
86.0	0.1659199999999995	0.006227692307692306
86.1	0.1687538674078672	0.0010344810225478753
86.2	0.17005973062345972	0.001051735166429782
86.3	0.1729615061009407	0.011318811721330393
86.4	0.17425747085479718	0.011421101161320928
86.5	0.17597333333333368	0.006159999999999997
86.6	0.174346666666667	0.006159999999999997
86.7	0.17599837278060415	0.0010696146384702489
86.8	0.17612406688365945	0.0011981837700719197
86.9	0.17768000000000087	0.006159999999999999
87.0	0.1791595779249207	0.011318666041490394
87.1	0.18356122785104897	0.0012528057337688027
87.2	0.18766088747540918	0.010981309486995817
87.3	0.1895436795512187	0.011074461996722693
87.4	0.18513531484364074	0.0011226858059584397
87.5	0.18688034515611698	0.010978396538429082
87.6	0.18173800059600537	0.010900952039385216
87.7	0.18597673118514507	0.010880280857083697
87.8	0.18727249204105811	0.010977095414325878
87.9	0.1885783174628872	0.010959440157771384
88.0	0.1906096657232262	0.0011961760164862674
88.1	0.19368158298586333	0.0011073657260775834
88.2	0.19323423752601548	0.0010102339510004834
88.3	0.1938160109247976	0.010709048154107156
88.4	0.19173343788554123	0.0011522940808840554
88.5	0.19272000000000028	0.005956923076923076
88.6	0.19285333333333343	0.005956923076923076
88.7	0.19650666666666725	0.005956923076923076
88.8	0.19505582013321487	0.010739127833765936
88.9	0.19853333333333334	0.005889230769230768
89.0	0.1957333333333331	0.005889230769230768
89.1	0.19645333333333356	0.005889230769230768
89.2	0.19423999999999958	0.005889230769230768
89.3	0.19409105297445445	0.0013324204706930938
89.4	0.19364307357586844	0.0012441429340234083
89.5	0.19495497590999128	0.001153862334718936
89.6	0.19301333333333234	0.005889230769230769
89.7	0.19626061212591633	0.01048594214722646
89.8	0.19712320361138086	0.0011610006669122899
89.9	0.19783019620108938	0.0013953878623823449
90.0	0.19620917689300693	0.0013035536325064151
90.1	0.19692075156550093	0.001594114511058794
90.2	0.19647874707138308	0.001403775580126835
90.3	0.19954427976971845	0.0014235286883791786
90.4	0.19731497229445233	0.0015730104852685846
90.5	0.19804575126479726	0.0013862356440846125
90.6	0.19568028742813434	0.010516313857965712
90.7	0.19741333333333344	0.005956923076923078
90.8	0.1960975366085901	0.0014322085747552468
90.9	0.19388394747740448	0.0014456681279140385
91.0	0.19636291108357073	0.001464721952267098
91.1	0.19766307097102306	0.0015839855814992277
91.2	0.1977903417792654	0.0016966172668362676
91.3	0.19969381825688562	0.0015169884380312878
91.4	0.1986533673100393	0.0015318465589886513
91.5	0.19702488953239614	0.0017138759198727259
91.6	0.19716323021190704	0.001629970654911217
91.7	0.1984580681036579	0.0018419963102029634
91.8	0.19883880887851502	-0.006375577228691946
91.9	0.20106986514112377	0.001875738008632325
92.0	0.20002945338572548	0.0018899359138117612
92.1	0.20385694950110286	-0.0023830577437722036
92.2	0.19736205230640233	0.001917663488161846
92.3	0.19749479568806994	0.0019331978653589045
92.4	0.1958678063641419	0.0019467275345295427
92.5	0.19599550638705168	0.0020505018468328796
92.6	0.19631134749964016	-0.0021756060106830517
92.7	0.19685662349373	0.002061706059510924
92.8	0.200514021862864	0.0019901692532923315
92.9	0.19653442605712318	0.0022467019459719356
93.0	0.19566148144246032	-0.0016304252080880967
93.1	0.19580496071726994	-0.0017042659762737788
93.2	0.19305091053874243	-0.005546348748706511
93.3	0.19559999999999997	0.006227692307692311
93.4	0.1974933333333329	0.006227692307692311
93.5	0.20085444927672516	0.0024095113946494247
93.6	0.19997769966388204	-0.0015409807305153981
93.7	0.20054352220120053	0.0022672040739212303
93.8	0.19802666666666655	0.006160000000000003
93.9	0.19802165284220674	-0.0012866335535748835
94.0	0.1969837341695438	-0.0014247650903025186
94.1	0.19770442677148917	-0.001565052379835708
94.2	0.19827423615851097	0.002343223678071882
94.3	0.20427268717178051	0.002365945083425175
94.4	0.2102711381850511	0.0023886664887784737
94.5	0.18519999999999898	0.005415384615384612
94.6	0.18591999999999942	0.005415384615384612
94.7	0.18546666666666634	0.005415384615384612
94.8	0.18827464359825377	-0.00011621594838216905
94.9	0.18712708082119225	0.010809215374331322
95.0	0.18901947533518937	0.010790860833877546
95.1	0.19208500803352474	0.010771107725625204
95.2	0.196693333333333	0.00548307692307692
95.3	0.19119038872408226	0.010552839846592384
95.4	0.18869606981565237	0.020695659352448197
95.5	0.18969130292943143	0.010574160249880782
95.6	0.18923742107475103	0.010558602845024145
95.7	0.1899781714023639	0.010243154304360371
95.8	0.1947861130826503	0.010452087342310165
95.9	0.1914208227188163	0.010143041920567242
96.0	0.19038041096342015	0.010128844015387797
96.1	0.19168630948215254	0.01011197316617312
96.2	0.19067677023036414	0.00032845873973207877
96.3	0.19253395317021663	0.01012313520271134
96.4	0.1920712133613685	0.010223325772953179
96.5	0.19314666666666655	0.005212307692307691
96.6	0.19527429542146887	0.010140447426118599
96.7	0.19751999999999975	0.005212307692307691
96.8	0.19613450232072943	0.009972573682036318
96.9	0.1951225650783043	0.00019743937619463772
97.0	0.19584185481918442	0.00021401011239261056
97.1	0.19244724733734858	0.009651049816390736
97.2	0.1943142408524192	0.00995645655489007
97.3	0.1942133333333338	0.005009230769230768
97.4	0.19752557428467776	0.00974115062389782
97.5	0.19473390962678178	0.009622326783871074
97.6	0.19544471291818266	0.009712109597605406
97.7	0.19474666666666637	0.004941538461538461
97.8	0.19546666666666576	0.004941538461538461
97.9	0.1946818064236877	0.00021884675891316492
98.0	0.19538900450816124	0.009649243691233109
98.1	0.19612448635155272	0.0003196960709942404
98.2	0.19893333333333382	0.005009230769230768
98.3	0.19987978410999374	0.009772737991279912
98.4	0.2018065736343869	0.00026578564134300924
98.5	0.20013961226585597	0.009785124695569913
98.6	0.20028204152585966	0.009656259354903569
98.7	0.19806845239467402	0.009642799801744779
98.8	0.20031999999999892	0.0049415384615384625
98.9	0.20070610684193502	0.0002772626633162122
99.0	0.20199012436355465	0.009522125461972729
99.1	0.20155805040908367	0.00031047532472734413
99.2	0.20168196483858053	0.0005316802582240468
99.3	0.20006371760755695	0.00034089085054134303
99.4	0.2019517116886554	0.00046330735577930233
99.5	0.1989066666666659	0.0049415384615384625
99.6	0.20104379264424063	0.0006601884523760636
99.7	0.20118523135308283	0.0004743254595728991
99.8	0.20307762586707995	0.0004926800000266754
99.9	0.2026193934656178	0.0006104518380346978
100.0	0.20274792130797792	0.0007236624331819277
100.1	0.201715980303043	0.0005393522145965965
100.2	0.20126209844836365	0.0005549096194532362
100.3	0.2002216475015152	0.0005697677404105919
100.4	0.20127999999999988	0.0049415384615384625
100.5	0.20224253354960764	0.0005366703995117262
100.6	0.20154666666666615	0.0049415384615384625
100.7	0.2001658273593073	0.0006340952115350103
100.8	0.19970382538159762	0.0008432597986967579
100.9	0.19761500899920328	-0.0032207043650685765
101.0	0.19774598382723313	-0.003189648711071774
101.1	0.19693333333333243	0.0050769230769230796
101.2	0.1990696626033112	0.0010394751502301692
101.3	0.20037960776126376	0.0009635062628142428
101.4	0.20179918504952704	-0.0067065790325535075
101.5	0.2012276254539117	0.0010880829898477782
101.6	0.20194694640411223	0.0011042856030536478
101.7	0.19914296048101687	0.0012039792446092322
101.8	0.19927572922948766	0.001219176009862888
101.9	0.1994084979779595	0.0012343727751165491
102.0	0.20071818722518694	0.0011644184038154624
102.1	0.2021262679167244	-0.002773612418670984
102.2	0.20215682912558908	0.0011968236302272086
102.3	0.20063729214532988	-0.002647752979940572
102.4	0.19690666666666667	0.005212307692307696
102.5	0.19328141652419437	-0.0022035165769875974
102.6	0.19482666666666582	0.0052800000000000034
102.7	0.19402623214882186	0.0016325747765674357
102.8	0.196853333333333	0.00534769230769231
102.9	0.20718517000151349	0.0014732802299457746
103.0	0.2161242906028291	-0.00650859040993642
103.1	0.21860188392341923	0.001200222343848049
103.2	0.21814469273952006	0.0013011661450366393
103.3	0.2107310838551127	0.012381425859501478
103.4	0.21672542080524293	0.012337988635225172
103.5	0.22271975775537314	0.012294551410948866
103.6	0.19254257936004168	-0.020042657668249718
103.7	0.18858382116436317	-0.00839992599372934
103.8	0.1875561798373907	-0.013322458801501728
103.9	0.18356698614054595	-0.008106000356643559
104.0	0.18547878073252805	-0.013903703468311815
104.1	0.1849840530061588	-0.0182483725741633
104.2	0.1851403627667886	-0.007940234682901627
104.3	0.18821816796321506	-0.013304821692037032
104.4	0.1901156055407154	-0.013182007122710105
104.5	0.19084302623316052	-0.012709723658892455
104.6	0.19272830866741147	-0.012655992302559184
104.7	0.19344108801882873	-0.007560427323766125
104.8	0.19241030455562347	-0.0124949906010323
104.9	0.19253568735882395	-0.012796514221426195
105.0	0.1926658810911228	-0.012399778629912114
105.1	0.19631137257942427	-0.012008582931160475
105.2	0.19521498165868748	-0.0024175951763854967
105.3	0.19305222810202224	-0.011927462314242722
105.4	0.19435485884047551	-0.011562746457902727
105.5	0.18628980438013065	-0.007727883180490262
105.6	0.18583265749576175	-0.007227297718171643
105.7	0.18830933548310308	-0.007418153968598973
105.8	0.1878541993938035	-0.007625210936792004
105.9	0.18795766161253033	-0.011991742662448566
106.0	0.1921753189202075	-0.012620026731645301
106.1	0.19406909900647334	-0.002322344105276812
106.2	0.19830662802607016	-0.012080823498104012
106.3	0.19672381737638284	-0.007137254586003483
106.4	0.20271733789285218	-0.007090793186651007
106.5	0.194017474567661	-0.002190308064043824
106.6	0.20001585272684194	-0.002167058536295061
106.7	0.19607426541842898	-0.007010053736542182
106.8	0.19972396399000453	-0.006540056835222189
106.9	0.0	-0.304922021294737
107.0	0.0	-0.30392444619390097
107.1	0.0	-0.30265923878112555
107.2	0.0	-0.3016491482668666
107.3	0.0	-0.3006709168701744
107.4	0.0	-0.2996719483299641
107.5	0.0	-0.2988218132678737
107.6	0.0	-0.2974377114447352
107.7	0.0	-0.29536337119916606
107.8	0.0	-0.2943636415059692
107.9	0.0	-0.2927402542713434
108.0	0.0	-0.2918104877408302
108.1	0.0	-0.28743200185835505
108.2	0.0	-0.28643901358415996
108.3	0.0	-0.2825719606440704
108.4	0.0	-0.28158556672023827
108.5	0.0	-0.2794032116819144
108.6	0.0	-0.2784200816324308
108.7	0.0	-0.27141975653814887
108.8	0.0	-0.26767695714863904
108.9	0.0	-0.26037031447283576
109.0	0.0	-0.25942911980207406
109.1	0.0	-0.25588136410096735
109.2	0.0	-0.2533624693376208
109.3	0.0	-0.2443879181953404
109.4	0.0	-0.2434841803564467
109.5	0.0	-0.2396865564408967
109.6	0.0	-0.2387921292498968
109.7	0.0	-0.22970070315762445
109.8	0.0	-0.2288324600155
109.9	0.0	-0.22043241709731917
110.0	0.0	-0.2195887556095871
110.1	0.0	-0.20553144615384605
110.2	0.0	-0.2047314461538461
110.3	0.0	-0.19750784204965113
110.4	0.0	-0.1967294290101757
110.5	0.0	-0.19361524072320163
110.6	0.0	-0.1928448464020771
110.7	0.0	-0.17755042134819807
110.8	0.0	-0.1768301011347066
110.9	0.0	-0.16443026019096457
111.0	0.0	-0.16375085215946628
111.1	0.0	-0.15047431721535826
111.2	0.0	-0.14983957779199814
111.3	0.0	-0.14064891199415733
111.4	0.0	-0.140044525512783
111.5	0.0	-0.13446308125876563
111.6	0.0	-0.1338765714466138
111.7	0.0	-0.1227404863634919
111.8	0.0	-0.12219246010618104
111.9	0.0	-0.10338732435853011
112.0	0.0	-0.10290649174732336
112.1	0.0	-0.09640988868981323
112.2	0.0	-0.09863628510075685
112.3	0.0	-0.08631105140309389
112.4	0.0	-0.08588661752686319
112.5	0.0	-0.0882890606776389
112.6	0.0	-0.08776142958623342
112.7	0.0	-0.07750375163599135
112.8	0.0	-0.07710614419835705
112.9	0.0	-0.07115519550609352
113.0	0.0	-0.06688823070864813
113.1	0.0	-0.057331215930835094
113.2	0.0	-0.057006136162324
113.3	0.39381322505088734	0.02748161553440377
113.4	0.3880710786242866	0.027191608139120905
113.5	0.38522777467388325	0.029337585178622255
113.6	0.37987171696097943	0.02912584606163074
113.7	0.365718931872012	0.021074494551054132
113.8	0.3561685521621717	0.020874320502155375
113.9	0.33449656726989196	0.012872906770451366
114.0	0.08397193377353994	0.13645006746700297
114.1	0.08581885548602787	0.13549862294844858
114.2	0.08766577719851582	0.1345471784298942
114.3	0.40585446216309595	0.025321336263129872
114.4	0.42027755154680957	-0.09906832443468445
114.5	0.4097950412988133	-0.10694119421663943
114.6	0.40598218817198894	-0.10545892732294351
114.7	0.40297324741863005	-0.10340849692343827
114.8	0.39932161439588154	-0.09901653646354897
114.9	0.394376983301064	-0.09453022957836159
115.0	0.3902308134574942	-0.08996547991691012
115.1	0.38473449026980094	-0.0853152563591526
115.2	0.3791330182912643	-0.08058711970606408
115.3	0.3729750579953375	-0.07578358111763142
115.4	0.36623411399163985	-0.07090860134512228
115.5	0.3588843343529998	-0.06596628628903647
115.6	0.3509005360705942	-0.060960883024515175
115.7	0.3422582314683117	-0.05589677799980103
115.8	0.3329336494294508	-0.05077849284213809
115.9	0.32290377517559876	-0.045610678730856724
116.0	0.31214635889630393	-0.040398115770022044
116.1	0.30063995404222627	-0.03514570557688139
116.2	0.28729118368377204	-0.03162096333084745
116.3	0.2752984948328168	-0.024541546409143966
116.4	0.26142473422310575	-0.019200180212648035
116.5	0.2467246162069649	-0.013839724432318345
116.6	0.2305349915111535	-0.010094717771960249
116.7	0.21477772251521354	-0.003083457894711511
116.8	0.19749949811942605	0.0023011588303509523
116.9	0.17933205517755887	0.007682487602659674
117.0	0.16026208820351512	0.013054715619663315
117.1	0.1402772936140233	0.018411954103490002
117.2	0.11936638065197602	0.023748241441522794
117.3	0.09751909134858994	0.02905754960777425
117.4	0.07472621011671685	0.03433378928176192
117.5	0.0509795744688038	0.03957081370687676
117.6	0.02679002553826662	0.04356958130242869
117.7	0.0005977629839157839	0.04990238617905694
117.8	0.0	0.054984409180208124
117.9	0.0	0.06000217973747435
118.0	0.0	0.06397403090836838
118.1	0.0	0.06981955934449255
118.2	0.0	0.07460641372501828
118.3	0.0	0.07930351838829212
