0.0	0.08389551263215066	-0.05294723172917284	-6.1882336008368295
0.1	0.10178025987348463	-0.053200013163290344	-6.190428986991442
0.2	0.12389551263215065	-0.05294723172917284	-6.1882336008368295
0.3	0.1440713068553059	-0.05281341749764537	-6.185932108928021
0.4	0.16389551263215066	-0.05294723172917284	-6.1882336008368295
0.5	0.18389551263215065	-0.05294723172917284	-6.1882336008368295
0.6	0.20762170700730495	-0.05282381978794592	-6.190428986991442
0.7	0.24693679941448765	-0.05172516100053798	-6.192525419978841
0.8	0.2984287123107655	-0.05091150346327845	-6.190428986991442
0.9	0.3064120443409672	-0.050499446284885424	-6.192525419978841
1.0	0.2759388127396643	-0.05357620653863476	-6.190428986991442
1.1	0.2883705303360099	-0.05607676464615128	-6.236707175828583
1.2	0.30409126057623265	-0.05442173337497361	-6.192525419978841
1.3	0.32409126057623266	-0.05442173337497361	-6.192525419978841
1.4	0.20195310889218276	-0.06214676777386144	-6.236707175828583
1.5	0.21719423496332446	-0.06817792018868142	-6.164695348021448
1.6	0.19751074033345742	-0.06771480756199597	-6.190428986991442
1.7	0.21751074033345738	-0.06771480756199597	-6.190428986991442
1.8	0.1548884089919705	-0.0648829868003422	-6.236707175828583
1.9	0.1617002091422793	-0.0721945967519357	-6.192525419978841
2.0	0.1585535184687597	-0.07401604659901502	-6.190428986991442
2.1	0.15795349849232443	-0.06498063957710601	-6.238770091932675
2.2	0.15553510934372633	-0.07542677175655661	-6.190428986991442
2.3	0.15436076779204344	-0.07727086909324136	-6.1882336008368295
2.4	0.14490923418395002	-0.07868711434287493	-6.190428986991442
2.5	0.14676664770555464	-0.07406111761142009	-6.213530733451018
2.6	0.14123492876063498	-0.07487232389077778	-6.215108848921586
2.7	0.14235090813751777	-0.0821228859487214	-6.192525419978841
2.8	0.125947494686259	-0.06891794937571882	-6.238770091932675
2.9	0.12075900919154586	-0.0703554248533037	-6.236707175828583
3.0	0.109893428657375	-0.07877096478217951	-6.215108848921586
3.1	0.10312044473037019	-0.08753452312641838	-6.194529425312149
3.2	0.09690923407923246	-0.07933978227518687	-6.216617143403763
3.3	0.10009404175423642	-0.08882311761270253	-6.194529425312149
3.4	0.09349447039208636	-0.07131098502424296	-6.237762027758009
3.5	0.09824242319773158	-0.08069062987351583	-6.216617143403763
3.6	0.08525146396727812	-0.08288449139200496	-6.215108848921586
3.7	0.08964325686399355	-0.08362124242660056	-6.215108848921586
3.8	0.09385202101071843	-0.08366249458983951	-6.216617143403763
3.9	0.09806705415495331	-0.08370178280141376	-6.2180601438452
4.0	0.09482753483677109	-0.08546362472094478	-6.216617143403763
4.1	0.08134889872137141	-0.08490591371189023	-6.2180601438452
4.2	0.08006317257266504	-0.0866343593061632	-6.216617143403763
4.3	0.06267933330278985	-0.08619815176215767	-6.2180601438452
4.4	0.05697257536372757	-0.08580181243942116	-6.220766497183629
4.5	-1.7481845921757926	-0.08713796125326125	-6.2180601438452
4.6	-1.7281845921757926	-0.08713796125326125	-6.2180601438452
4.7	-0.009333333333333416	-0.001353846153846226	0.0
4.8	-0.001202504567753393	0.010796365316441413	-6.259933684369123
4.9	-0.008444444444444477	-0.002707692307692376	0.0
5.0	0.009599999999999942	-0.002707692307692376	0.0
5.1	0.06662581930992595	0.010612644100400229	-6.260461946337945
5.2	0.08662581930992597	0.010612644100400229	-6.260461946337945
5.3	0.10662581930992598	0.010612644100400229	-6.260461946337945
5.4	0.126625819309926	0.010612644100400229	-6.260461946337945
5.5	0.002040933404892975	0.0056293155662992716	-6.260461946337945
5.6	0.01812648611643697	0.005823112488459671	-6.259933684369123
5.7	0.0202243449047792	-0.014765417878817669	-0.02272336084164106
5.8	0.028808709589877912	0.004872643180570018	-6.260966741852867
5.9	-0.019577270056941654	0.0026762319905357414	-6.260461946337945
6.0	0.0040683999188855235	0.012674669743353389	-6.236707175828583
6.1	0.0066929420682408924	0.0038143996186945986	-6.260461946337945
6.2	0.0110550655352315	0.0033687409643446977	-6.260966741852867
6.3	-0.004138376147910794	0.0030146061502586397	-6.260461946337945
6.4	0.03146666666666653	-0.005415384615384662	0.0
6.5	0.04723646429206707	-0.014027146984876778	-0.02272336084164106
6.6	0.04613080331945163	0.0015073030751293418	-6.260461946337945
6.7	0.012889194535790516	-0.014384661660681374	-0.02325162281046289
6.8	0.009928258965692605	-0.0010458837664162103	-6.260461946337945
6.9	0.016260661160284684	0.004241774109200683	-6.237762027758009
7.0	0.014779573239870114	-0.003098038565424202	-6.260966741852867
7.1	0.01328113414224874	-0.002996952841729634	-6.259380280994517
7.2	0.017638462629965712	-0.0033994386419115385	-6.259933684369123
7.3	0.008313058296191667	-0.003871582897732591	-6.259933684369123
7.4	0.008533333333333282	-0.009476923076923105	0.0
7.5	-0.00471111111111111	-0.009476923076923102	0.0
7.6	-0.006222222222222129	-0.0094769230769231	0.0
7.7	-0.007487428826581821	-0.005506270417309047	-6.260461946337945
7.8	0.0021408994920082414	-0.012116712564412472	-0.023805026185069966
7.9	0.007096912065342353	-0.005906167151527027	-6.260461946337945
8.0	0.014770878557502254	-0.011665558373184346	-0.023805026185069966
8.1	0.007733333333333148	-0.00812307692307694	0.0
8.2	0.014274419011549133	-0.0052527237978702715	-6.259380280994517
8.3	0.008622222222222309	-0.008123076923076934	0.0
8.4	0.015215120137433091	-0.0073024978233655734	-6.259933684369123
8.5	0.015377777777777712	-0.009476923076923086	0.0
8.6	0.01973333333333316	-0.009476923076923086	0.0
8.7	0.018222222222221918	-0.009476923076923084	0.0
8.8	0.02062222222222232	-0.009476923076923082	0.0
8.9	0.011288888888888904	-0.009476923076923079	0.0
9.0	0.009777777777777885	-0.009476923076923077	0.0
9.1	-0.0050970902205325075	-0.00988355308852066	-6.259933684369123
9.2	-0.0010666666666667712	-0.008123076923076919	0.0
9.3	-0.0008331643388987953	-0.005791636204738217	-0.02325162281046289
9.4	0.00939600992529277	-0.005660076853546747	-0.02272336084164106
9.5	0.013747195932585221	-0.005349399695990592	-0.023805026185069966
9.6	0.016565434326610395	-0.007082163837315766	-6.259933684369123
9.7	0.014741877613104082	-0.0020459584418912108	-0.02325162281046289
9.8	0.01528888888888913	-0.00406153846153845	0.0
9.9	0.013998422329070781	-0.00802869597160709	-6.260461946337945
10.0	0.021910684069157638	-0.002549578981433661	-0.02325162281046289
10.1	0.020822585750422284	-0.010054293404512476	-6.259380280994517
10.2	0.02517436360142211	-0.010229792209456112	-6.259933684369123
10.3	0.015439767579269681	-0.0014793853349059421	-0.02325162281046289
10.4	0.01825371666738329	-0.010985223018769795	-6.259933684369123
10.5	0.004609066734061251	-0.0006610019581494513	-0.02325162281046289
10.6	0.0011490039168662314	-0.0003998967342179512	-0.02272336084164106
10.7	-0.005866242128081733	-0.010858734398380483	-6.260461946337945
10.8	-0.001777777777777878	-0.004061538461538431	0.0
10.9	0.00257777777777779	-0.00406153846153843	0.0
11.0	0.010813238609137077	0.002203339860498263	-0.02325162281046289
11.1	0.007349283897319481	0.002285931368662472	-0.022218565326718842
11.2	0.009777777777777441	-0.004061538461538425	0.0
11.3	0.006570143533752848	-0.01136293842342665	-6.259933684369123
11.4	0.008697097464532177	0.003188272698397665	-0.022218565326718842
11.5	0.019235259529053916	-0.012981263218460526	-6.260461946337945
11.6	0.021333333333333204	-0.005415384615384573	0.0
11.7	0.025688888888888872	-0.005415384615384571	0.0
11.8	0.022528741955542664	-0.01368551016765045	-6.260966741852867
11.9	0.02102294026352025	-0.01401636865522002	-6.260966741852867
12.0	0.0058215441725919526	-0.014359149213128584	-6.2614496003377935
12.1	0.00011155850146948865	0.005474204067060154	-0.022218565326718842
12.2	-0.011126161531993084	0.007308964770855051	-0.022218565326718842
12.3	-0.010520587433335837	-0.012585040446178208	-6.261911921155525
12.4	-0.006161492010228642	-0.012815430202629983	-6.261911921155525
12.5	0.003938148177802248	0.008898804342949802	-0.021273386024061036
12.6	0.0004897336937790264	0.00971520831681557	-0.022218565326718842
12.7	0.0028807736634588466	0.009503577453635711	-0.021273386024061036
12.8	-0.004622222222222305	-0.001353846153846089	0.0
12.9	-0.0022222222222221255	-0.0013538461538460875	0.0
13.0	0.0003317455689688664	0.010948408134120334	-0.022218565326718842
13.1	0.008444444444444699	-0.0027076923076922387	0.0
13.2	0.009007133407457513	0.010076144848709641	-0.022218565326718842
13.3	0.01140435986766608	0.01006317424362705	-0.021735706841792712
13.4	0.0314043598676661	0.01006317424362705	-0.021735706841792712
13.5	0.051404359867666116	0.01006317424362705	-0.021735706841792712
13.6	-0.048125926885670633	0.01670337897541236	-0.02272336084164106
13.7	-0.0496185940384648	0.01674538293978654	-0.02325162281046289
13.8	-0.055822222222221995	0.029784615384615316	0.0
13.9	-0.050628694362595095	0.01875986509795636	-0.02325162281046289
14.0	-0.049066666666667036	0.031138461538461476	0.0
14.1	-0.034192590683473245	0.04288123442306622	-6.260461946337945
14.2	-0.04622222222222261	0.031138461538461476	0.0
14.3	-0.03912809516019777	0.04192879378836209	-6.260966741852867
14.4	-0.0424860662938098	0.021840513945751	-0.02272336084164106
14.5	-0.038142660654008065	0.02231790888878391	-0.022218565326718842
14.6	-0.03271111111111136	0.031138461538461486	0.0
14.7	-0.023570527342371417	0.020900252391011797	-0.02325162281046289
14.8	-0.021197710102076606	0.03931200393213003	-6.260966741852867
14.9	-0.020776960259595523	0.03922064124060934	-6.260461946337945
15.0	-0.016389021961749517	0.038770599134288916	-6.260966741852867
15.1	-0.012029605010492883	0.03852997477969286	-6.260966741852867
15.2	-0.027232421731526735	0.021215015228225838	-0.02325162281046289
15.3	-0.028709808817082294	0.036482886675578564	-6.260461946337945
15.4	-0.03608051862577888	0.03605222865411305	-6.260461946337945
15.5	-0.03176535720121754	0.022424978403454216	-0.02272336084164106
15.6	-0.029316380536339892	0.02405532662757366	-0.02272336084164106
15.7	-0.02106441516262647	0.024393293947174842	-0.022218565326718842
15.8	-0.028461827519232763	0.0362675576648458	-6.260461946337945
15.9	-0.02214718242358149	0.03605222865411304	-6.260461946337945
16.0	-0.025544139390753617	0.025118074409679867	-0.02325162281046289
16.1	-0.022133333333333116	0.03113846153846151	0.0
16.2	-0.018870529122004154	0.035284914051693206	-6.259933684369123
16.3	-0.009511111111110804	0.029784615384615354	0.0
16.4	-0.006195440757040593	0.033490765879573205	-6.259933684369123
16.5	-0.0018356564017198984	0.03323895560980198	-6.259933684369123
16.6	-0.007251006824323891	0.032829763921423734	-6.259933684369123
16.7	-0.012711822990081334	0.024457072451530403	-0.02325162281046289
16.8	-0.023878031640417685	0.03048443566230888	-6.260461946337945
16.9	-0.011812362101780494	0.025086598125958474	-0.02325162281046289
17.0	-0.019202243163005672	0.025593390989950518	-0.02272336084164106
17.1	-0.020642570248250447	0.031004139465582333	-6.259933684369123
17.2	-0.012393672103097941	0.027469829512050258	-0.02272336084164106
17.3	-0.006057920670854866	0.027636177107392152	-0.02325162281046289
17.4	-0.009495867859664386	0.027971559856143614	-0.023805026185069966
17.5	-0.005180041019870796	0.028300384267733757	-0.02272336084164106
17.6	-0.011555555555555319	0.029784615384615378	0.0
17.7	-0.010124079761007376	0.028989657307412507	-0.02325162281046289
17.8	0.00010078546106795372	0.029147038726019522	-0.02325162281046289
17.9	0.0044605698163877605	0.02939884899579075	-0.02325162281046289
18.0	0.014639969295310529	0.028202750214377417	-0.02325162281046289
18.1	0.02286744022560283	0.028393673842334193	-0.022218565326718842
18.2	0.011629376272441316	0.028895228456248298	-0.02325162281046289
18.3	0.010124079761007376	0.029241467577183735	-0.02325162281046289
18.4	-0.008976459350691801	0.029870993251611806	-0.02325162281046289
18.5	-0.012415415285720321	0.03156108071597266	-0.02272336084164106
18.6	-0.010010871591310977	0.031837932301200494	-0.02272336084164106
18.7	-0.0037195797923423868	0.03200303916127496	-0.022218565326718842
18.8	-0.008177777777777617	0.0297846153846154	0.0
18.9	-0.0008172605200309491	0.03270385878653812	-0.02325162281046289
19.0	-0.006232610942634942	0.03311305047491637	-0.02325162281046289
19.1	-0.0018982545205084023	0.033283712801834724	-0.02272336084164106
19.2	0.007288888888888678	0.029784615384615402	0.0
19.3	-0.0010188314421659683	0.025590218665500927	-6.259933684369123
19.4	0.0033603258620971133	0.03414502884476576	-0.02272336084164106
19.5	0.014488888888888773	0.028430769230769256	0.0
19.6	0.02862222222222277	0.028430769230769256	0.0
19.7	0.0046398317965263836	0.0335971755104738	-0.022218565326718842
19.8	0.0070689155674008575	0.03399122240852808	-0.02272336084164106
19.9	-0.0022568449419178016	0.034452641717241134	-0.02272336084164106
20.0	-0.0018326461606328337	0.03461982901750702	-0.022218565326718842
20.1	-0.013095741407816774	0.03630981583811601	-0.021735706841792712
20.2	-0.0028189836907062116	0.03675973826080639	-0.02272336084164106
20.3	-0.0004245502130402201	0.0380752850036646	-0.021735706841792712
20.4	0.009826695129163454	0.038379584558070334	-0.022218565326718842
20.5	-0.013212078262943905	0.03886974612816147	-0.021735706841792712
20.6	0.006787921737056557	0.03886974612816147	-0.021735706841792712
20.7	-0.02394326118828527	0.041373931347936904	-0.02272336084164106
20.8	-0.003943261188284808	0.041373931347936904	-0.02272336084164106
20.9	-0.002755555555555844	0.031138461538461587	0.0
21.0	0.016432468025773694	0.04012411112889171	-0.022218565326718842
21.1	0.005080550864740019	0.039046293044716344	-0.021735706841792712
21.2	-0.0014222222222217695	0.029784615384615437	0.0
21.3	0.010755555555554963	0.029784615384615437	0.0
21.4	0.022933333333332584	0.02978461538461544	0.0
21.5	-0.03797484351654301	0.04385378862513051	-0.022218565326718842
21.6	-0.01797484351654255	0.04385378862513051	-0.022218565326718842
21.7	-0.04296038815498804	0.04538678202099973	-0.021273386024061036
21.8	-0.02876329236093511	0.045989329772170476	-0.022218565326718842
21.9	-0.06088888888888899	0.033846153846153915	0.0
22.0	-0.04871111111111048	0.033846153846153915	0.0
22.1	-0.02871111111111091	0.033846153846153915	0.0
22.2	-0.008711111111111336	0.033846153846153915	0.0
22.3	-0.08553324930273032	0.045158802517963545	-0.024385409172718475
22.4	-0.07534625871165357	0.04566324921216065	-0.023805026185069966
22.5	-0.09822222222222265	0.058215384615384544	0.0
22.6	-0.07822222222222219	0.058215384615384544	0.0
22.7	-0.10737097195573231	0.07063785622657476	-6.259380280994517
22.8	-0.09317970296655176	0.07025506526617238	-6.259933684369123
22.9	-0.10446013425591083	0.04671080504256256	-0.02325162281046289
23.0	-0.08446013425591126	0.04671080504256256	-0.02325162281046289
23.1	-0.1014222222222223	0.05821538461538456	0.0
23.2	-0.09127818253817122	0.06851778497122589	-6.260966741852867
23.3	-0.10468820577284799	0.048455729406780106	-0.022218565326718842
23.4	-0.08468820577284841	0.048455729406780106	-0.022218565326718842
23.5	-0.1133477974800492	0.06590099511499382	-6.260966741852867
23.6	-0.09334779748004873	0.06590099511499382	-6.260966741852867
23.7	-0.09503478049093594	0.04934110474504882	-0.02272336084164106
23.8	-0.08093604813547195	0.04962877313543585	-0.022218565326718842
23.9	-0.08222461950737348	0.06514904400688117	-6.260966741852867
24.0	-0.062224619507373014	0.06514904400688117	-6.260966741852867
24.1	-0.0910579954706714	0.0630435809041657	-6.260966741852867
24.2	-0.08083335987613616	0.06289319068254318	-6.260966741852867
24.3	-0.10184644431506307	0.06090803975712575	-6.260966741852867
24.4	-0.08780264558626882	0.06112694298696538	-6.259933684369123
24.5	-0.09349079046779174	0.04762361727048328	-0.02325162281046289
24.6	-0.07935587133454636	0.047718046121647484	-0.02325162281046289
24.7	-0.09822222222222265	0.05415384615384612	0.0
24.8	-0.08604444444444503	0.05415384615384612	0.0
24.9	-0.1014670034691143	0.04904005003794643	-0.02325162281046289
25.0	-0.08146700346911384	0.04904005003794643	-0.02325162281046289
25.1	-0.09274743475847291	0.049543670577488895	-0.02325162281046289
25.2	-0.07274743475847334	0.049543670577488895	-0.02325162281046289
25.3	-0.05861251562522796	0.04963809942865311	-0.02325162281046289
25.4	-0.06210416395183138	0.051553767972204255	-0.022218565326718842
25.5	-0.04593742726026484	0.05143224760077309	-0.02325162281046289
25.6	-0.049244444444444646	0.054153846153846136	0.0
25.7	-0.029244444444445072	0.054153846153846136	0.0
25.8	-0.06621574390285101	0.05149361188355524	-0.022218565326718842
25.9	-0.05591413296032499	0.051526676451937314	-0.02325162281046289
26.0	-0.08056149273670599	0.05473725739152048	-6.259933684369123
26.1	-0.060561492736705524	0.05473725739152048	-6.259933684369123
26.2	-0.08384488021849368	0.0542965894194208	-0.02325162281046289
26.3	-0.0638448802184941	0.0542965894194208	-0.02325162281046289
26.4	-0.11217777777777904	0.055507692307692306	0.0
26.5	-0.13523595094368268	0.057444217791561156	-0.02325162281046289
26.6	-0.12693333333333356	0.05686153846153846	0.0
26.7	-0.11866666666666692	0.05686153846153847	0.0
26.8	-0.11042643614421088	0.05801079089854642	-0.02325162281046289
26.9	-0.09824654396655141	0.05813669603343203	-0.02325162281046289
27.0	-0.09784227926555378	0.05709797867062572	-0.02325162281046289
27.1	-0.08957244099906347	0.05728683637295414	-0.02325162281046289
27.2	-0.07930163886928554	0.05748993408221226	-0.023805026185069966
27.3	-0.08867298011076219	0.057916362047382215	-0.02325162281046289
27.4	-0.08817667625233216	0.0582955665665482	-0.023805026185069966
27.5	-0.08190843835570671	0.058451458870646074	-0.02325162281046289
27.6	-0.07563836897352783	0.05860025220655742	-0.02272336084164106
27.7	-0.08105402808160456	0.059000148940775404	-0.02272336084164106
27.8	-0.07860505141672647	0.06063049716489486	-0.02272336084164106
27.9	-0.08201907779153572	0.061095466703243964	-0.02325162281046289
28.0	-0.07770606542915104	0.06124572290984559	-0.02272336084164106
28.1	-0.0811666738366057	0.06161485835681604	-0.02272336084164106
28.2	-0.0805394489609439	0.051832769012099315	-6.260461946337945
28.3	-0.07244928191384581	0.0633443613474108	-0.022218565326718842
28.4	-0.06017469027178102	0.06370799825212045	-0.02325162281046289
28.5	-0.05390860978291023	0.06379890975139113	-0.02272336084164106
28.6	-0.045638913986636886	0.06398347747487636	-0.02272336084164106
28.7	-0.04720000000000013	0.05686153846153849	0.0
28.8	-0.044739927999062346	0.0645987032198271	-0.02272336084164106
28.9	-0.04829301140005793	0.06467502043126332	-0.021735706841792712
29.0	-0.0478439477148358	0.06496926529218808	-0.021735706841792712
29.1	-0.0453464997183195	0.06555230312450074	-0.02272336084164106
29.2	-0.029301034090030598	0.0642603290601042	-0.02272336084164106
29.3	-0.03858236162888051	0.06607524500770887	-0.02272336084164106
29.4	-0.03622613273658182	0.06617169751391438	-0.022218565326718842
29.5	-0.04755555555555535	0.05956923076923082	0.0
29.6	-0.0450645615325751	0.06944178717824452	-0.021735706841792712
29.7	-0.0504807787417878	0.06982430549744671	-0.021735706841792712
29.8	-0.05198680868804395	0.07014797484446396	-0.021735706841792712
29.9	-0.05104827211298346	0.08133052220497936	-0.043450895391530686
30.0	-0.04713599201917873	0.07203114195438247	-0.021735706841792712
30.1	-0.03886655380804527	0.07220768887093731	-0.021735706841792712
30.2	-0.030597115596913582	0.07238423578749219	-0.021735706841792712
30.3	-0.027705856915695826	0.08303593445656605	-0.043450895391530686
30.4	-0.015520696198829675	0.08327116373264698	-0.043450895391530686
30.5	-0.020918923869011508	0.08403565887990998	-0.043450895391530686
30.6	-0.02827086135997625	0.08485896134619321	-0.043450895391530686
30.7	-0.034217078065241324	0.07394373355039345	-0.021735706841792712
30.8	-0.023437638134074845	0.08591749308855737	-0.043450895391530686
30.9	-0.029600000000000293	0.06092307692307699	0.0
31.0	-0.017422222222222672	0.06092307692307699	0.0
31.1	-0.01997278183739315	0.08818371716893113	-0.04441521524691083
31.2	-0.014577777777778245	0.06227692307692315	0.0
31.3	-0.08248305464399142	0.05507897302863588	-0.04874185130993158
31.4	-0.08428340840455384	0.07018670203534648	-0.023805026185069966
31.5	-0.08844444444444477	0.08393846153846148	0.0
31.6	-0.07912972424227327	0.058986639447392984	-0.04758310327698334
31.7	-0.0693152905101222	0.07287348948941437	-0.02272336084164106
31.8	-0.05386666666666695	0.08529230769230763	0.0
31.9	-0.062436920562777054	0.09780378359838245	-6.259380280994517
32.0	-0.051022222222222524	0.08529230769230763	0.0
32.1	-0.051930859080994374	0.07411230121558421	-0.022218565326718842
32.2	-0.051481587891923475	0.07441308165882927	-0.022218565326718842
32.3	-0.056604414665180514	0.09496394798747404	-6.259933684369123
32.4	-0.0472888888888896	0.08393846153846148	0.0
32.5	-0.04029206684796449	0.07333974107086982	-0.02325162281046289
32.6	-0.03754367999358532	0.09271451976407565	-6.260461946337945
32.7	-0.04295933910166028	0.09231462302985768	-6.260461946337945
32.8	-0.04055479540725315	0.09203777144462984	-6.260461946337945
32.9	-0.02687433394043026	0.07483417427937235	-0.022218565326718842
33.0	-0.04005570615389509	0.0751498247457321	-0.02272336084164106
33.1	-0.04748159325431178	0.07576659365343205	-0.022218565326718842
33.2	-0.04657702623458526	0.09068427480573821	-6.260461946337945
33.3	-0.04808258394142051	0.09034590064601532	-6.260461946337945
33.4	-0.030437531376259486	0.07625723108664344	-0.02272336084164106
33.5	-0.02871111111111091	0.0839384615384615	0.0
33.6	-0.019819289854749123	0.07687948129343879	-0.022218565326718842
33.7	-0.025866666666666482	0.08258461538461534	0.0
33.8	-0.01890873886847011	0.0759803795014156	-0.02272336084164106
33.9	-0.02432439797654684	0.07638027623563358	-0.02272336084164106
34.0	-0.022577777777778252	0.08258461538461535	0.0
34.1	-0.02287335372035848	0.08674507983187688	-6.260966741852867
34.2	-0.011911111111110095	0.0812307692307692	0.0
34.3	-0.010896065016025247	0.07618768627397512	-0.022218565326718842
34.4	-0.01234611247496975	0.07641103752288113	-0.02272336084164106
34.5	-0.021613254673334303	0.07677065599650282	-0.02325162281046289
34.6	-0.028574440363145825	0.08530072888500315	-6.259933684369123
34.7	-0.03588009695605798	0.08477810765421116	-6.260461946337945
34.8	-0.03158503338601548	0.08460825064313228	-6.259933684369123
34.9	-0.026400000000000645	0.0812307692307692	0.0
35.0	-0.017000383808619013	0.08419905895475403	-6.259933684369123
35.1	-0.01844171937593675	0.08379374646228999	-6.260461946337945
35.2	-0.008764251131455403	0.08027830030210802	-0.022218565326718842
35.3	-0.01565119247616753	0.08325477044311193	-6.259933684369123
35.4	-0.007851182537091717	0.07948716624763481	-0.02272336084164106
35.5	-0.013266841645168448	0.0798870629818528	-0.02272336084164106
35.6	-0.006891085009753439	0.08007566578725017	-0.02325162281046289
35.7	-0.002467098851956173	0.08030544603860588	-0.023805026185069966
35.8	0.0037835106564712007	0.08054781004307124	-0.02325162281046289
35.9	0.004187775357468837	0.07950909268026492	-0.02325162281046289
36.0	0.0007109275274990168	0.08124055962074442	-0.02272336084164106
36.1	-0.010507513655754863	0.08174390882448455	-0.02325162281046289
36.2	-0.005247208116056612	0.08413087236593085	-0.04647813135100298
36.3	-0.013472640935471958	0.08378986726637579	-0.02325162281046289
36.4	-0.005248268412135104	0.08262524476868385	-0.02325162281046289
36.5	0.0027590960866392678	0.08736639351912809	-0.06807645825799957
36.6	0.009381846908414815	0.08438791665708245	-0.02325162281046289
36.7	0.009831577352565901	0.0847026794942965	-0.02325162281046289
36.8	0.014064670942418367	0.08485016303943299	-0.022218565326718842
36.9	0.018424087893675	0.08509078739402903	-0.022218565326718842
37.0	0.015045356853033987	0.08423053523847544	-0.02325162281046289
37.1	0.01009864750603029	0.07794910188525797	-6.260461946337945
37.2	0.01599028348448872	0.08621354111292386	-0.02325162281046289
37.3	0.01946666666666541	0.08123076923076925	0.0
37.4	0.024599285746117694	0.08527028825017174	-0.02272336084164106
37.5	0.029024170807296024	0.08561549172221719	-0.02325162281046289
37.6	0.021803429631851223	0.09685206308954647	-0.06807645825799957
37.7	0.014328881794071435	0.08785030786643684	-0.02325162281046289
37.8	-0.001777777777777878	0.08258461538461541	0.0
37.9	0.003475008248540412	0.08988448133730226	-0.02272336084164106
38.0	0.0050300385017409965	0.09645425474399756	-0.04542327942157698
38.1	0.008284095637358213	0.09043818450775794	-0.02272336084164106
38.2	0.009955143089912966	0.09891325422759215	-0.04542327942157698
38.3	0.011182565296023128	0.09237614560435273	-0.02272336084164106
38.4	0.007654391927948367	0.09258022043083115	-0.022218565326718842
38.5	0.00999403310198943	0.09268713119130093	-0.021735706841792712
38.6	-0.00017777777777716608	0.08529230769230774	0.0
38.7	0.012367016361813477	0.1033394532980624	-0.04542327942157698
38.8	0.01268054265949825	0.10357228676350941	-0.04441521524691083
38.9	0.019744675360612973	0.09412953897746233	-0.02272336084164106
39.0	0.022014819685484355	0.09401123306546237	-0.021735706841792712
39.1	0.04314593943743894	0.10273638632834342	-0.043450895391530686
39.2	0.04774712167533046	0.1049548535630223	-0.04441521524691083
39.3	0.04295544909139348	0.09595324914756583	-0.021735706841792712
39.4	0.01803079760286952	0.09798353868794671	-0.021735706841792712
39.5	-0.0018669538157229937	0.10875656956165412	-0.0425275346197842
39.6	0.002714993719380665	0.10880199596166688	-0.04441521524691083
39.7	0.005584653444039134	0.09748366569865742	-0.021273386024061036
39.8	-0.011454445759892629	0.0996313099091254	-0.021735706841792712
39.9	0.0008678628319742643	0.1002817964269697	-0.02272336084164106
40.0	-0.0033145119629125475	0.11226317200962081	-0.043450895391530686
40.1	-0.009155555555556916	0.08664615384615393	0.0
40.2	-0.0023887083785769647	0.11343931839002544	-0.043450895391530686
40.3	0.011908812632132282	0.1141819841597714	-0.04441521524691083
40.4	0.03190881263213363	0.1141819841597714	-0.04441521524691083
40.5	0.051908812632133206	0.1141819841597714	-0.04441521524691083
40.6	-0.02796163512820904	0.060685814594425166	-0.04874185130993158
40.7	-0.02556721668382167	0.04967563546849329	-0.07130746478529026
40.8	-0.04248902125533505	0.0528587344402608	-0.07130746478529026
40.9	-0.04394546617613848	0.05391976743084999	-0.07130746478529026
41.0	-0.047606163837214055	0.06793371376090108	-0.04647813135100298
41.1	-0.03992444387393057	0.08044076615230841	-0.02272336084164106
41.2	-0.04267729301953693	0.07041832644011924	-0.04647813135100298
41.3	-0.03898102491588595	0.08240948853615075	-0.02272336084164106
41.4	-0.04176695909988837	0.07352408455947801	-0.04542327942157698
41.5	-0.03337597199295139	0.07340615181386256	-0.04647813135100298
41.6	-0.03465384607612698	0.06452711144666444	-0.06807645825799957
41.7	-0.03221307906732207	0.06535595636058449	-0.06807645825799957
41.8	-0.03668912697647997	0.08530104953741921	-0.02272336084164106
41.9	-0.03030931130379777	0.08530072888500309	-0.02325162281046289
42.0	-0.028977777777777547	0.09476923076923072	0.0
42.1	-0.02556539449200912	0.08607008171860762	-0.02272336084164106
42.2	-0.027050558758912047	0.08486006091290346	-0.02325162281046289
42.3	-0.030575993576766436	0.08542409468640937	-0.02272336084164106
42.4	-0.039836286559706835	0.08570992057338137	-0.02325162281046289
42.5	-0.047465797123024345	0.10040051195520285	-6.260966741852867
42.6	-0.0332006775742304	0.0865646115659299	-0.022218565326718842
42.7	-0.02409452765401099	0.07979453324264422	-0.04542327942157698
42.8	-0.03128888888888959	0.09206153846153842	0.0
42.9	-0.020165872784485117	0.08593297263511526	-0.022218565326718842
43.0	-0.025407742161295488	0.08740963989433714	-0.02325162281046289
43.1	-0.019092930850387546	0.08762997388038696	-0.02325162281046289
43.2	-0.02070983750128086	0.08674683003805346	-0.02272336084164106
43.3	-0.01628390874965646	0.08687454307107328	-0.02325162281046289
43.4	-0.015834178305505375	0.08718930590828732	-0.02325162281046289
43.5	-0.00944953967145068	0.08729833600264177	-0.023805026185069966
43.6	-0.005226510621779923	0.08776195251722217	-0.02272336084164106
43.7	0.0030431851744925353	0.0879465202407074	-0.02272336084164106
43.8	-0.00046185620343131006	0.08696215904878622	-0.02272336084164106
43.9	-1.2363209645371853e-05	0.08726977192126158	-0.02272336084164106
44.0	-0.00933812371896181	0.08773119122997464	-0.02272336084164106
44.1	-0.011944664125875804	0.08698148516935461	-0.04441521524691083
44.2	-0.016214907563403713	0.08982295876280715	-0.02272336084164106
44.3	-0.00893532752440862	0.08803218151268609	-0.04542327942157698
44.4	-0.006517173832110146	0.08858545639649487	-0.04542327942157698
44.5	-0.004099020139811671	0.08913873128030364	-0.04542327942157698
44.6	-0.000589701166211043	0.09077866833497304	-0.023805026185069966
44.7	-0.006004720605394809	0.09119759722682773	-0.023805026185069966
44.8	0.0021922096461111096	0.09140712792695539	-0.02325162281046289
44.9	-0.0032932031037820053	0.09182244243389705	-0.02272336084164106
45.0	0.013156649391907749	0.09164984783296176	-0.06965457372856809
45.1	0.0035414009785643685	0.0923514164385975	-0.02325162281046289
45.2	0.007830529380688844	0.09259147461508546	-0.02272336084164106
45.3	0.015388796817299877	0.09359756118168604	-0.04647813135100298
45.4	0.014550234499658643	0.09176091985940196	-0.02272336084164106
45.5	0.005224473990338652	0.09222233916811501	-0.02272336084164106
45.6	0.0076290176847493285	0.09249919075334284	-0.02272336084164106
45.7	-0.0017210608472240096	0.09426459091300354	-0.022218565326718842
45.8	0.004734487132033394	0.09458623258281713	-0.02325162281046289
45.9	0.0032291906205976773	0.09493247170375257	-0.02325162281046289
46.0	0.009544001931503843	0.0951528056898024	-0.02325162281046289
46.1	0.01090001018172515	0.10374209986027166	-0.06965457372856809
46.2	0.004623847696203498	0.09723024041541505	-0.02325162281046289
46.3	0.0011635242291845316	0.09760795582007188	-0.02325162281046289
46.4	0.005448675474124087	0.09775937087267166	-0.02272336084164106
46.5	0.005132564903888692	0.10258044536385882	-0.04441521524691083
46.6	0.010257762862941888	0.09831307404312731	-0.02272336084164106
46.7	0.010635388631877518	0.09850559516275896	-0.022218565326718842
46.8	0.02569023510985069	0.11040927703675264	-0.06656816377582375
46.9	0.015444076772205051	0.09904699996060005	-0.022218565326718842
47.0	0.017848420842369705	0.09931770235952062	-0.022218565326718842
47.1	0.008671421693557946	0.10006310595034135	-0.02325162281046289
47.2	0.006361363691375743	0.10791143040212374	-0.043450895391530686
47.3	-0.002337141809052312	0.10174987290778367	-0.021735706841792712
47.4	0.0075261636997954184	0.11075562296097854	-0.04441521524691083
47.5	0.00777114772594345	0.11905470166605793	-0.06656816377582375
47.6	0.014112577565061457	0.11968509721194477	-0.06656816377582375
47.7	-0.00629080904138668	0.10455128207198475	-0.022218565326718842
47.8	0.00520565687330965	0.12273324572880986	-0.06512516333438567
47.9	0.0018036329884569824	0.11459874569846695	-0.0425275346197842
48.0	0.01983732706831276	0.12387863854609238	-0.06512516333438567
48.1	-0.0011422826166818112	0.12572888848170258	-0.06512516333438567
48.2	0.001746933393405925	0.10575160301636048	-0.021735706841792712
48.3	0.0059256806304439635	0.11769851275853244	-0.04441521524691083
48.4	0.01225029163526159	0.11811929395838419	-0.04441521524691083
48.5	-0.0008160628138877968	0.10669318657131972	-0.021735706841792712
48.6	0.0071507471298772884	0.11902601369694739	-0.043450895391530686
48.7	-0.007931085738970722	0.12143711377677685	-0.043450895391530686
48.8	0.012068914261028851	0.12143711377677685	-0.043450895391530686
48.9	-0.010588027049955429	0.11101806160175366	-0.022218565326718842
49.0	0.009411972950045921	0.11101806160175366	-0.022218565326718842
49.1	0.00998174864943202	0.13643560743122374	-0.06656816377582375
49.2	0.012302626109724102	0.11052530508039941	-0.02272336084164106
49.3	0.020713384018971936	0.13778645502955267	-0.06656816377582375
49.4	0.04071338401897151	0.13778645502955267	-0.06656816377582375
49.5	-0.06497777777777891	0.11101538461538454	0.0
49.6	-0.04497777777777934	0.11101538461538454	0.0
49.7	-0.05140937199048423	0.0858397274927673	-0.04758310327698334
49.8	-0.042405937563330554	0.09925392207018698	-0.023805026185069966
49.9	-0.06532287515110902	0.12484080977269639	-6.259380280994517
50.0	-0.05490351821097228	0.12412179404381062	-6.260461946337945
50.1	-0.07013333333333449	0.11101538461538456	0.0
50.2	-0.05013333333333314	0.11101538461538456	0.0
50.3	-0.08332512944361525	0.1020659510873267	-0.02272336084164106
50.4	-0.0633251294436139	0.1020659510873267	-0.02272336084164106
50.5	-0.08593967297371741	0.1209318820576318	-6.259933684369123
50.6	-0.06593967297371606	0.1209318820576318	-6.259933684369123
50.7	-0.09872540077450864	0.12008202239715389	-6.259933684369123
50.8	-0.07872540077450907	0.12008202239715389	-6.259933684369123
50.9	-0.08059442323116883	0.10236087466200373	-0.02325162281046289
51.0	-0.07182528003899158	0.11800029788155082	-6.260461946337945
51.1	-0.07928577065448827	0.11775277740177005	-6.259933684369123
51.2	-0.0592857706544887	0.11775277740177005	-6.259933684369123
51.3	-0.06871111111111183	0.10966153846153842	0.0
51.4	-0.05653333333333421	0.10966153846153842	0.0
51.5	-0.06821183727464586	0.10138510986664025	-0.02325162281046289
51.6	-0.048211837274646285	0.10138510986664025	-0.02325162281046289
51.7	-0.07525490871183749	0.10092778345916788	-0.02272336084164106
51.8	-0.0669852129155668	0.1011123511826531	-0.02272336084164106
51.9	-0.08168888888889114	0.10695384615384614	0.0
52.0	-0.0660862269279896	0.10172757692760383	-0.02272336084164106
52.1	-0.0910523930422773	0.10243508653429717	-0.02272336084164106
52.2	-0.07105239304227595	0.10243508653429717	-0.02272336084164106
52.3	-0.08811978293161538	0.10292744776898902	-0.02325162281046289
52.4	-0.07585755135801975	0.10295983149813233	-0.023805026185069966
52.5	-0.08684444444444495	0.10559999999999999	0.0
52.6	-0.0762303974307077	0.10883343428178487	-6.260461946337945
52.7	-0.0706806455103326	0.10393468884807391	-0.02325162281046289
52.8	-0.05654572637708988	0.10402911769923813	-0.02325162281046289
52.9	-0.07173621157761723	0.1045956908062234	-0.02325162281046289
53.0	-0.05173621157761765	0.1045956908062234	-0.02325162281046289
53.1	-0.03760129244437138	0.1046901196573876	-0.02325162281046289
53.2	-0.07825259381065841	0.10431240425273076	-0.02325162281046289
53.3	-0.05825259381065884	0.10431240425273076	-0.02325162281046289
53.4	-0.07152362921868871	0.10621872486574421	-0.02272336084164106
53.5	-0.0573076671792041	0.10629541012717919	-0.02325162281046289
53.6	-0.08039989673421744	0.10698775704693263	-0.02272336084164106
53.7	-0.06039989673421786	0.10698775704693263	-0.02272336084164106
53.8	-0.10092409582520645	0.10796365316441357	-0.02325162281046289
53.9	-0.08092409582520688	0.10796365316441357	-0.02325162281046289
54.0	-0.08870840637067445	0.10985580192958802	-0.04542327942157698
54.1	-0.08168888888888937	0.1056	0.0
54.2	-0.08751419791128434	0.11029618853796554	-0.022218565326718842
54.3	-0.06751419791128477	0.11029618853796554	-0.022218565326718842
54.4	-0.09631002681966017	0.11110976953810256	-0.02272336084164106
54.5	-0.07631002681965882	0.11110976953810256	-0.02272336084164106
54.6	-0.09549247756046597	0.11164970053256833	-0.022218565326718842
54.7	-0.09271111111111097	0.10830769230769233	0.0
54.8	-0.1022009407641491	0.11391267078775882	-0.02325162281046289
54.9	-0.09019107216704292	0.11384539776825729	-0.022218565326718842
55.0	-0.10538238402671496	0.11438680256609841	-0.022218565326718842
55.1	-0.09320267555108863	0.11450711474339643	-0.022218565326718842
55.2	-0.11413077463525312	0.11661603995541164	-0.02272336084164106
55.3	-0.09413077463525532	0.11661603995541164	-0.02272336084164106
55.4	-0.10920420877483572	0.1305819345051316	-0.06656816377582375
55.5	-0.10895780066061711	0.11733445090990004	-0.022218565326718842
55.6	-0.0986839729191562	0.12536274175583217	-0.04441521524691083
55.7	-0.1021505935751712	0.11919928965801946	-0.022218565326718842
55.8	-0.09207146374818898	0.1260828919793751	-0.043450895391530686
55.9	-0.08947827490126059	0.12692564335528153	-0.04441521524691083
56.0	-0.08492152871897396	0.12774502317273864	-0.04542327942157698
56.1	-0.09070445817039641	0.1187278013831426	-0.021735706841792712
56.2	-0.08430710064509839	0.11910905552504591	-0.022218565326718842
56.3	-0.07980884687648171	0.1290896609545191	-0.04441521524691083
56.4	-0.07358974779746852	0.12091373818451633	-0.022218565326718842
56.5	-0.07884444444444405	0.11236923076923083	0.0
56.6	-0.06673737503870925	0.12163012977676015	-0.02272336084164106
56.7	-0.06632959568481311	0.13208123851943868	-0.043450895391530686
56.8	-0.04446082976928167	0.13066986286295312	-0.043450895391530686
56.9	-0.04372797998025035	0.1330269707531319	-0.04441521524691083
57.0	-0.03544974197611772	0.13338764035300485	-0.04441521524691083
57.1	-0.05875750640656108	0.12396535990760343	-0.021735706841792712
57.2	-0.03842953596097409	0.13471009555253893	-0.04441521524691083
57.3	-0.05012400858114141	0.12172909896457522	-0.021735706841792712
57.4	-0.04381588485189347	0.13379446729085206	-0.0425275346197842
57.5	-0.045186890144576	0.12386138652831796	-0.022218565326718842
57.6	-0.0447376189555051	0.12416216697156303	-0.022218565326718842
57.7	-0.04624342064752618	0.12449302545913259	-0.022218565326718842
57.8	-0.04179295210704659	0.1250138713739892	-0.02272336084164106
57.9	-0.04720000000000013	0.11236923076923085	0.0
58.0	-0.04284444444444624	0.11236923076923085	0.0
58.1	-0.02871111111111091	0.11236923076923085	0.0
58.2	-0.008711111111111336	0.11236923076923085	0.0
58.3	0.011288888888888238	0.11236923076923085	0.0
58.4	-0.06363119261767558	0.03731542545932111	-0.09966865249116186
58.5	-0.07476283593559607	0.055559545689033256	-0.07130746478529026
58.6	-0.07412840444439261	0.05555728903171089	-0.0730405653031192
58.7	-0.08389226560771235	0.07123604706872266	-0.04647813135100298
58.8	-0.06768572594466882	0.07077108815795295	-0.04758310327698334
58.9	-0.06408655433592436	0.08397872496870415	-0.02325162281046289
59.0	-0.050983425032150365	0.062347556302652436	-0.06807645825799957
59.1	-0.05544999026696118	0.08635406525565838	-0.022218565326718842
59.2	-0.048174192800704674	0.07601656766671201	-0.04647813135100298
59.3	-0.05046653933950651	0.08775587901527256	-0.02325162281046289
59.4	-0.04812905354333097	0.08828489440043026	-0.02272336084164106
59.5	-0.04677750451728535	0.0779036152711815	-0.04647813135100298
59.6	-0.04331996615451139	0.08883859757088593	-0.02272336084164106
59.7	-0.044890625544139695	0.08939194773243352	-0.022218565326718842
59.8	-0.036555828065072404	0.08936153945409404	-0.02272336084164106
59.9	-0.0399025831091091	0.0908720311036915	-0.02325162281046289
60.0	-0.03963266621474304	0.09023413297351972	-0.022218565326718842
60.1	-0.06655441536097406	0.09095600603730786	-0.022218565326718842
60.2	-0.06408361659923933	0.09105341025270859	-0.02272336084164106
60.3	-0.0752946392317746	0.09137565164323395	-0.02325162281046289
60.4	-0.06789135022991921	0.08573486282972984	-0.04647813135100298
60.5	-0.05995637188837044	0.08538852776991583	-0.04441521524691083
60.6	-0.04691659438130458	0.07861747498330529	-0.06807645825799957
60.7	-0.04421577886455097	0.09080907853624871	-0.02325162281046289
60.8	-0.037950941685926054	0.07965182114612442	-0.06965457372856809
60.9	-0.04145444415638444	0.09303139109569881	-0.022218565326718842
61.0	-0.042821121788946925	0.09310684724791116	-0.02325162281046289
61.1	-0.03457973484492349	0.08411240978299747	-0.06807645825799957
61.2	-0.04387668785622978	0.09376784920606063	-0.02325162281046289
61.3	-0.035606849589740364	0.09395670690838905	-0.02325162281046289
61.4	-0.03515711914558928	0.09427146974560308	-0.02325162281046289
61.5	-0.028842307834683112	0.0944918037316529	-0.02325162281046289
61.6	-0.024125853205667624	0.08806928489500507	-0.06965457372856809
61.7	-0.027942846946382716	0.09512132940608096	-0.02325162281046289
61.8	-0.03538617099180108	0.09563684205259157	-0.02272336084164106
61.9	-0.034863493880422425	0.09587676021539467	-0.02325162281046289
62.0	-0.03776490267082622	0.0925921012376872	-0.06965457372856809
62.1	-0.03262857115613471	0.09554751037297116	-0.04647813135100298
62.2	-0.03020956467110736	0.096113624654312	-0.04647813135100298
62.3	-0.018731986811834744	0.09457083338761064	-0.06965457372856809
62.4	-0.02130971398618442	0.0970446131519883	-0.04758310327698334
62.5	-0.02031041523830801	0.09889944377707925	-0.023805026185069966
62.6	-0.021247515875421286	0.09900092027378357	-0.06807645825799957
62.7	-0.017863619637832784	0.10026440788164949	-0.04758310327698334
62.8	-0.02357251733876531	0.10112635376282725	-0.04542327942157698
62.9	-0.011974188961094256	0.10139536113621928	-0.06807645825799957
63.0	-0.018013942349751844	0.1018641713194355	-0.023805026185069966
63.1	-0.011858439826029965	0.10206595108732676	-0.02272336084164106
63.2	-0.003588744029759283	0.10225051881081199	-0.02272336084164106
63.3	0.013530110669767836	0.10532469998739581	-0.06807645825799957
63.4	-0.012465011545289784	0.10301955099200041	-0.02272336084164106
63.5	-0.005000665967550333	0.10808751636712932	-0.06807645825799957
63.6	-0.011803875942076658	0.10967222820908135	-0.07130746478529026
63.7	-0.011192302804518661	0.10388956509684563	-0.022218565326718842
63.8	-0.00871198886951774	0.10421924119465434	-0.02272336084164106
63.9	0.0030271732765214665	0.10721237748472386	-0.04542327942157698
64.0	0.004877569130263382	0.11076950306297369	-0.06656816377582375
64.1	0.002411743614951334	0.10498827337584278	-0.02272336084164106
64.2	-0.0030039154931245093	0.10538817011006074	-0.02272336084164106
64.3	0.001436318688103455	0.10572883702019395	-0.02325162281046289
64.4	-0.002104929505547304	0.10600339585501149	-0.02272336084164106
64.5	0.006164766290725154	0.10618796357849669	-0.02272336084164106
64.6	0.004740536976138188	0.10664164924811464	-0.02325162281046289
64.7	0.01843546047437883	0.11830993697214329	-0.06807645825799957
64.8	0.007131549990988972	0.11385137035988784	-0.04441521524691083
64.9	0.007595279997874016	0.11445248635967606	-0.04441521524691083
65.0	0.0020803226463161906	0.12148622734305002	-0.06656816377582375
65.1	-0.006734248381050634	0.10963322775022082	-0.02272336084164106
65.2	-0.010472652067930355	0.12526860061837108	-0.06656816377582375
65.3	-0.004393154473763872	0.12543519801573272	-0.06512516333438567
65.4	-0.005628258095567773	0.1192914701579712	-0.04441521524691083
65.5	0.0006963529092480769	0.11971225135782294	-0.04441521524691083
65.6	-0.006654425081116244	0.12055381375752645	-0.04441521524691083
65.7	-0.007985205538334483	0.11270243208392602	-0.022218565326718842
65.8	-0.009547391199335564	0.12322877995658402	-0.04441521524691083
65.9	-0.00942025220049203	0.12305982837936834	-0.0425275346197842
66.0	-0.008958126418297852	0.12363541223521197	-0.0425275346197842
66.1	-0.0026346383707611665	0.1240383209343025	-0.0425275346197842
66.2	8.93540101962742e-05	0.11525571202423038	-0.021735706841792712
66.3	0.004529232065578981	0.11571023651637669	-0.022218565326718842
66.4	0.005109098883432139	0.13765272140007942	-0.06512516333438567
66.5	0.0035536817120398467	0.12848854495473092	-0.04441521524691083
66.6	-0.009720091351930193	0.11820671419531072	-0.022218565326718842
66.7	-0.019086353439019987	0.11975765839637931	-0.021735706841792712
66.8	-0.02001250856938519	0.1451124592357142	-0.06512516333438567
66.9	-0.009465355298953426	0.14634182315230268	-0.06656816377582375
67.0	-0.023288888888888692	0.10830769230769238	0.0
67.1	-0.011340435104738589	0.12112428449478785	-0.022218565326718842
67.2	-0.0011157995101989115	0.12127467471641037	-0.022218565326718842
67.3	0.018884200489798886	0.12127467471641037	-0.022218565326718842
67.4	0.038884200489800236	0.12127467471641037	-0.022218565326718842
67.5	-0.04781562975398934	0.0643638459185542	-0.07485984771076692
67.6	-0.04629497309912978	0.0809456395036823	-0.04758310327698334
67.7	-0.03773829665007966	0.0799800872973379	-0.049958395721942495
67.8	-0.03754844727504114	0.08197597381717388	-0.04758310327698334
67.9	-0.042172066136110686	0.09581380764795183	-0.02325162281046289
68.0	-0.0358572548252063	0.09603414163400166	-0.02325162281046289
68.1	-0.047137686114567146	0.09653776217354411	-0.02325162281046289
68.2	-0.044806907336381485	0.09708262255322575	-0.02272336084164106
68.3	-0.04240236364197436	0.09735947413845358	-0.02272336084164106
68.4	-0.053683174851911986	0.09785165473441416	-0.02272336084164106
68.5	-0.037664753949741225	0.09814465863086494	-0.022218565326718842
68.6	-0.027368529756262916	0.09806698374514693	-0.02272336084164106
68.7	-0.03473923956495817	0.09849764176661245	-0.02272336084164106
68.8	-0.02255944236744334	0.0986206869156026	-0.02272336084164106
68.9	-0.03503994378003661	0.11618538193394615	-6.260461946337945
69.0	-0.03925591268545858	0.09951276424578118	-0.02272336084164106
69.1	-0.03627684602727044	0.11594662714562766	-6.259380280994517
69.2	-0.03564651549929465	0.1152317820292725	-6.260461946337945
69.3	-0.016371036105308434	0.09855224433171392	-0.02325162281046289
69.4	-0.01599681597394209	0.09905134493706813	-0.02272336084164106
69.5	-0.011637221578912005	0.09929743523504843	-0.02272336084164106
69.6	-0.0170528806869914	0.09969733196926639	-0.02272336084164106
69.7	-0.01608888888888771	0.10559999999999996	0.0
69.8	-0.025125093727615067	0.11095390011794692	-6.259933684369123
69.9	-0.026630390239049007	0.11060766099701148	-6.259933684369123
70.0	-0.026488888888890116	0.10424615384615381	0.0
70.1	-0.018222222222222584	0.10424615384615381	0.0
70.2	-0.012489737964576975	0.09880525463908783	-0.02272336084164106
70.3	-0.004825400120214596	0.09356611038827818	-0.04647813135100298
70.4	-0.013515425404694525	0.09798567122472868	-0.02325162281046289
70.5	-0.016444444444445594	0.10289230769230767	0.0
70.6	-0.01655691809129145	0.10012798999073191	-0.02272336084164106
70.7	-0.010242272995638402	0.10034331900146468	-0.02272336084164106
70.8	-0.0057256541439301145	0.10041403284763077	-0.023805026185069966
70.9	0.002387017195665919	0.10077397702293019	-0.02272336084164106
71.0	0.0029136116924544098	0.10100739446198341	-0.02325162281046289
71.1	0.007354309968343742	0.10118744003259328	-0.023805026185069966
71.2	-9.698133041347035e-05	0.10169987270385429	-0.02325162281046289
71.3	0.012082910847245998	0.1018257778387399	-0.02325162281046289
71.4	0.014409735667710422	0.10215823494906935	-0.02272336084164106
71.5	-0.004691278344715499	0.10277346069402007	-0.02272336084164106
71.6	-0.008151886752171933	0.10314259614099053	-0.02272336084164106
71.7	0.0001966439347551585	0.10330516317364587	-0.02325162281046289
71.8	-0.0013877486627311697	0.10366553802419867	-0.02272336084164106
71.9	0.0010167950316777308	0.10394238960942648	-0.02272336084164106
72.0	-0.004398864076398112	0.10434228634364447	-0.02272336084164106
72.1	-0.003949371082612174	0.10464989921611985	-0.02272336084164106
72.2	0.00020426274130080913	0.10699559917341933	-0.04647813135100298
72.3	0.012390487845754805	0.10724720552068194	-0.04647813135100298
72.4	0.016762938054666776	0.10775041821520713	-0.04647813135100298
72.5	0.027168243215063725	0.10812070702202278	-0.04758310327698334
72.6	0.01992989931994238	0.1072396986388213	-0.02325162281046289
72.7	0.02954532984579039	0.11241592869537846	-0.06807645825799957
72.8	0.03255952194175116	0.10768036661092095	-0.02325162281046289
72.9	0.01533141144313177	0.10821820853683412	-0.02272336084164106
73.0	0.01578090443691771	0.10852582140930948	-0.02272336084164106
73.1	0.010285848954763921	0.10885244241038922	-0.022218565326718842
73.2	0.018624854267525137	0.1141978308638112	-0.04647813135100298
73.3	0.020519736512543574	0.11824419310706055	-0.06656816377582375
73.4	0.017498881165257885	0.1096645496071509	-0.022218565326718842
73.5	0.008172787948861782	0.1101157202720185	-0.022218565326718842
73.6	0.018344792830554013	0.12144112886917459	-0.06807645825799957
73.7	0.00497467658470363	0.1173678989586489	-0.04441521524691083
73.8	0.011299287589521256	0.11778868015850065	-0.04441521524691083
73.9	0.011968391650263754	0.11264227599527703	-0.022218565326718842
74.0	0.026256243804416712	0.11910415463543185	-0.04647813135100298
74.1	0.0247683628416695	0.119796072090404	-0.04647813135100298
74.2	0.02121925333283947	0.11357067251790551	-0.02272336084164106
74.3	0.015720549287637553	0.11381531972393279	-0.022218565326718842
74.4	0.016169820476710228	0.11411610016717785	-0.022218565326718842
74.5	0.012591770638390898	0.12205660375699699	-0.04441521524691083
74.6	0.015009127644583842	0.12259760815680638	-0.04441521524691083
74.7	0.009697342519551455	0.11513875367421107	-0.022218565326718842
74.8	0.01602341552498565	0.12515235115590628	-0.04441521524691083
74.9	0.012404825109847195	0.1254948187891728	-0.043450895391530686
75.0	0.010914017081230298	0.12614169929839533	-0.043450895391530686
75.1	0.0037392165504535058	0.1273764803551227	-0.04441521524691083
75.2	0.0063432403056022935	0.13850442375139205	-0.06512516333438567
75.3	-0.0011073765670790436	0.1301115581541591	-0.04441521524691083
75.4	0.0011986956845380092	0.12013170903207915	-0.022218565326718842
75.5	0.003603039754699111	0.1204024114309997	-0.022218565326718842
75.6	0.014268336729193365	0.14311536406711906	-0.06512516333438567
75.7	-0.009097035906760809	0.12392154261696697	-0.022218565326718842
75.8	-0.004389123930689465	0.13735500595160707	-0.04441521524691083
75.9	-0.00020976973451780623	0.13731508991223923	-0.043450895391530686
76.0	-0.011276171914172295	0.1387976843510988	-0.04441521524691083
76.1	-0.020888888888890733	0.11236923076923085	0.0
76.2	-0.010666666666667268	0.11236923076923085	0.0
76.3	0.009333333333332305	0.11236923076923085	0.0
76.4	0.029333333333333655	0.11236923076923085	0.0
76.5	-0.04888498898198179	0.04176094545989004	-0.09966865249116186
76.6	-0.044873774883843254	0.07074514799187066	-0.04874185130993158
76.7	-0.05245545033029053	0.07293438991274519	-0.04647813135100298
76.8	-0.05382629840832642	0.07302494446871578	-0.04758310327698334
76.9	-0.05481301620095991	0.06260094644476144	-0.07130746478529026
77.0	-0.034514744366870076	0.06303298826715743	-0.0730405653031192
77.1	-0.04650459614271618	0.07802941844481279	-0.04647813135100298
77.2	-0.02619255865836223	0.06713643802752382	-0.06807645825799957
77.3	-0.04117800014839723	0.07014483808545585	-0.06807645825799957
77.4	-0.0322118548839061	0.09158430081930889	-0.023805026185069966
77.5	-0.04458784041846897	0.08372893241639554	-0.04542327942157698
77.6	-0.03329526938976102	0.09386227805722483	-0.02325162281046289
77.7	-0.03487253847636218	0.0944371518499376	-0.02272336084164106
77.8	-0.030365367042131552	0.09422677536793075	-0.023805026185069966
77.9	-0.04374880599189268	0.09520618403112603	-0.02272336084164106
78.0	-0.02961395809375844	0.09529846789286864	-0.02272336084164106
78.1	-0.027136563257839086	0.09537313967585219	-0.02325162281046289
78.2	-0.03262507350742361	0.09597521621231445	-0.02272336084164106
78.3	-0.016637305567989813	0.0797839974547483	-0.06807645825799957
78.4	-0.0013355339228109386	0.08803218151268606	-0.04542327942157698
78.5	0.011807870674877208	0.09603414163400167	-0.02325162281046289
78.6	-0.021051848029168596	0.09705186126597823	-0.02272336084164106
78.7	-0.006917000131030804	0.09714414512772085	-0.02272336084164106
78.8	0.0034273929725578967	0.09848929176427113	-0.02325162281046289
78.9	0.023427392972559247	0.09848929176427113	-0.02325162281046289
79.0	-0.017994430223579272	0.0936878803249536	-0.04542327942157698
79.1	-0.008984696586654906	0.09978961583100902	-0.02272336084164106
79.2	-0.007991577131697625	0.08885449606560959	-0.06965457372856809
79.3	0.012008422868301949	0.08885449606560959	-0.06965457372856809
79.4	-0.015500853378243917	0.09948200295853366	-0.02272336084164106
79.5	0.004499146621755656	0.09948200295853366	-0.02272336084164106
79.6	-0.012646816690049079	0.10006646741623684	-0.02272336084164106
79.7	-0.0024220701931518818	0.10022027385247453	-0.02272336084164106
79.8	-0.02622979234198297	0.09777151736555306	-0.04441521524691083
79.9	-0.020507602961142624	0.09507158142260702	-0.06807645825799957
80.0	-0.019799271087393322	0.09579576281375372	-0.06965457372856809
80.1	-0.016264503822974063	0.10169681564035629	-0.02272336084164106
80.2	-0.017170380603353408	0.0992422702239	-0.06656816377582375
80.3	0.002829619396646166	0.0992422702239	-0.06656816377582375
80.4	-0.044197352380457744	0.10443457020538709	-0.02272336084164106
80.5	-0.02419735238045817	0.10443457020538709	-0.02272336084164106
80.6	-0.04388726580704372	0.10546956443560164	-0.06965457372856809
80.7	-0.023887265807040592	0.10546956443560164	-0.06965457372856809
80.8	-0.050494081400408675	0.10605207537118459	-0.04647813135100298
80.9	-0.04382404941224394	0.10601212357368657	-0.02325162281046289
81.0	-0.05972799706853493	0.11002148783294277	-0.06807645825799957
81.1	-0.03972799706853536	0.11002148783294277	-0.06807645825799957
81.2	-0.06434584000477983	0.11225378894962486	-0.06965457372856809
81.3	-0.06630925358301099	0.11302091572685527	-0.06656816377582375
81.4	-0.08701340147448988	0.11219830136047025	-0.04441521524691083
81.5	-0.07056924735935155	0.10960439351850189	-0.022218565326718842
81.6	-0.06055857762663308	0.1170820185811506	-0.06807645825799957
81.7	-0.04055857762663351	0.1170820185811506	-0.06807645825799957
81.8	-0.05735692150561178	0.11906942191047225	-0.06965457372856809
81.9	-0.03735692150560865	0.11906942191047225	-0.06965457372856809
82.0	-0.060683567641969915	0.12193650987582633	-0.06656816377582375
82.1	-0.04068356764197034	0.12193650987582633	-0.06656816377582375
82.2	-0.06542423445290524	0.1229760268579154	-0.06807645825799957
82.3	-0.045424234452905665	0.1229760268579154	-0.06807645825799957
82.4	-0.06444475221112	0.12481790444440441	-0.06807645825799957
82.5	-0.054472416080020736	0.12490837459215001	-0.06656816377582375
82.6	-0.0718091874230069	0.1262281622738514	-0.06512516333438567
82.7	-0.057122451184707046	0.12730443918616458	-0.06807645825799957
82.8	-0.08807068923566064	0.12251964927010014	-0.04542327942157698
82.9	-0.08387787750323028	0.12268777555677461	-0.04441521524691083
83.0	-0.07949537087941039	0.13154395970790608	-0.06512516333438567
83.1	-0.059495370879414367	0.13154395970790608	-0.06512516333438567
83.2	-0.08047498056440716	0.13339420964351628	-0.06512516333438567
83.3	-0.06047498056440759	0.13339420964351628	-0.06512516333438567
83.4	-0.0855565211641185	0.12678857980761787	-0.043450895391530686
83.5	-0.06555652116411892	0.12678857980761787	-0.043450895391530686
83.6	-0.06084142423081573	0.13747650712049753	-0.06512516333438567
83.7	-0.0526436037245297	0.1293601631544238	-0.04441521524691083
83.8	-0.05301802711067083	0.14917728727261576	-0.08865588186743745
83.9	-0.0330180271106677	0.14917728727261576	-0.08865588186743745
84.0	-0.06306100356638922	0.13017166975413788	-0.04441521524691083
84.1	-0.043061003566389644	0.13017166975413788	-0.04441521524691083
84.2	-0.0676830732558038	0.14320347120691004	-0.06512516333438567
84.3	-0.04768307325580423	0.14320347120691004	-0.06512516333438567
84.4	-0.0886573986203203	0.1342571093231872	-0.043450895391530686
84.5	-0.09777443865226232	0.13567188115220008	-0.04441521524691083
84.6	-0.09827799398867398	0.14989813758042966	-0.06807645825799957
84.7	-0.10055432903383732	0.137581021107117	-0.04542327942157698
84.8	-0.08055432903383775	0.137581021107117	-0.04542327942157698
84.9	-0.06055432903383817	0.137581021107117	-0.04542327942157698
85.0	-0.0405543290338386	0.137581021107117	-0.04542327942157698
85.1	-0.1233634605955487	0.0950566379882139	-0.049958395721942495
85.2	-0.11703527038996597	0.095529892942636	-0.049958395721942495
85.3	-0.10289461744471495	0.0957327164945312	-0.049958395721942495
85.4	-0.11626666666666452	0.12455384615384607	0.0
85.5	-0.11973333333333258	0.1245538461538461	0.0
85.6	-0.09587265683651225	0.10020001198705622	-0.04758310327698334
85.7	-0.0992888888888892	0.12590769230769225	0.0
85.8	-0.11436673927591556	0.1142589099086942	-0.02325162281046289
85.9	-0.10817777777777948	0.1245538461538461	0.0
86.0	-0.1136000000000017	0.1245538461538461	0.0
86.1	-0.10141967500256399	0.11390904667762833	-0.02272336084164106
86.2	-0.09706008060753035	0.11415513697560863	-0.02272336084164106
86.3	-0.09301151700578458	0.13341170279256673	-6.260461946337945
86.4	-0.08875362206182658	0.13339649041130755	-6.259933684369123
86.5	-0.08008888888888777	0.12319999999999993	0.0
86.6	-0.08551111111110998	0.12319999999999993	0.0
86.7	-0.07726159230346852	0.11406285311386603	-0.02272336084164106
86.8	-0.07689556418121413	0.11456727083204551	-0.022218565326718842
86.9	-0.07439999999999714	0.12319999999999996	0.0
87.0	-0.07237005070783198	0.13172824737407315	-6.259933684369123
87.1	-0.052086876040888797	0.11510867562988662	-0.022218565326718842
87.2	-0.043860759391467496	0.12981683930457028	-6.260966741852867
87.3	-0.03764083588128386	0.12978187089735735	-6.260461946337945
87.4	-0.0467888645087271	0.11443198856083646	-0.02272336084164106
87.5	-0.04647267042634695	0.12765934207727733	-6.260461946337945
87.6	-0.06357420076767895	0.12572138098068253	-6.260461946337945
87.7	-0.049439352869544706	0.1256290971189399	-6.260461946337945
87.8	-0.04517548645814884	0.1255274194809567	-6.259933684369123
87.9	-0.040815702102825924	0.12527560921118547	-6.259933684369123
88.0	-0.028623044720390567	0.11345438319203875	-0.022218565326718842
88.1	-0.018315620385077835	0.11347838865616286	-0.02272336084164106
88.2	-0.01973437824191393	0.11369233680170897	-0.02325162281046289
88.3	-0.023237353528895	0.12279905869216654	-6.260461946337945
88.4	-0.024787344206195883	0.1145242724225791	-0.02272336084164106
88.5	-0.02426666666666577	0.11913846153846151	0.0
88.6	-0.023822222222221967	0.11913846153846151	0.0
88.7	-0.01164444444444257	0.11913846153846151	0.0
88.8	-0.01912741976205723	0.12137255002973142	-6.259933684369123
88.9	-0.004888888888888943	0.11778461538461536	0.0
89.0	-0.014222222222223024	0.11778461538461536	0.0
89.1	-0.011822222222221512	0.11778461538461536	0.0
89.2	-0.019200000000001438	0.11778461538461536	0.0
89.3	-0.016960746683217565	0.11592078282664826	-0.022218565326718842
89.4	-0.01838179653816141	0.11621614322119365	-0.02272336084164106
89.5	-0.013933348211111252	0.11643077348547108	-0.02325162281046289
89.6	-0.023288888888892245	0.11778461538461538	0.0
89.7	-0.01498940091524048	0.1185232397647589	-6.260461946337945
89.8	-0.006578783960925705	0.11862132699362292	-0.023805026185069966
89.9	-0.004359594395030086	0.11892313649897687	-0.02272336084164106
90.0	-0.009684203291620008	0.1193265915878402	-0.02325162281046289
90.1	-0.0074144663993251925	0.12094381622884087	-0.022218565326718842
90.2	-0.008739276660165274	0.1213095974622886	-0.02325162281046289
90.3	0.001485588561909168	0.12146697888089562	-0.02325162281046289
90.4	-0.006110098896137117	0.12049264556397325	-0.022218565326718842
90.5	-0.0035254971596927476	0.12083745320646756	-0.02325162281046289
90.6	-0.016942818377255975	0.11696587030873494	-6.259933684369123
90.7	-0.008622222222221865	0.11913846153846155	0.0
90.8	-0.009996413649584923	0.12190764685299528	-0.02325162281046289
90.9	-0.017366791027772166	0.12234831482509494	-0.02325162281046289
91.0	-0.00909695276128275	0.12253717252742337	-0.02325162281046289
91.1	-0.004830830571442846	0.1227067748304239	-0.02272336084164106
91.2	-0.004471002264661905	0.12292896715425827	-0.022218565326718842
91.3	0.002027373349090311	0.12332407962045844	-0.02325162281046289
91.4	-0.0014329501179233262	0.12370179502511529	-0.02325162281046289
91.5	-0.006898527027061618	0.12535224553371205	-0.02272336084164106
91.6	-0.0063531043532272236	0.12577922975072792	-0.02325162281046289
91.7	-0.002181200255286342	0.1257863813650864	-0.022218565326718842
91.8	0.006828400125776568	0.13841685057543948	-0.06656816377582375
91.9	0.006537633647230479	0.12626763007427852	-0.022218565326718842
92.0	0.003076759074108537	0.12662856660617258	-0.022218565326718842
92.1	0.019613409083710565	0.13321629702373658	-0.04542327942157698
92.2	-0.0058000629532095616	0.12738051771428524	-0.022218565326718842
92.3	-0.005350791764140439	0.1276812981575303	-0.022218565326718842
92.4	-0.010766739218347254	0.1280723127337489	-0.022218565326718842
92.5	-0.01040694392212771	0.12820248590492003	-0.021735706841792712
92.6	-0.005324256345257794	0.13850314591346494	-0.04542327942157698
92.7	-0.0074204067060215095	0.1302980880137624	-0.022218565326718842
92.8	0.0048544669645096405	0.13061242565304085	-0.02272336084164106
92.9	-0.008525685110306824	0.1320865180691269	-0.021735706841792712
93.0	-0.007688698168834662	0.14160802420071605	-0.043450895391530686
93.1	-0.006940611045784806	0.1439672819492774	-0.04441521524691083
93.2	-0.011318674243181448	0.15624803887338162	-0.06656816377582375
93.3	-0.014666666666666828	0.12455384615384621	0.0
93.4	-0.008355555555557004	0.12455384615384621	0.0
93.5	0.005941760825351139	0.13502896667837458	-0.021735706841792712
93.6	0.007099800984502025	0.14661219234834558	-0.04441521524691083
93.7	0.005078668448298629	0.13614945735759748	-0.02272336084164106
93.8	-0.006577777777778238	0.12320000000000006	0.0
93.9	0.00046978150749410474	0.1481356366119617	-0.043450895391530686
94.0	-0.002767040983833624	0.14937732594737138	-0.04441521524691083
94.1	-0.00013097221176039398	0.15049076839598857	-0.04542327942157698
94.2	-0.0024491200858705042	0.137841328156212	-0.02272336084164106
94.3	0.01755087991412907	0.137841328156212	-0.02272336084164106
94.4	0.037550879914132196	0.137841328156212	-0.02272336084164106
94.5	-0.04933333333333678	0.10830769230769223	0.0
94.6	-0.04693333333333527	0.10830769230769223	0.0
94.7	-0.04844444444444562	0.10830769230769223	0.0
94.8	-0.036553306403515506	0.09612750945344291	-0.024385409172718475
94.9	-0.045581996872595454	0.12215945712276655	-6.259933684369123
95.0	-0.039267185561691065	0.12193912313671672	-6.259933684369123
95.1	-0.029042320339616623	0.12178174171810971	-6.259933684369123
95.2	-0.011022222222223377	0.10966153846153841	0.0
95.3	-0.03191618261137208	0.11947683966943258	-6.260461946337945
95.4	-0.04569884823963477	0.13903105982014458	-6.215108848921586
95.5	-0.036927601854632286	0.11765834855060583	-6.259933684369123
95.6	-0.038432898366071555	0.1173121094296704	-6.259933684369123
95.7	-0.03581039816306486	0.11522898780718457	-6.260966741852867
95.8	-0.01989272913434803	0.11561239010871462	-6.259933684369123
95.9	-0.03095826395871626	0.11333407101474066	-6.260966741852867
96.0	-0.034419138531831095	0.11297313448284657	-6.260966741852867
96.1	-0.03005972158057446	0.11273251012825054	-6.260966741852867
96.2	-0.028784975175039307	0.09609935161679849	-0.022218565326718842
96.3	-0.02724352079161818	0.11098672438911245	-6.260461946337945
96.4	-0.028833576716646547	0.11082799498306131	-6.259933684369123
96.5	-0.02284444444444489	0.10424615384615381	0.0
96.6	-0.01811927197823593	0.1115404275595681	-6.260461946337945
96.7	-0.008266666666667533	0.10424615384615381	0.0
96.8	-0.015176369349102714	0.10824896982408166	-6.260461946337945
96.9	-0.013927082886876718	0.09517542274387851	-0.02272336084164106
97.0	-0.011522539192473147	0.09545227432910634	-0.02272336084164106
97.1	-0.02731810969557813	0.10551620712762064	-6.2614496003377935
97.2	-0.021234747765966233	0.10566588445275114	-6.259933684369123
97.3	-0.019288888888887357	0.10018461538461536	0.0
97.4	-0.01043549474481864	0.10372706059869376	-6.260461946337945
97.5	-0.019685994915299432	0.10316769203305746	-6.260966741852867
97.6	-0.017356711559727955	0.10298878970475288	-6.260461946337945
97.7	-0.017511111111112143	0.09883076923076921	0.0
97.8	-0.015111111111114184	0.09883076923076921	0.0
97.9	-0.01538617099179973	0.09563684205259157	-0.02272336084164106
98.0	-0.017513790285196507	0.10172757692760387	-6.260461946337945
98.1	-0.010532650632519847	0.09754404186193887	-0.02272336084164106
98.2	-0.0035555555555539797	0.10018461538461536	0.0
98.3	-0.002602524191217981	0.10242382722944661	-6.259933684369123
98.4	0.008486190150769346	0.09814305264333573	-0.02325162281046289
98.5	-0.0017379010327509548	0.10047848344637768	-6.259380280994517
98.6	-0.0012078671156139364	0.10012605851778413	-6.259933684369123
98.7	-0.00857824449380118	0.0996853905456845	-6.259933684369123
98.8	0.0010666666666629965	0.09883076923076924	0.0
98.9	0.00482429576161536	0.09845781548054974	-0.02325162281046289
99.0	0.004546574315313023	0.09757647953635046	-6.259933684369123
99.1	0.007678783605499007	0.09905586487125641	-0.02325162281046289
99.2	0.007980250814100032	0.09934778040384516	-0.022218565326718842
99.3	0.0027131636270461	0.09977981939684868	-0.02325162281046289
99.4	0.008951680220608438	0.09997418355449426	-0.02272336084164106
99.5	-0.0036444444444470037	0.09883076923076924	0.0
99.6	0.005910635872218961	0.10196457026007723	-0.022218565326718842
99.7	0.006512578102388034	0.10236087466200379	-0.02325162281046289
99.8	0.012827389413292423	0.10258120864805362	-0.02325162281046289
99.9	0.011243578160012646	0.10286574455576274	-0.02272336084164106
100.0	0.011617866390690068	0.10310753594440847	-0.022218565326718842
100.1	0.008311499878988826	0.10361992601085993	-0.02325162281046289
100.2	0.00680620336755311	0.10396616513179537	-0.02325162281046289
100.3	0.003345879900532367	0.1043438805364522	-0.02325162281046289
100.4	0.004266666666666197	0.09883076923076925	0.0
100.5	0.010064955912437057	0.10352549715969572	-0.02325162281046289
100.6	0.0051555555555538035	0.09883076923076925	0.0
100.7	0.003189774721551686	0.10563440816902975	-0.02325162281046289
100.8	0.001526525735606299	0.10572432580064053	-0.022218565326718842
100.9	-0.002259682865322077	0.11340053336004668	-0.04441521524691083
101.0	-0.001795952858440586	0.11400164935983491	-0.04441521524691083
101.1	-0.010222222222225241	0.10153846153846158	0.0
101.2	-0.0004996431422483738	0.10969462765147538	-0.022218565326718842
101.3	0.003939991109628949	0.11009464705893388	-0.02272336084164106
101.4	0.015606845526239255	0.12543519801573272	-0.06512516333438567
101.5	0.006713389068242037	0.11050673484823706	-0.022218565326718842
101.6	0.009117733138406692	0.1107774372471576	-0.022218565326718842
101.7	-0.0002858748553649093	0.11104801051300625	-0.021735706841792712
101.8	0.00016318882985544292	0.11134225537393101	-0.021735706841792712
101.9	0.0006122525150793479	0.11163650023485579	-0.021735706841792712
102.0	0.005049599251407244	0.11207079315311137	-0.022218565326718842
102.1	0.013160040080467894	0.12166587835713465	-0.04441521524691083
102.2	0.009858287391740106	0.11261219795095251	-0.022218565326718842
102.3	0.008313446962937121	0.12440095615617104	-0.04441521524691083
102.4	-0.01031111111111116	0.1042461538461539	0.0
102.5	-0.01641643461621456	0.12680112344235195	-0.0425275346197842
102.6	-0.017244444444447282	0.10560000000000005	0.0
102.7	-0.01725273116424475	0.1181323476206478	-0.021273386024061036
102.8	-0.010488888888890102	0.1069538461538462	0.0
102.9	0.02653270052856982	0.11401413072407231	-0.021273386024061036
103.0	0.06481797223733565	0.1378338393889267	-0.06807645825799957
103.1	0.06477280094411242	0.1134476273689154	-0.02272336084164106
103.2	0.0631843752457435	0.11351453928068769	-0.022218565326718842
103.3	0.03315602628243752	0.07539098298393607	-6.2397344117880555
103.4	0.0531560262824371	0.07539098298393607	-6.2397344117880555
103.5	0.07315602628243667	0.07539098298393607	-6.2397344117880555
103.6	-0.022814461950165565	-0.010286620831837586	-0.09725319825156564
103.7	-0.03646446914871149	0.01956239349966681	-0.04647813135100298
103.8	-0.03945860499233689	0.008349845058750003	-0.06807645825799957
103.9	-0.053147349932785914	0.021946570391081617	-0.04542327942157698
104.0	-0.046098548919047744	0.010224499727495681	-0.07130746478529026
104.1	-0.04737669540207179	0.0014708576587831124	-0.09065988720074492
104.2	-0.04775763013095258	0.025020319745574844	-0.04542327942157698
104.3	-0.03670903836777839	0.014887603794662045	-0.06965457372856809
104.4	-0.03022862981187302	0.016897744391409668	-0.06965457372856809
104.5	-0.02769421562500085	0.019830882014531433	-0.06807645825799957
104.6	-0.02135139684037668	0.020475539169802583	-0.06807645825799957
104.7	-0.0197721622296676	0.031352243415830906	-0.04542327942157698
104.8	-0.022189915994140108	0.023760220865707966	-0.06807645825799957
104.9	-0.021644659207368022	0.024027461820498874	-0.06965457372856809
105.0	-0.02121043375235132	0.025602098452196968	-0.06807645825799957
105.1	-0.009071767275152354	0.026566669433802606	-0.06656816377582375
105.2	-0.014807452349494099	0.042881234423066114	-0.02272336084164106
105.3	-0.019803599301283725	0.028908138604239454	-0.06656816377582375
105.4	-0.015475674965152564	0.030132641808508998	-0.06512516333438567
105.5	-0.04319698905386815	0.03780039012622236	-0.04758310327698334
105.6	-0.04480490528261072	0.039159566776243715	-0.04542327942157698
105.7	-0.03646614330722997	0.03921913937955724	-0.04647813135100298
105.8	-0.03789056886171238	0.03960347517483263	-0.04758310327698334
105.9	-0.03631302254340696	0.03481148638464198	-0.06807645825799957
106.0	-0.02200431772637046	0.03424242833265071	-0.07130746478529026
106.1	-0.01850187618940069	0.04699409159605521	-0.02325162281046289
106.2	-0.0014586201922668351	0.036967741912061675	-0.06965457372856809
106.3	-0.008187140482252886	0.043527898076429226	-0.04647813135100298
106.4	0.01181285951775024	0.043527898076429226	-0.04647813135100298
106.5	-0.01861251562522881	0.04963809942865311	-0.02325162281046289
106.6	0.0013874843747707644	0.04963809942865311	-0.02325162281046289
106.7	-0.01023177688546184	0.046169764722686496	-0.04647813135100298
106.8	0.0018156085814666767	0.046766824783523064	-0.04441521524691083
106.9	-2.065071121192698	0.6907714161826538	-1.6404509005234647
107.0	-2.045071121192702	0.6907714161826538	-1.6404509005234647
107.1	-2.029126139303024	0.6579563680918978	-1.6172744581458995
107.2	-2.009629351997546	0.6423288183008099	-1.6172744581458995
107.3	-1.9925611139618304	0.5954569938423175	-1.6162196062164735
107.4	-1.9725611139618309	0.5954569938423175	-1.6162196062164735
107.5	-1.9557668447177292	0.576273359595974	-1.61837943007188
107.6	-1.937097978670625	0.570380970401058	-1.5940479496053594
107.7	-1.9219453263637227	0.562469931092412	-7.83073001116402
107.8	-1.9019453263637232	0.562469931092412	-7.83073001116402
107.9	-1.8865498788509534	0.5464283601351508	-7.807503502623479
108.0	-1.8678393613806747	0.5443840585636422	-7.807503502623479
108.1	-1.8512827362723918	0.5212215779742234	-7.735491674816345
108.2	-1.8312827362723887	0.5212215779742234	-7.735491674816345
108.3	-1.8127806962876747	0.5003214913529527	-7.688832956559856
108.4	-1.7927806962876751	0.5003214913529527	-7.688832956559856
108.5	-1.772957746813482	0.478404672029328	-7.670038177437307
108.6	-1.7529577468134825	0.478404672029328	-7.670038177437307
108.7	-1.7292255815236466	0.4495533299807635	-7.59783025140888
108.8	-1.7066781614943345	0.4392093483292062	-7.569251195451771
108.9	-1.6789087618310568	0.4071225881132789	-7.509334318356457
109.0	-1.6589087618310572	0.4071225881132789	-7.509334318356457
109.1	-1.634043471976689	0.3924530587642122	-7.486807800156264
109.2	-1.61053198679501	0.3823434337310199	-7.473475256862118
109.3	-1.5807626012775096	0.36391716452571965	-7.411607410997738
109.4	-1.5607626012775064	0.36391716452571965	-7.411607410997738
109.5	-1.5339056707480587	0.3487026716024142	-7.390334024973677
109.6	-1.5139056707480592	0.3487026716024142	-7.390334024973677
109.7	-1.4808225695974961	0.3319081276847047	-7.33483551972796
109.8	-1.4608225695974966	0.3319081276847047	-7.33483551972796
109.9	-1.428306820802284	0.31851903997229336	-7.287252416450976
110.0	-1.4083068208022844	0.31851903997229336	-7.287252416450976
110.1	-1.3716061538461517	0.31109333333333333	-7.2104805251811985
110.2	-1.3516061538461521	0.31109333333333333	-7.2104805251811985
110.3	-1.3181070849761056	0.30191369053087735	-7.1753191432261705
110.4	-1.2981070849761025	0.30191369053087735	-7.1753191432261705
110.5	-1.270148752671112	0.29453790074771113	-7.162644705205021
110.6	-1.250148752671116	0.29453790074771113	-7.162644705205021
110.7	-1.212901319009358	0.29402754744686066	-7.087449156598705
110.8	-1.1929013190093585	0.29402754744686066	-7.087449156598705
110.9	-1.1570111406809787	0.29316041497240586	-7.030140880555846
111.0	-1.137011140680979	0.29316041497240586	-7.030140880555846
111.1	-1.0955979134123197	0.29103519598261096	-6.970856563218316
111.2	-1.0755979134123166	0.29103519598261096	-6.970856563218316
111.3	-1.041140968154295	0.2934878547197737	-6.932180866176087
111.4	-1.0211409681542918	0.2934878547197737	-6.932180866176087
111.5	-0.9898169346888466	0.29300237825515074	-6.9099282083906335
111.6	-0.969816934688847	0.29300237825515074	-6.9099282083906335
111.7	-0.938360358174851	0.30072098771581335	-6.863188081387268
111.8	-0.9183603581748514	0.30072098771581335	-6.863188081387268
111.9	-0.8805768187406606	0.3181912185787591	-6.784789361368707
112.0	-0.8605768187406646	0.3181912185787591	-6.784789361368707
112.1	-0.833809333334461	0.3249920538805555	-6.759652726653293
112.2	-0.8134265667625158	0.3233081693303379	-6.771519258235992
112.3	-0.7838953969063205	0.335991204733317	-6.721521867037544
112.4	-0.7638953969063209	0.335991204733317	-6.721521867037544
112.5	-0.7410609135952271	0.33242970918882303	-6.73384663326022
112.6	-0.7204712311079469	0.33419002061381337	-6.73384663326022
112.7	-0.6927959558358303	0.3441922581140393	-6.692093136130511
112.8	-0.6727959558358307	0.3441922581140393	-6.692093136130511
112.9	-0.6455748501917782	0.3512094677141571	-6.66906797657766
113.0	-0.6238941180096909	0.3553991326673271	-6.652518964853212
113.1	-0.5967550351039286	0.36765641424172446	-6.614281383883719
113.2	-0.5767550351039255	0.36765641424172446	-6.614281383883719
113.3	-1.6898736418396005	1.1498903461316956	-3.4358272187009806
113.4	-1.669873641839601	1.1498903461316956	-3.4358272187009806
113.5	-1.6521368195784518	1.1515583278693056	-3.4444775219647648
113.6	-1.6338328570778842	1.150275082565503	-3.4444775219647648
113.7	-1.6122339877415008	1.1405978969021258	-3.415760104709452
113.8	-1.5805044562860893	1.1358327747483639	-3.415760104709452
113.9	-1.5362974194080294	1.1186925832355088	-3.3865713167166573
114.0	1.047485309253215	-0.26038754728061236	-5.0252902082650746
114.1	1.0674853092532146	-0.26038754728061236	-5.0252902082650746
114.2	1.0874853092532142	-0.26038754728061236	-5.0252902082650746
114.3	-1.6938037546299007	1.2487349949663609	-3.4444775219647648
114.4	-1.6698111291541302	1.2800581675189273	-3.514643290860365
114.5	-1.6703270419742537	1.2542852847892245	-3.4830538144701775
114.6	-1.6567125490269987	1.2439752403484592	-3.487317421964765
114.7	-1.6458955727110158	1.2307501281629354	-3.4929470847009805
114.8	-1.6259545527110149	1.2164880321629354	-3.5072270517009807
114.9	-1.6034446050928608	1.19824566501694	-3.5215070187009805
115.0	-1.5848481089019373	1.1788621435899376	-3.5357869847009806
115.1	-1.563690805092861	1.1555059090169402	-3.5500669517009804
115.2	-1.5438637350928595	1.12988298401694	-3.5643469177009806
115.3	-1.5240752750928586	1.1014314680169401	-3.578626884700981
115.4	-1.5043294550928614	1.07015716301694	-3.5929068517009806
115.5	-1.4846303050928604	1.03606644601694	-3.6071868177009807
115.6	-1.4649818450928578	0.9991662680169401	-3.6214667847009805
115.7	-1.445388085092862	0.95946415501694	-3.6357467517009807
115.8	-1.4258530050928613	0.9169682020169401	-3.6500267177009804
115.9	-1.4063806050928598	0.87168707401694	-3.6643066847009806
116.0	-1.3869748450928583	0.8236300050169401	-3.678586650700981
116.1	-1.3676396950928584	0.7728067940169401	-3.6928666177009806
116.2	-1.3496574514047417	0.7142178414478243	-3.6989634613071116
116.3	-1.3291969450928605	0.66290396501694	-3.7214265507009805
116.4	-1.3100971850928609	0.60384675701694	-3.7357065177009807
116.5	-1.29108371509286	0.54206822301694	-3.7499864837009804
116.6	-1.273438761404737	0.47257099844782435	-3.7560833273071115
116.7	-1.25333108509286	0.41039812601694003	-3.7785464177009804
116.8	-1.2345996250928586	0.34053341001694004	-3.7928263837009806
116.9	-1.2159698450928609	0.26800106301694004	-3.807106350700981
117.0	-1.1974455350928572	0.19281587501693997	-3.8213863167009805
117.1	-1.179030475092862	0.11499317801693998	-3.8356662837009807
117.2	-1.1607284150928585	0.03454884001694003	-3.8499462507009805
117.3	-1.1425430950928614	-0.04850073598306004	-3.8642262167009807
117.4	-1.1244782250928615	-0.13413861298305996	-3.8785061837009804
117.5	-1.1065374750928605	-0.22234732898305998	-3.8927861497009806
117.6	-1.0900028814047396	-0.3181188625521756	-3.8988829933071116
117.7	-1.0710429750928583	-0.40640481098306	-3.9213460837009806
117.8	-1.0534964550928585	-0.5022160439830599	-3.9356260497009807
117.9	-1.036088535092862	-0.60052305998306	-3.9499060167009805
118.0	-1.0201011414047407	-0.7063157785521756	-3.9560028593071115
118.1	-1.0017026850928588	-0.8045437529830601	-3.978465949700981
118.2	-0.9847317550928594	-0.9102158259830597	-3.9927459167009807
118.3	-0.9679134550928588	-1.01830048598306	-4.00702588270098
