0.0	-0.08389551263215066	0.05294723172917284	6.1882336008368295
0.1	-0.08178025987348463	0.053200013163290344	6.190428986991442
0.2	-0.08389551263215066	0.05294723172917284	6.1882336008368295
0.3	-0.08407130685530591	0.05281341749764537	6.185932108928021
0.4	-0.08389551263215066	0.05294723172917284	6.1882336008368295
0.5	-0.08389551263215066	0.05294723172917284	6.1882336008368295
0.6	-0.08762170700730496	0.05282381978794592	6.190428986991442
0.7	-0.10693679941448765	0.05172516100053798	6.192525419978841
0.8	-0.1384287123107655	0.05091150346327845	6.190428986991442
0.9	-0.1264120443409672	0.050499446284885424	6.192525419978841
1.0	-0.0759388127396643	0.05357620653863476	6.190428986991442
1.1	-0.06837053033600984	0.05607676464615128	6.236707175828583
1.2	-0.06409126057623267	0.05442173337497361	6.192525419978841
1.3	-0.06409126057623267	0.05442173337497361	6.192525419978841
1.4	0.07804689110781719	0.06214676777386144	6.236707175828583
1.5	0.08280576503667551	0.06817792018868142	6.164695348021448
1.6	0.12248925966654259	0.06771480756199597	6.190428986991442
1.7	0.12248925966654259	0.06771480756199597	6.190428986991442
1.8	0.20511159100802948	0.0648829868003422	6.236707175828583
1.9	0.2182997908577207	0.0721945967519357	6.192525419978841
2.0	0.24144648153124032	0.07401604659901502	6.190428986991442
2.1	0.2620465015076756	0.06498063957710601	6.238770091932675
2.2	0.28446489065627373	0.07542677175655661	6.190428986991442
2.3	0.3056392322079565	0.07727086909324136	6.1882336008368295
2.4	0.33509076581604996	0.07868711434287493	6.190428986991442
2.5	0.35323335229444536	0.07406111761142009	6.213530733451018
2.6	0.37876507123936504	0.07487232389077778	6.215108848921586
2.7	0.39764909186248226	0.0821228859487214	6.192525419978841
2.8	0.43405250531374096	0.06891794937571882	6.238770091932675
2.9	0.4592409908084541	0.0703554248533037	6.236707175828583
3.0	0.490106571342625	0.07877096478217951	6.215108848921586
3.1	0.5168795552696298	0.08753452312641838	6.194529425312149
3.2	0.5430907659207675	0.07933978227518687	6.216617143403763
3.3	0.5599059582457635	0.08882311761270253	6.194529425312149
3.4	0.5865055296079136	0.07131098502424296	6.237762027758009
3.5	0.6017575768022684	0.08069062987351583	6.216617143403763
3.6	0.6347485360327219	0.08288449139200496	6.215108848921586
3.7	0.6503567431360064	0.08362124242660056	6.215108848921586
3.8	0.6661479789892816	0.08366249458983951	6.216617143403763
3.9	0.6819329458450467	0.08370178280141376	6.2180601438452
4.0	0.705172465163229	0.08546362472094478	6.216617143403763
4.1	0.7386511012786285	0.08490591371189023	6.2180601438452
4.2	0.759936827427335	0.0866343593061632	6.216617143403763
4.3	0.7973206666972101	0.08619815176215767	6.2180601438452
4.4	0.8230274246362725	0.08580181243942116	6.220766497183629
4.5	2.6481845921757925	0.08713796125326125	6.2180601438452
4.6	2.6481845921757925	0.08713796125326125	6.2180601438452
4.7	0.9493333333333335	0.001353846153846226	0.0
4.8	0.9612025045677534	-0.010796365316441413	6.259933684369123
4.9	0.9884444444444446	0.002707692307692376	0.0
5.0	0.9904000000000001	0.002707692307692376	0.0
5.1	0.9533741806900741	-0.010612644100400229	6.260461946337945
5.2	0.9533741806900741	-0.010612644100400229	6.260461946337945
5.3	0.9533741806900741	-0.010612644100400229	6.260461946337945
5.4	0.9533741806900741	-0.010612644100400229	6.260461946337945
5.5	1.0979590665951071	-0.0056293155662992716	6.260461946337945
5.6	1.101873513883563	-0.005823112488459671	6.259933684369123
5.7	1.119775655095221	0.014765417878817669	0.02272336084164106
5.8	1.131191290410122	-0.004872643180570018	6.260966741852867
5.9	1.1995772700569418	-0.0026762319905357414	6.260461946337945
6.0	1.1959316000811144	-0.012674669743353389	6.236707175828583
6.1	1.213307057931759	-0.0038143996186945986	6.260461946337945
6.2	1.2289449344647685	-0.0033687409643446977	6.260966741852867
6.3	1.2641383761479108	-0.0030146061502586397	6.260461946337945
6.4	1.2485333333333335	0.005415384615384662	0.0
6.5	1.252763535707933	0.014027146984876778	0.02272336084164106
6.6	1.2738691966805482	-0.0015073030751293418	6.260461946337945
6.7	1.3271108054642096	0.014384661660681374	0.02325162281046289
6.8	1.3500717410343073	0.0010458837664162103	6.260461946337945
6.9	1.3637393388397154	-0.004241774109200683	6.237762027758009
7.0	1.3852204267601298	0.003098038565424202	6.260966741852867
7.1	1.4067188658577512	0.002996952841729634	6.259380280994517
7.2	1.4223615373700342	0.0033994386419115385	6.259933684369123
7.3	1.4516869417038083	0.003871582897732591	6.259933684369123
7.4	1.4714666666666667	0.009476923076923105	0.0
7.5	1.504711111111111	0.009476923076923102	0.0
7.6	1.5262222222222221	0.0094769230769231	0.0
7.7	1.5474874288265819	0.005506270417309047	6.260461946337945
7.8	1.5578591005079918	0.012116712564412472	0.023805026185069966
7.9	1.5729030879346577	0.005906167151527027	6.260461946337945
8.0	1.5852291214424978	0.011665558373184346	0.023805026185069966
8.1	1.6122666666666667	0.00812307692307694	0.0
8.2	1.6257255809884508	0.0052527237978702715	6.259380280994517
8.3	1.6513777777777778	0.008123076923076934	0.0
8.4	1.664784879862567	0.0073024978233655734	6.259933684369123
8.5	1.6846222222222222	0.009476923076923086	0.0
8.6	1.7002666666666668	0.009476923076923086	0.0
8.7	1.7217777777777779	0.009476923076923084	0.0
8.8	1.739377777777778	0.009476923076923082	0.0
8.9	1.7687111111111111	0.009476923076923079	0.0
9.0	1.7902222222222222	0.009476923076923077	0.0
9.1	1.8250970902205323	0.00988355308852066	6.259933684369123
9.2	1.8410666666666666	0.008123076923076919	0.0
9.3	1.860833164338899	0.005791636204738217	0.02325162281046289
9.4	1.8706039900747073	0.005660076853546747	0.02272336084164106
9.5	1.8862528040674147	0.005349399695990592	0.023805026185069966
9.6	1.9034345656733895	0.007082163837315766	6.259933684369123
9.7	1.9252581223868959	0.0020459584418912108	0.02325162281046289
9.8	1.944711111111111	0.00406153846153845	0.0
9.9	1.9660015776709292	0.00802869597160709	6.260461946337945
10.0	1.9780893159308424	0.002549578981433661	0.02325162281046289
10.1	1.9991774142495777	0.010054293404512476	6.259380280994517
10.2	2.014825636398578	0.010229792209456112	6.259933684369123
10.3	2.0445602324207304	0.0014793853349059421	0.02325162281046289
10.4	2.061746283332617	0.010985223018769795	6.259933684369123
10.5	2.095390933265939	0.0006610019581494513	0.02325162281046289
10.6	2.118850996083134	0.0003998967342179512	0.02272336084164106
10.7	2.1458662421280814	0.010858734398380483	6.260461946337945
10.8	2.161777777777778	0.004061538461538431	0.0
10.9	2.1774222222222224	0.00406153846153843	0.0
11.0	2.189186761390863	-0.002203339860498263	0.02325162281046289
11.1	2.2126507161026803	-0.002285931368662472	0.022218565326718842
11.2	2.2302222222222223	0.004061538461538425	0.0
11.3	2.2534298564662474	0.01136293842342665	6.259933684369123
11.4	2.271302902535468	-0.003188272698397665	0.022218565326718842
11.5	2.280764740470946	0.012981263218460526	6.260461946337945
11.6	2.2986666666666666	0.005415384615384573	0.0
11.7	2.314311111111111	0.005415384615384571	0.0
11.8	2.3374712580444577	0.01368551016765045	6.260966741852867
11.9	2.3589770597364796	0.01401636865522002	6.260966741852867
12.0	2.394178455827408	0.014359149213128584	6.2614496003377935
12.1	2.4198884414985304	-0.005474204067060154	0.022218565326718842
12.2	2.451126161531993	-0.007308964770855051	0.022218565326718842
12.3	2.470520587433336	0.012585040446178208	6.261911921155525
12.4	2.4861614920102286	0.012815430202629983	6.261911921155525
12.5	2.4960618518221978	-0.008898804342949802	0.021273386024061036
12.6	2.519510266306221	-0.00971520831681557	0.022218565326718842
12.7	2.537119226336541	-0.009503577453635711	0.021273386024061036
12.8	2.5646222222222224	0.001353846153846089	0.0
12.9	2.582222222222222	0.0013538461538460875	0.0
13.0	2.5996682544310312	-0.010948408134120334	0.022218565326718842
13.1	2.6115555555555554	0.0027076923076922387	0.0
13.2	2.630992866592542	-0.010076144848709641	0.022218565326718842
13.3	2.648595640132334	-0.01006317424362705	0.021735706841792712
13.4	2.648595640132334	-0.01006317424362705	0.021735706841792712
13.5	2.648595640132334	-0.01006317424362705	0.021735706841792712
13.6	2.7681259268856704	-0.01670337897541236	0.02272336084164106
13.7	2.7896185940384646	-0.01674538293978654	0.02325162281046289
13.8	2.8158222222222222	-0.029784615384615316	0.0
13.9	2.8306286943625953	-0.01875986509795636	0.02325162281046289
14.0	2.849066666666667	-0.031138461538461476	0.0
14.1	2.854192590683473	-0.04288123442306622	6.260461946337945
14.2	2.8862222222222225	-0.031138461538461476	0.0
14.3	2.899128095160198	-0.04192879378836209	6.260966741852867
14.4	2.9224860662938097	-0.021840513945751	0.02272336084164106
14.5	2.938142660654008	-0.02231790888878391	0.022218565326718842
14.6	2.9527111111111113	-0.031138461538461486	0.0
14.7	2.9635705273423714	-0.020900252391011797	0.02325162281046289
14.8	2.9811977101020766	-0.03931200393213003	6.260966741852867
14.9	3.0007769602595955	-0.03922064124060934	6.260461946337945
15.0	3.0163890219617495	-0.038770599134288916	6.260966741852867
15.1	3.032029605010493	-0.03852997477969286	6.260966741852867
15.2	3.0672324217315268	-0.021215015228225838	0.02325162281046289
15.3	3.0887098088170823	-0.036482886675578564	6.260461946337945
15.4	3.116080518625779	-0.03605222865411305	6.260461946337945
15.5	3.1317653572012176	-0.022424978403454216	0.02272336084164106
15.6	3.14931638053634	-0.02405532662757366	0.02272336084164106
15.7	3.161064415162626	-0.024393293947174842	0.022218565326718842
15.8	3.188461827519233	-0.0362675576648458	6.260461946337945
15.9	3.2021471824235817	-0.03605222865411304	6.260461946337945
16.0	3.225544139390754	-0.025118074409679867	0.02325162281046289
16.1	3.2421333333333333	-0.03113846153846151	0.0
16.2	3.258870529122004	-0.035284914051693206	6.259933684369123
16.3	3.269511111111111	-0.029784615384615354	0.0
16.4	3.2861954407570404	-0.033490765879573205	6.259933684369123
16.5	3.3018356564017197	-0.03323895560980198	6.259933684369123
16.6	3.327251006824324	-0.032829763921423734	6.259933684369123
16.7	3.352711822990081	-0.024457072451530403	0.02325162281046289
16.8	3.383878031640418	-0.03048443566230888	6.260461946337945
16.9	3.3918123621017804	-0.025086598125958474	0.02325162281046289
17.0	3.4192022431630056	-0.025593390989950518	0.02272336084164106
17.1	3.440642570248251	-0.031004139465582333	6.259933684369123
17.2	3.452393672103098	-0.027469829512050258	0.02272336084164106
17.3	3.466057920670855	-0.027636177107392152	0.02325162281046289
17.4	3.489495867859664	-0.027971559856143614	0.023805026185069966
17.5	3.505180041019871	-0.028300384267733757	0.02272336084164106
17.6	3.531555555555556	-0.029784615384615378	0.0
17.7	3.5501240797610074	-0.028989657307412507	0.02325162281046289
17.8	3.559899214538932	-0.029147038726019522	0.02325162281046289
17.9	3.575539430183612	-0.02939884899579075	0.02325162281046289
18.0	3.5853600307046896	-0.028202750214377417	0.02325162281046289
18.1	3.5971325597743973	-0.028393673842334193	0.022218565326718842
18.2	3.6283706237275584	-0.028895228456248298	0.02325162281046289
18.3	3.6498759202389928	-0.029241467577183735	0.02325162281046289
18.4	3.6889764593506915	-0.029870993251611806	0.02325162281046289
18.5	3.7124154152857205	-0.03156108071597266	0.02272336084164106
18.6	3.730010871591311	-0.031837932301200494	0.02272336084164106
18.7	3.743719579792342	-0.03200303916127496	0.022218565326718842
18.8	3.768177777777778	-0.0297846153846154	0.0
18.9	3.7808172605200308	-0.03270385878653812	0.02325162281046289
19.0	3.8062326109426348	-0.03311305047491637	0.02325162281046289
19.1	3.8218982545205087	-0.033283712801834724	0.02272336084164106
19.2	3.832711111111111	-0.029784615384615402	0.0
19.3	3.8610188314421663	-0.025590218665500927	6.259933684369123
19.4	3.876639674137903	-0.03414502884476576	0.02272336084164106
19.5	3.885511111111111	-0.028430769230769256	0.0
19.6	3.8913777777777776	-0.028430769230769256	0.0
19.7	3.9353601682034736	-0.0335971755104738	0.022218565326718842
19.8	3.952931084432599	-0.03399122240852808	0.02272336084164106
19.9	3.9822568449419173	-0.034452641717241134	0.02272336084164106
20.0	4.001832646160633	-0.03461982901750702	0.022218565326718842
20.1	4.033095741407817	-0.03630981583811601	0.021735706841792712
20.2	4.042818983690706	-0.03675973826080639	0.02272336084164106
20.3	4.060424550213041	-0.0380752850036646	0.021735706841792712
20.4	4.070173304870837	-0.038379584558070334	0.022218565326718842
20.5	4.1132120782629435	-0.03886974612816147	0.021735706841792712
20.6	4.1132120782629435	-0.03886974612816147	0.021735706841792712
20.7	4.163943261188285	-0.041373931347936904	0.02272336084164106
20.8	4.163943261188285	-0.041373931347936904	0.02272336084164106
20.9	4.182755555555556	-0.031138461538461587	0.0
21.0	4.1835675319742265	-0.04012411112889171	0.022218565326718842
21.1	4.214919449135261	-0.039046293044716344	0.021735706841792712
21.2	4.241422222222222	-0.029784615384615437	0.0
21.3	4.249244444444445	-0.029784615384615437	0.0
21.4	4.257066666666667	-0.02978461538461544	0.0
21.5	4.337974843516543	-0.04385378862513051	0.022218565326718842
21.6	4.337974843516543	-0.04385378862513051	0.022218565326718842
21.7	4.382960388154988	-0.04538678202099973	0.021273386024061036
21.8	4.388763292360935	-0.045989329772170476	0.022218565326718842
21.9	4.440888888888889	-0.033846153846153915	0.0
22.0	4.448711111111111	-0.033846153846153915	0.0
22.1	4.448711111111111	-0.033846153846153915	0.0
22.2	4.448711111111111	-0.033846153846153915	0.0
22.3	4.54553324930273	-0.045158802517963545	0.024385409172718475
22.4	4.555346258711653	-0.04566324921216065	0.023805026185069966
22.5	4.598222222222223	-0.058215384615384544	0.0
22.6	4.598222222222223	-0.058215384615384544	0.0
22.7	4.647370971955732	-0.07063785622657476	6.259380280994517
22.8	4.653179702966552	-0.07025506526617238	6.259933684369123
22.9	4.684460134255911	-0.04671080504256256	0.02325162281046289
23.0	4.684460134255911	-0.04671080504256256	0.02325162281046289
23.1	4.721422222222222	-0.05821538461538456	0.0
23.2	4.731278182538171	-0.06851778497122589	6.260966741852867
23.3	4.764688205772848	-0.048455729406780106	0.022218565326718842
23.4	4.764688205772848	-0.048455729406780106	0.022218565326718842
23.5	4.813347797480049	-0.06590099511499382	6.260966741852867
23.6	4.813347797480049	-0.06590099511499382	6.260966741852867
23.7	4.835034780490936	-0.04934110474504882	0.02272336084164106
23.8	4.840936048135472	-0.04962877313543585	0.022218565326718842
23.9	4.862224619507373	-0.06514904400688117	6.260966741852867
24.0	4.862224619507373	-0.06514904400688117	6.260966741852867
24.1	4.911057995470672	-0.0630435809041657	6.260966741852867
24.2	4.920833359876136	-0.06289319068254318	6.260966741852867
24.3	4.961846444315063	-0.06090803975712575	6.260966741852867
24.4	4.967802645586269	-0.06112694298696538	6.259933684369123
24.5	4.993490790467792	-0.04762361727048328	0.02325162281046289
24.6	4.999355871334546	-0.047718046121647484	0.02325162281046289
24.7	5.038222222222222	-0.05415384615384612	0.0
24.8	5.046044444444445	-0.05415384615384612	0.0
24.9	5.081467003469114	-0.04904005003794643	0.02325162281046289
25.0	5.081467003469114	-0.04904005003794643	0.02325162281046289
25.1	5.112747434758473	-0.049543670577488895	0.02325162281046289
25.2	5.112747434758473	-0.049543670577488895	0.02325162281046289
25.3	5.1186125156252285	-0.04963809942865311	0.02325162281046289
25.4	5.1421041639518315	-0.051553767972204255	0.022218565326718842
25.5	5.1459374272602645	-0.05143224760077309	0.02325162281046289
25.6	5.169244444444445	-0.054153846153846136	0.0
25.7	5.169244444444445	-0.054153846153846136	0.0
25.8	5.226215743902851	-0.05149361188355524	0.022218565326718842
25.9	5.235914132960325	-0.051526676451937314	0.02325162281046289
26.0	5.280561492736706	-0.05473725739152048	6.259933684369123
26.1	5.280561492736706	-0.05473725739152048	6.259933684369123
26.2	5.323844880218494	-0.0542965894194208	0.02325162281046289
26.3	5.323844880218494	-0.0542965894194208	0.02325162281046289
26.4	5.392177777777778	-0.055507692307692306	0.0
26.5	5.4352359509436825	-0.057444217791561156	0.02325162281046289
26.6	5.446933333333334	-0.05686153846153846	0.0
26.7	5.458666666666667	-0.05686153846153847	0.0
26.8	5.470426436144211	-0.05801079089854642	0.02325162281046289
26.9	5.478246543966551	-0.05813669603343203	0.02325162281046289
27.0	5.497842279265554	-0.05709797867062572	0.02325162281046289
27.1	5.509572440999063	-0.05728683637295414	0.02325162281046289
27.2	5.519301638869285	-0.05748993408221226	0.023805026185069966
27.3	5.548672980110762	-0.057916362047382215	0.02325162281046289
27.4	5.568176676252332	-0.0582955665665482	0.023805026185069966
27.5	5.581908438355707	-0.058451458870646074	0.02325162281046289
27.6	5.595638368973528	-0.05860025220655742	0.02272336084164106
27.7	5.621054028081605	-0.059000148940775404	0.02272336084164106
27.8	5.638605051416727	-0.06063049716489486	0.02272336084164106
27.9	5.662019077791536	-0.061095466703243964	0.02325162281046289
28.0	5.677706065429151	-0.06124572290984559	0.02272336084164106
28.1	5.701166673836606	-0.06161485835681604	0.02272336084164106
28.2	5.720539448960944	-0.051832769012099315	6.260461946337945
28.3	5.732449281913846	-0.0633443613474108	0.022218565326718842
28.4	5.740174690271781	-0.06370799825212045	0.02325162281046289
28.5	5.75390860978291	-0.06379890975139113	0.02272336084164106
28.6	5.7656389139866375	-0.06398347747487636	0.02272336084164106
28.7	5.7872	-0.05686153846153849	0.0
28.8	5.804739927999062	-0.0645987032198271	0.02272336084164106
28.9	5.828293011400057	-0.06467502043126332	0.021735706841792712
29.0	5.847843947714836	-0.06496926529218808	0.021735706841792712
29.1	5.86534649971832	-0.06555230312450074	0.02272336084164106
29.2	5.8693010340900305	-0.0642603290601042	0.02272336084164106
29.3	5.898582361628881	-0.06607524500770887	0.02272336084164106
29.4	5.916226132736582	-0.06617169751391438	0.022218565326718842
29.5	5.947555555555556	-0.05956923076923082	0.0
29.6	5.965064561532575	-0.06944178717824452	0.021735706841792712
29.7	5.990480778741787	-0.06982430549744671	0.021735706841792712
29.8	6.011986808688044	-0.07014797484446396	0.021735706841792712
29.9	6.031048272112983	-0.08133052220497936	0.043450895391530686
30.0	6.047135992019179	-0.07203114195438247	0.021735706841792712
30.1	6.058866553808046	-0.07220768887093731	0.021735706841792712
30.2	6.070597115596914	-0.07238423578749219	0.021735706841792712
30.3	6.087705856915696	-0.08303593445656605	0.043450895391530686
30.4	6.09552069619883	-0.08327116373264698	0.043450895391530686
30.5	6.120918923869011	-0.08403565887990998	0.043450895391530686
30.6	6.148270861359976	-0.08485896134619321	0.043450895391530686
30.7	6.174217078065241	-0.07394373355039345	0.021735706841792712
30.8	6.183437638134075	-0.08591749308855737	0.043450895391530686
30.9	6.2096	-0.06092307692307699	0.0
31.0	6.217422222222223	-0.06092307692307699	0.0
31.1	6.239972781837394	-0.08818371716893113	0.04441521524691083
31.2	6.2545777777777785	-0.06227692307692315	0.0
31.3	6.342483054643991	-0.05507897302863588	0.04874185130993158
31.4	6.364283408404553	-0.07018670203534648	0.023805026185069966
31.5	6.388444444444445	-0.08393846153846148	0.0
31.6	6.3991297242422736	-0.058986639447392984	0.04758310327698334
31.7	6.409315290510122	-0.07287348948941437	0.02272336084164106
31.8	6.413866666666667	-0.08529230769230763	0.0
31.9	6.442436920562777	-0.09780378359838245	6.259380280994517
32.0	6.451022222222223	-0.08529230769230763	0.0
32.1	6.471930859080994	-0.07411230121558421	0.022218565326718842
32.2	6.491481587891924	-0.07441308165882927	0.022218565326718842
32.3	6.51660441466518	-0.09496394798747404	6.259933684369123
32.4	6.527288888888889	-0.08393846153846148	0.0
32.5	6.5402920668479645	-0.07333974107086982	0.02325162281046289
32.6	6.557543679993586	-0.09271451976407565	6.260461946337945
32.7	6.582959339101661	-0.09231462302985768	6.260461946337945
32.8	6.600554795407253	-0.09203777144462984	6.260461946337945
32.9	6.60687433394043	-0.07483417427937235	0.022218565326718842
33.0	6.640055706153895	-0.0751498247457321	0.02272336084164106
33.1	6.667481593254312	-0.07576659365343205	0.022218565326718842
33.2	6.686577026234586	-0.09068427480573821	6.260461946337945
33.3	6.70808258394142	-0.09034590064601532	6.260461946337945
33.4	6.710437531376259	-0.07625723108664344	0.02272336084164106
33.5	6.728711111111111	-0.0839384615384615	0.0
33.6	6.73981928985475	-0.07687948129343879	0.022218565326718842
33.7	6.765866666666667	-0.08258461538461534	0.0
33.8	6.77890873886847	-0.0759803795014156	0.02272336084164106
33.9	6.804324397976546	-0.07638027623563358	0.02272336084164106
34.0	6.822577777777778	-0.08258461538461535	0.0
34.1	6.842873353720359	-0.08674507983187688	6.260966741852867
34.2	6.851911111111111	-0.0812307692307692	0.0
34.3	6.870896065016025	-0.07618768627397512	0.022218565326718842
34.4	6.89234611247497	-0.07641103752288113	0.02272336084164106
34.5	6.921613254673335	-0.07677065599650282	0.02325162281046289
34.6	6.948574440363146	-0.08530072888500315	6.259933684369123
34.7	6.975880096956058	-0.08477810765421116	6.260461946337945
34.8	6.991585033386015	-0.08460825064313228	6.259933684369123
34.9	7.0064	-0.0812307692307692	0.0
35.0	7.017000383808619	-0.08419905895475403	6.259933684369123
35.1	7.038441719375937	-0.08379374646228999	6.260461946337945
35.2	7.048764251131456	-0.08027830030210802	0.022218565326718842
35.3	7.075651192476167	-0.08325477044311193	6.259933684369123
35.4	7.087851182537092	-0.07948716624763481	0.02272336084164106
35.5	7.113266841645168	-0.0798870629818528	0.02272336084164106
35.6	7.1268910850097535	-0.08007566578725017	0.02325162281046289
35.7	7.142467098851957	-0.08030544603860588	0.023805026185069966
35.8	7.156216489343528	-0.08054781004307124	0.02325162281046289
35.9	7.175812224642531	-0.07950909268026492	0.02325162281046289
36.0	7.199289072472501	-0.08124055962074442	0.02272336084164106
36.1	7.2305075136557555	-0.08174390882448455	0.02325162281046289
36.2	7.245247208116057	-0.08413087236593085	0.04647813135100298
36.3	7.273472640935472	-0.08378986726637579	0.02325162281046289
36.4	7.2852482684121345	-0.08262524476868385	0.02325162281046289
36.5	7.2972409039133606	-0.08736639351912809	0.06807645825799957
36.6	7.3106181530915855	-0.08438791665708245	0.02325162281046289
36.7	7.330168422647435	-0.0847026794942965	0.02325162281046289
36.8	7.345935329057581	-0.08485016303943299	0.022218565326718842
36.9	7.361575912106325	-0.08509078739402903	0.022218565326718842
37.0	7.384954643146966	-0.08423053523847544	0.02325162281046289
37.1	7.40990135249397	-0.07794910188525797	6.260461946337945
37.2	7.424009716515512	-0.08621354111292386	0.02325162281046289
37.3	7.440533333333334	-0.08123076923076925	0.0
37.4	7.455400714253882	-0.08527028825017174	0.02272336084164106
37.5	7.470975829192704	-0.08561549172221719	0.02325162281046289
37.6	7.498196570368149	-0.09685206308954647	0.06807645825799957
37.7	7.5256711182059295	-0.08785030786643684	0.02325162281046289
37.8	7.5617777777777775	-0.08258461538461541	0.0
37.9	7.57652499175146	-0.08988448133730226	0.02272336084164106
38.0	7.594969961498259	-0.09645425474399756	0.04542327942157698
38.1	7.611715904362642	-0.09043818450775794	0.02272336084164106
38.2	7.630044856910088	-0.09891325422759215	0.04542327942157698
38.3	7.648817434703976	-0.09237614560435273	0.02272336084164106
38.4	7.672345608072051	-0.09258022043083115	0.022218565326718842
38.5	7.690005966898011	-0.09268713119130093	0.021735706841792712
38.6	7.720177777777778	-0.08529230769230774	0.0
38.7	7.727632983638187	-0.1033394532980624	0.04542327942157698
38.8	7.7473194573405015	-0.10357228676350941	0.04441521524691083
38.9	7.760255324639386	-0.09412953897746233	0.02272336084164106
39.0	7.7779851803145155	-0.09401123306546237	0.021735706841792712
39.1	7.776854060562561	-0.10273638632834342	0.043450895391530686
39.2	7.79225287832467	-0.1049548535630223	0.04441521524691083
39.3	7.817044550908606	-0.09595324914756583	0.021735706841792712
39.4	7.86196920239713	-0.09798353868794671	0.021735706841792712
39.5	7.901866953815723	-0.10875656956165412	0.0425275346197842
39.6	7.917285006280619	-0.10880199596166688	0.04441521524691083
39.7	7.934415346555961	-0.09748366569865742	0.021273386024061036
39.8	7.971454445759892	-0.0996313099091254	0.021735706841792712
39.9	7.979132137168025	-0.1002817964269697	0.02272336084164106
40.0	8.003314511962913	-0.11226317200962081	0.043450895391530686
40.1	8.029155555555556	-0.08664615384615393	0.0
40.2	8.042388708378578	-0.11343931839002544	0.043450895391530686
40.3	8.048091187367866	-0.1141819841597714	0.04441521524691083
40.4	8.048091187367866	-0.1141819841597714	0.04441521524691083
40.5	8.048091187367866	-0.1141819841597714	0.04441521524691083
40.6	8.14796163512821	-0.060685814594425166	0.04874185130993158
40.7	8.165567216683822	-0.04967563546849329	0.07130746478529026
40.8	8.202489021255335	-0.0528587344402608	0.07130746478529026
40.9	8.223945466176138	-0.05391976743084999	0.07130746478529026
41.0	8.247606163837213	-0.06793371376090108	0.04647813135100298
41.1	8.259924443873931	-0.08044076615230841	0.02272336084164106
41.2	8.282677293019537	-0.07041832644011924	0.04647813135100298
41.3	8.298981024915886	-0.08240948853615075	0.02272336084164106
41.4	8.321766959099888	-0.07352408455947801	0.04542327942157698
41.5	8.333375971992952	-0.07340615181386256	0.04647813135100298
41.6	8.354653846076127	-0.06452711144666444	0.06807645825799957
41.7	8.372213079067322	-0.06535595636058449	0.06807645825799957
41.8	8.39668912697648	-0.08530104953741921	0.02272336084164106
41.9	8.410309311303797	-0.08530072888500309	0.02325162281046289
42.0	8.428977777777778	-0.09476923076923072	0.0
42.1	8.445565394492009	-0.08607008171860762	0.02272336084164106
42.2	8.467050558758913	-0.08486006091290346	0.02325162281046289
42.3	8.490575993576766	-0.08542409468640937	0.02272336084164106
42.4	8.519836286559707	-0.08570992057338137	0.02325162281046289
42.5	8.547465797123024	-0.10040051195520285	6.260966741852867
42.6	8.55320067757423	-0.0865646115659299	0.022218565326718842
42.7	8.564094527654012	-0.07979453324264422	0.04542327942157698
42.8	8.591288888888888	-0.09206153846153842	0.0
42.9	8.600165872784485	-0.08593297263511526	0.022218565326718842
43.0	8.625407742161295	-0.08740963989433714	0.02325162281046289
43.1	8.639092930850389	-0.08762997388038696	0.02325162281046289
43.2	8.660709837501281	-0.08674683003805346	0.02272336084164106
43.3	8.676283908749657	-0.08687454307107328	0.02325162281046289
43.4	8.695834178305505	-0.08718930590828732	0.02325162281046289
43.5	8.70944953967145	-0.08729833600264177	0.023805026185069966
43.6	8.72522651062178	-0.08776195251722217	0.02272336084164106
43.7	8.736956814825508	-0.0879465202407074	0.02272336084164106
43.8	8.760461856203431	-0.08696215904878622	0.02272336084164106
43.9	8.780012363209645	-0.08726977192126158	0.02272336084164106
44.0	8.809338123718963	-0.08773119122997464	0.02272336084164106
44.1	8.831944664125876	-0.08698148516935461	0.04441521524691083
44.2	8.856214907563404	-0.08982295876280715	0.02272336084164106
44.3	8.868935327524408	-0.08803218151268609	0.04542327942157698
44.4	8.88651717383211	-0.08858545639649487	0.04542327942157698
44.5	8.904099020139812	-0.08913873128030364	0.04542327942157698
44.6	8.920589701166211	-0.09077866833497304	0.023805026185069966
44.7	8.946004720605396	-0.09119759722682773	0.023805026185069966
44.8	8.957807790353888	-0.09140712792695539	0.02325162281046289
44.9	8.983293203103782	-0.09182244243389705	0.02272336084164106
45.0	8.986843350608092	-0.09164984783296176	0.06965457372856809
45.1	9.016458599021435	-0.0923514164385975	0.02325162281046289
45.2	9.032169470619312	-0.09259147461508546	0.02272336084164106
45.3	9.044611203182699	-0.09359756118168604	0.04647813135100298
45.4	9.065449765500341	-0.09176091985940196	0.02272336084164106
45.5	9.094775526009661	-0.09222233916811501	0.02272336084164106
45.6	9.112370982315252	-0.09249919075334284	0.02272336084164106
45.7	9.141721060847225	-0.09426459091300354	0.022218565326718842
45.8	9.155265512867967	-0.09458623258281713	0.02325162281046289
45.9	9.176770809379402	-0.09493247170375257	0.02325162281046289
46.0	9.190455998068495	-0.0951528056898024	0.02325162281046289
46.1	9.209099989818275	-0.10374209986027166	0.06965457372856809
46.2	9.235376152303797	-0.09723024041541505	0.02325162281046289
46.3	9.258836475770815	-0.09760795582007188	0.02325162281046289
46.4	9.274551324525875	-0.09775937087267166	0.02272336084164106
46.5	9.294867435096112	-0.10258044536385882	0.04441521524691083
46.6	9.309742237137058	-0.09831307404312731	0.02272336084164106
46.7	9.329364611368122	-0.09850559516275896	0.022218565326718842
46.8	9.334309764890149	-0.11040927703675264	0.06656816377582375
46.9	9.364555923227794	-0.09904699996060005	0.022218565326718842
47.0	9.38215157915763	-0.09931770235952062	0.022218565326718842
47.1	9.411328578306442	-0.10006310595034135	0.02325162281046289
47.2	9.433638636308626	-0.10791143040212374	0.043450895391530686
47.3	9.462337141809051	-0.10174987290778367	0.021735706841792712
47.4	9.472473836300205	-0.11075562296097854	0.04441521524691083
47.5	9.492228852274057	-0.11905470166605793	0.06656816377582375
47.6	9.505887422434938	-0.11968509721194477	0.06656816377582375
47.7	9.546290809041388	-0.10455128207198475	0.022218565326718842
47.8	9.554794343126689	-0.12273324572880986	0.06512516333438567
47.9	9.578196367011543	-0.11459874569846695	0.0425275346197842
48.0	9.580162672931687	-0.12387863854609238	0.06512516333438567
48.1	9.621142282616683	-0.12572888848170258	0.06512516333438567
48.2	9.638253066606595	-0.10575160301636048	0.021735706841792712
48.3	9.654074319369556	-0.11769851275853244	0.04441521524691083
48.4	9.667749708364738	-0.11811929395838419	0.04441521524691083
48.5	9.700816062813887	-0.10669318657131972	0.021735706841792712
48.6	9.712849252870123	-0.11902601369694739	0.043450895391530686
48.7	9.747931085738971	-0.12143711377677685	0.043450895391530686
48.8	9.747931085738971	-0.12143711377677685	0.043450895391530686
48.9	9.790588027049955	-0.11101806160175366	0.022218565326718842
49.0	9.790588027049955	-0.11101806160175366	0.022218565326718842
49.1	9.810018251350568	-0.13643560743122374	0.06656816377582375
49.2	9.827697373890276	-0.11052530508039941	0.02272336084164106
49.3	9.839286615981027	-0.13778645502955267	0.06656816377582375
49.4	9.839286615981027	-0.13778645502955267	0.06656816377582375
49.5	9.96497777777778	-0.11101538461538454	0.0
49.6	9.96497777777778	-0.11101538461538454	0.0
49.7	9.991409371990486	-0.0858397274927673	0.04758310327698334
49.8	10.00240593756333	-0.09925392207018698	0.023805026185069966
49.9	10.04532287515111	-0.12484080977269639	6.259380280994517
50.0	10.054903518210972	-0.12412179404381062	6.260461946337945
50.1	10.090133333333334	-0.11101538461538456	0.0
50.2	10.090133333333334	-0.11101538461538456	0.0
50.3	10.143325129443614	-0.1020659510873267	0.02272336084164106
50.4	10.143325129443614	-0.1020659510873267	0.02272336084164106
50.5	10.185939672973717	-0.1209318820576318	6.259933684369123
50.6	10.185939672973717	-0.1209318820576318	6.259933684369123
50.7	10.23872540077451	-0.12008202239715389	6.259933684369123
50.8	10.23872540077451	-0.12008202239715389	6.259933684369123
50.9	10.260594423231169	-0.10236087466200373	0.02325162281046289
51.0	10.27182528003899	-0.11800029788155082	6.260461946337945
51.1	10.299285770654489	-0.11775277740177005	6.259933684369123
51.2	10.299285770654489	-0.11775277740177005	6.259933684369123
51.3	10.328711111111112	-0.10966153846153842	0.0
51.4	10.336533333333334	-0.10966153846153842	0.0
51.5	10.368211837274647	-0.10138510986664025	0.02325162281046289
51.6	10.368211837274647	-0.10138510986664025	0.02325162281046289
51.7	10.415254908711837	-0.10092778345916788	0.02272336084164106
51.8	10.426985212915566	-0.1011123511826531	0.02272336084164106
51.9	10.46168888888889	-0.10695384615384614	0.0
52.0	10.46608622692799	-0.10172757692760383	0.02272336084164106
52.1	10.511052393042277	-0.10243508653429717	0.02272336084164106
52.2	10.511052393042277	-0.10243508653429717	0.02272336084164106
52.3	10.548119782931614	-0.10292744776898902	0.02325162281046289
52.4	10.55585755135802	-0.10295983149813233	0.023805026185069966
52.5	10.586844444444445	-0.10559999999999999	0.0
52.6	10.596230397430707	-0.10883343428178487	6.260461946337945
52.7	10.610680645510334	-0.10393468884807391	0.02325162281046289
52.8	10.616545726377089	-0.10402911769923813	0.02325162281046289
52.9	10.651736211577617	-0.1045956908062234	0.02325162281046289
53.0	10.651736211577617	-0.1045956908062234	0.02325162281046289
53.1	10.657601292444372	-0.1046901196573876	0.02325162281046289
53.2	10.718252593810659	-0.10431240425273076	0.02325162281046289
53.3	10.718252593810659	-0.10431240425273076	0.02325162281046289
53.4	10.751523629218688	-0.10621872486574421	0.02272336084164106
53.5	10.757307667179203	-0.10629541012717919	0.02325162281046289
53.6	10.800399896734218	-0.10698775704693263	0.02272336084164106
53.7	10.800399896734218	-0.10698775704693263	0.02272336084164106
53.8	10.860924095825206	-0.10796365316441357	0.02325162281046289
53.9	10.860924095825206	-0.10796365316441357	0.02325162281046289
54.0	10.888708406370675	-0.10985580192958802	0.04542327942157698
54.1	10.90168888888889	-0.1056	0.0
54.2	10.927514197911284	-0.11029618853796554	0.022218565326718842
54.3	10.927514197911284	-0.11029618853796554	0.022218565326718842
54.4	10.97631002681966	-0.11110976953810256	0.02272336084164106
54.5	10.97631002681966	-0.11110976953810256	0.02272336084164106
54.6	11.015492477560466	-0.11164970053256833	0.022218565326718842
54.7	11.032711111111112	-0.10830769230769233	0.0
54.8	11.062200940764148	-0.11391267078775882	0.02325162281046289
54.9	11.070191072167043	-0.11384539776825729	0.022218565326718842
55.0	11.105382384026715	-0.11438680256609841	0.022218565326718842
55.1	11.113202675551088	-0.11450711474339643	0.022218565326718842
55.2	11.154130774635254	-0.11661603995541164	0.02272336084164106
55.3	11.154130774635254	-0.11661603995541164	0.02272336084164106
55.4	11.189204208774836	-0.1305819345051316	0.06656816377582375
55.5	11.208957800660617	-0.11733445090990004	0.022218565326718842
55.6	11.218683972919157	-0.12536274175583217	0.04441521524691083
55.7	11.242150593575172	-0.11919928965801946	0.022218565326718842
55.8	11.25207146374819	-0.1260828919793751	0.043450895391530686
55.9	11.26947827490126	-0.12692564335528153	0.04441521524691083
56.0	11.284921528718973	-0.12774502317273864	0.04542327942157698
56.1	11.310704458170397	-0.1187278013831426	0.021735706841792712
56.2	11.324307100645099	-0.11910905552504591	0.022218565326718842
56.3	11.339808846876481	-0.1290896609545191	0.04441521524691083
56.4	11.353589747797468	-0.12091373818451633	0.022218565326718842
56.5	11.378844444444445	-0.11236923076923083	0.0
56.6	11.38673737503871	-0.12163012977676015	0.02272336084164106
56.7	11.406329595684813	-0.13208123851943868	0.043450895391530686
56.8	11.404460829769281	-0.13066986286295312	0.043450895391530686
56.9	11.42372797998025	-0.1330269707531319	0.04441521524691083
57.0	11.435449741976118	-0.13338764035300485	0.04441521524691083
57.1	11.478757506406561	-0.12396535990760343	0.021735706841792712
57.2	11.478429535960975	-0.13471009555253893	0.04441521524691083
57.3	11.51012400858114	-0.12172909896457522	0.021735706841792712
57.4	11.523815884851894	-0.13379446729085206	0.0425275346197842
57.5	11.545186890144576	-0.12386138652831796	0.022218565326718842
57.6	11.564737618955505	-0.12416216697156303	0.022218565326718842
57.7	11.586243420647527	-0.12449302545913259	0.022218565326718842
57.8	11.601792952107045	-0.1250138713739892	0.02272336084164106
57.9	11.6272	-0.11236923076923085	0.0
58.0	11.642844444444446	-0.11236923076923085	0.0
58.1	11.648711111111112	-0.11236923076923085	0.0
58.2	11.648711111111112	-0.11236923076923085	0.0
58.3	11.648711111111112	-0.11236923076923085	0.0
58.4	11.743631192617675	-0.03731542545932111	0.09966865249116186
58.5	11.774762835935595	-0.055559545689033256	0.07130746478529026
58.6	11.794128404444393	-0.05555728903171089	0.0730405653031192
58.7	11.823892265607713	-0.07123604706872266	0.04647813135100298
58.8	11.827685725944669	-0.07077108815795295	0.04758310327698334
58.9	11.844086554335924	-0.08397872496870415	0.02325162281046289
59.0	11.850983425032151	-0.062347556302652436	0.06807645825799957
59.1	11.875449990266961	-0.08635406525565838	0.022218565326718842
59.2	11.888174192800705	-0.07601656766671201	0.04647813135100298
59.3	11.910466539339506	-0.08775587901527256	0.02325162281046289
59.4	11.92812905354333	-0.08828489440043026	0.02272336084164106
59.5	11.946777504517286	-0.0779036152711815	0.04647813135100298
59.6	11.963319966154511	-0.08883859757088593	0.02272336084164106
59.7	11.984890625544141	-0.08939194773243352	0.022218565326718842
59.8	11.996555828065071	-0.08936153945409404	0.02272336084164106
59.9	12.01990258310911	-0.0908720311036915	0.02325162281046289
60.0	12.039632666214743	-0.09023413297351972	0.022218565326718842
60.1	12.086554415360974	-0.09095600603730786	0.022218565326718842
60.2	12.10408361659924	-0.09105341025270859	0.02272336084164106
60.3	12.135294639231773	-0.09137565164323395	0.02325162281046289
60.4	12.14789135022992	-0.08573486282972984	0.04647813135100298
60.5	12.15995637188837	-0.08538852776991583	0.04441521524691083
60.6	12.166916594381306	-0.07861747498330529	0.06807645825799957
60.7	12.184215778864552	-0.09080907853624871	0.02325162281046289
60.8	12.197950941685926	-0.07965182114612442	0.06965457372856809
60.9	12.221454444156384	-0.09303139109569881	0.022218565326718842
61.0	12.242821121788946	-0.09310684724791116	0.02325162281046289
61.1	12.254579734844924	-0.08411240978299747	0.06807645825799957
61.2	12.28387668785623	-0.09376784920606063	0.02325162281046289
61.3	12.29560684958974	-0.09395670690838905	0.02325162281046289
61.4	12.315157119145589	-0.09427146974560308	0.02325162281046289
61.5	12.328842307834684	-0.0944918037316529	0.02325162281046289
61.6	12.344125853205668	-0.08806928489500507	0.06965457372856809
61.7	12.367942846946383	-0.09512132940608096	0.02325162281046289
61.8	12.3953861709918	-0.09563684205259157	0.02272336084164106
61.9	12.414863493880421	-0.09587676021539467	0.02325162281046289
62.0	12.437764902670827	-0.0925921012376872	0.06965457372856809
62.1	12.452628571156135	-0.09554751037297116	0.04647813135100298
62.2	12.470209564671109	-0.096113624654312	0.04647813135100298
62.3	12.478731986811834	-0.09457083338761064	0.06965457372856809
62.4	12.501309713986185	-0.0970446131519883	0.04758310327698334
62.5	12.520310415238308	-0.09889944377707925	0.023805026185069966
62.6	12.54124751587542	-0.09900092027378357	0.06807645825799957
62.7	12.557863619637834	-0.10026440788164949	0.04758310327698334
62.8	12.583572517338764	-0.10112635376282725	0.04542327942157698
62.9	12.591974188961094	-0.10139536113621928	0.06807645825799957
63.0	12.618013942349751	-0.1018641713194355	0.023805026185069966
63.1	12.631858439826031	-0.10206595108732676	0.02272336084164106
63.2	12.64358874402976	-0.10225051881081199	0.02272336084164106
63.3	12.646469889330232	-0.10532469998739581	0.06807645825799957
63.4	12.69246501154529	-0.10301955099200041	0.02272336084164106
63.5	12.70500066596755	-0.10808751636712932	0.06807645825799957
63.6	12.731803875942077	-0.10967222820908135	0.07130746478529026
63.7	12.751192302804519	-0.10388956509684563	0.022218565326718842
63.8	12.768711988869518	-0.10421924119465434	0.02272336084164106
63.9	12.776972826723478	-0.10721237748472386	0.04542327942157698
64.0	12.795122430869737	-0.11076950306297369	0.06656816377582375
64.1	12.817588256385047	-0.10498827337584278	0.02272336084164106
64.2	12.843003915493124	-0.10538817011006074	0.02272336084164106
64.3	12.858563681311896	-0.10572883702019395	0.02325162281046289
64.4	12.882104929505548	-0.10600339585501149	0.02272336084164106
64.5	12.893835233709275	-0.10618796357849669	0.02272336084164106
64.6	12.91525946302386	-0.10664164924811464	0.02325162281046289
64.7	12.921564539525622	-0.11830993697214329	0.06807645825799957
64.8	12.95286845000901	-0.11385137035988784	0.04441521524691083
64.9	12.972404720002126	-0.11445248635967606	0.04441521524691083
65.0	12.997919677353684	-0.12148622734305002	0.06656816377582375
65.1	13.02673424838105	-0.10963322775022082	0.02272336084164106
65.2	13.050472652067931	-0.12526860061837108	0.06656816377582375
65.3	13.064393154473763	-0.12543519801573272	0.06512516333438567
65.4	13.08562825809557	-0.1192914701579712	0.04441521524691083
65.5	13.099303647090752	-0.11971225135782294	0.04441521524691083
65.6	13.126654425081115	-0.12055381375752645	0.04441521524691083
65.7	13.147985205538335	-0.11270243208392602	0.022218565326718842
65.8	13.169547391199336	-0.12322877995658402	0.04441521524691083
65.9	13.189420252200494	-0.12305982837936834	0.0425275346197842
66.0	13.208958126418297	-0.12363541223521197	0.0425275346197842
66.1	13.22263463837076	-0.1240383209343025	0.0425275346197842
66.2	13.239910645989804	-0.11525571202423038	0.021735706841792712
66.3	13.25547076793442	-0.11571023651637669	0.022218565326718842
66.4	13.274890901116569	-0.13765272140007942	0.06512516333438567
66.5	13.29644631828796	-0.12848854495473092	0.04441521524691083
66.6	13.329720091351929	-0.11820671419531072	0.022218565326718842
66.7	13.35908635343902	-0.11975765839637931	0.021735706841792712
66.8	13.380012508569385	-0.1451124592357142	0.06512516333438567
66.9	13.389465355298954	-0.14634182315230268	0.06656816377582375
67.0	13.423288888888889	-0.10830769230769238	0.0
67.1	13.431340435104737	-0.12112428449478785	0.022218565326718842
67.2	13.4411157995102	-0.12127467471641037	0.022218565326718842
67.3	13.4411157995102	-0.12127467471641037	0.022218565326718842
67.4	13.4411157995102	-0.12127467471641037	0.022218565326718842
67.5	13.54781562975399	-0.0643638459185542	0.07485984771076692
67.6	13.56629497309913	-0.0809456395036823	0.04758310327698334
67.7	13.57773829665008	-0.0799800872973379	0.049958395721942495
67.8	13.59754844727504	-0.08197597381717388	0.04758310327698334
67.9	13.622172066136113	-0.09581380764795183	0.02325162281046289
68.0	13.635857254825206	-0.09603414163400166	0.02325162281046289
68.1	13.667137686114566	-0.09653776217354411	0.02325162281046289
68.2	13.684806907336382	-0.09708262255322575	0.02272336084164106
68.3	13.702402363641975	-0.09735947413845358	0.02272336084164106
68.4	13.733683174851913	-0.09785165473441416	0.02272336084164106
68.5	13.73766475394974	-0.09814465863086494	0.022218565326718842
68.6	13.747368529756262	-0.09806698374514693	0.02272336084164106
68.7	13.774739239564958	-0.09849764176661245	0.02272336084164106
68.8	13.782559442367443	-0.0986206869156026	0.02272336084164106
68.9	13.815039943780038	-0.11618538193394615	6.260461946337945
69.0	13.83925591268546	-0.09951276424578118	0.02272336084164106
69.1	13.856276846027269	-0.11594662714562766	6.259380280994517
69.2	13.875646515499295	-0.1152317820292725	6.260461946337945
69.3	13.876371036105308	-0.09855224433171392	0.02325162281046289
69.4	13.895996815973943	-0.09905134493706813	0.02272336084164106
69.5	13.911637221578912	-0.09929743523504843	0.02272336084164106
69.6	13.93705288068699	-0.09969733196926639	0.02272336084164106
69.7	13.956088888888889	-0.10559999999999996	0.0
69.8	13.985125093727614	-0.11095390011794692	6.259933684369123
69.9	14.00663039023905	-0.11060766099701148	6.259933684369123
70.0	14.02648888888889	-0.10424615384615381	0.0
70.1	14.038222222222222	-0.10424615384615381	0.0
70.2	14.052489737964578	-0.09880525463908783	0.02272336084164106
70.3	14.064825400120213	-0.09356611038827818	0.04647813135100298
70.4	14.093515425404696	-0.09798567122472868	0.02325162281046289
70.5	14.116444444444445	-0.10289230769230767	0.0
70.6	14.13655691809129	-0.10012798999073191	0.02272336084164106
70.7	14.150242272995639	-0.10034331900146468	0.02272336084164106
70.8	14.16572565414393	-0.10041403284763077	0.023805026185069966
70.9	14.177612982804336	-0.10077397702293019	0.02272336084164106
71.0	14.197086388307545	-0.10100739446198341	0.02325162281046289
71.1	14.212645690031655	-0.10118744003259328	0.023805026185069966
71.2	14.240096981330414	-0.10169987270385429	0.02325162281046289
71.3	14.247917089152754	-0.1018257778387399	0.02325162281046289
71.4	14.26559026433229	-0.10215823494906935	0.02272336084164106
71.5	14.304691278344716	-0.10277346069402007	0.02272336084164106
71.6	14.32815188675217	-0.10314259614099053	0.02272336084164106
71.7	14.339803356065245	-0.10330516317364587	0.02325162281046289
71.8	14.36138774866273	-0.10366553802419867	0.02272336084164106
71.9	14.378983204968323	-0.10394238960942648	0.02272336084164106
72.0	14.404398864076398	-0.10434228634364447	0.02272336084164106
72.1	14.42394937108261	-0.10464989921611985	0.02272336084164106
72.2	14.4397957372587	-0.10699559917341933	0.04647813135100298
72.3	14.447609512154244	-0.10724720552068194	0.04647813135100298
72.4	14.463237061945334	-0.10775041821520713	0.04647813135100298
72.5	14.472831756784936	-0.10812070702202278	0.04758310327698334
72.6	14.500070100680057	-0.1072396986388213	0.02325162281046289
72.7	14.51045467015421	-0.11241592869537846	0.06807645825799957
72.8	14.527440478058248	-0.10768036661092095	0.02325162281046289
72.9	14.56466858855687	-0.10821820853683412	0.02272336084164106
73.0	14.584219095563082	-0.10852582140930948	0.02272336084164106
73.1	14.609714151045235	-0.10885244241038922	0.022218565326718842
73.2	14.621375145732475	-0.1141978308638112	0.04647813135100298
73.3	14.639480263487457	-0.11824419310706055	0.06656816377582375
73.4	14.662501118834744	-0.1096645496071509	0.022218565326718842
73.5	14.691827212051138	-0.1101157202720185	0.022218565326718842
73.6	14.701655207169445	-0.12144112886917459	0.06807645825799957
73.7	14.735025323415297	-0.1173678989586489	0.04441521524691083
73.8	14.748700712410479	-0.11778868015850065	0.04441521524691083
73.9	14.768031608349737	-0.11264227599527703	0.022218565326718842
74.0	14.773743756195584	-0.11910415463543185	0.04647813135100298
74.1	14.795231637158329	-0.119796072090404	0.04647813135100298
74.2	14.81878074666716	-0.11357067251790551	0.02272336084164106
74.3	14.844279450712362	-0.11381531972393279	0.022218565326718842
74.4	14.86383017952329	-0.11411610016717785	0.022218565326718842
74.5	14.88740822936161	-0.12205660375699699	0.04441521524691083
74.6	14.904990872355414	-0.12259760815680638	0.04441521524691083
74.7	14.93030265748045	-0.11513875367421107	0.022218565326718842
74.8	14.943976584475013	-0.12515235115590628	0.04441521524691083
74.9	14.967595174890153	-0.1254948187891728	0.043450895391530686
75.0	14.98908598291877	-0.12614169929839533	0.043450895391530686
75.1	15.016260783449546	-0.1273764803551227	0.04441521524691083
75.2	15.033656759694399	-0.13850442375139205	0.06512516333438567
75.3	15.061107376567078	-0.1301115581541591	0.04441521524691083
75.4	15.078801304315464	-0.12013170903207915	0.022218565326718842
75.5	15.0963969602453	-0.1204024114309997	0.022218565326718842
75.6	15.105731663270806	-0.14311536406711906	0.06512516333438567
75.7	15.149097035906761	-0.12392154261696697	0.022218565326718842
75.8	15.16438912393069	-0.13735500595160707	0.04441521524691083
75.9	15.18020976973452	-0.13731508991223923	0.043450895391530686
76.0	15.211276171914172	-0.1387976843510988	0.04441521524691083
76.1	15.24088888888889	-0.11236923076923085	0.0
76.2	15.250666666666667	-0.11236923076923085	0.0
76.3	15.250666666666667	-0.11236923076923085	0.0
76.4	15.250666666666667	-0.11236923076923085	0.0
76.5	15.348884988981983	-0.04176094545989004	0.09966865249116186
76.6	15.364873774883842	-0.07074514799187066	0.04874185130993158
76.7	15.39245545033029	-0.07293438991274519	0.04647813135100298
76.8	15.413826298408326	-0.07302494446871578	0.04758310327698334
76.9	15.43481301620096	-0.06260094644476144	0.07130746478529026
77.0	15.43451474436687	-0.06303298826715743	0.0730405653031192
77.1	15.466504596142714	-0.07802941844481279	0.04647813135100298
77.2	15.466192558658364	-0.06713643802752382	0.06807645825799957
77.3	15.501178000148396	-0.07014483808545585	0.06807645825799957
77.4	15.512211854883907	-0.09158430081930889	0.023805026185069966
77.5	15.544587840418469	-0.08372893241639554	0.04542327942157698
77.6	15.55329526938976	-0.09386227805722483	0.02325162281046289
77.7	15.574872538476363	-0.0944371518499376	0.02272336084164106
77.8	15.59036536704213	-0.09422677536793075	0.023805026185069966
77.9	15.623748805991895	-0.09520618403112603	0.02272336084164106
78.0	15.629613958093758	-0.09529846789286864	0.02272336084164106
78.1	15.647136563257838	-0.09537313967585219	0.02325162281046289
78.2	15.672625073507424	-0.09597521621231445	0.02272336084164106
78.3	15.67663730556799	-0.0797839974547483	0.06807645825799957
78.4	15.681335533922812	-0.08803218151268606	0.04542327942157698
78.5	15.688192129325122	-0.09603414163400167	0.02325162281046289
78.6	15.741051848029167	-0.09705186126597823	0.02272336084164106
78.7	15.746917000131031	-0.09714414512772085	0.02272336084164106
78.8	15.756572607027442	-0.09848929176427113	0.02325162281046289
78.9	15.756572607027442	-0.09848929176427113	0.02325162281046289
79.0	15.81799443022358	-0.0936878803249536	0.04542327942157698
79.1	15.828984696586653	-0.09978961583100902	0.02272336084164106
79.2	15.847991577131697	-0.08885449606560959	0.06965457372856809
79.3	15.847991577131697	-0.08885449606560959	0.06965457372856809
79.4	15.895500853378245	-0.09948200295853366	0.02272336084164106
79.5	15.895500853378245	-0.09948200295853366	0.02272336084164106
79.6	15.932646816690047	-0.10006646741623684	0.02272336084164106
79.7	15.942422070193153	-0.10022027385247453	0.02272336084164106
79.8	15.986229792341982	-0.09777151736555306	0.04441521524691083
79.9	16.000507602961143	-0.09507158142260702	0.06807645825799957
80.0	16.019799271087393	-0.09579576281375372	0.06965457372856809
80.1	16.036264503822974	-0.10169681564035629	0.02272336084164106
80.2	16.057170380603353	-0.0992422702239	0.06656816377582375
80.3	16.057170380603353	-0.0992422702239	0.06656816377582375
80.4	16.12419735238046	-0.10443457020538709	0.02272336084164106
80.5	16.12419735238046	-0.10443457020538709	0.02272336084164106
80.6	16.16388726580704	-0.10546956443560164	0.06965457372856809
80.7	16.16388726580704	-0.10546956443560164	0.06965457372856809
80.8	16.21049408140041	-0.10605207537118459	0.04647813135100298
80.9	16.223824049412244	-0.10601212357368657	0.02325162281046289
81.0	16.259727997068534	-0.11002148783294277	0.06807645825799957
81.1	16.259727997068534	-0.11002148783294277	0.06807645825799957
81.2	16.304345840004782	-0.11225378894962486	0.06965457372856809
81.3	16.32630925358301	-0.11302091572685527	0.06656816377582375
81.4	16.36701340147449	-0.11219830136047025	0.04441521524691083
81.5	16.370569247359352	-0.10960439351850189	0.022218565326718842
81.6	16.380558577626633	-0.1170820185811506	0.06807645825799957
81.7	16.380558577626633	-0.1170820185811506	0.06807645825799957
81.8	16.41735692150561	-0.11906942191047225	0.06965457372856809
81.9	16.41735692150561	-0.11906942191047225	0.06965457372856809
82.0	16.46068356764197	-0.12193650987582633	0.06656816377582375
82.1	16.46068356764197	-0.12193650987582633	0.06656816377582375
82.2	16.505424234452907	-0.1229760268579154	0.06807645825799957
82.3	16.505424234452907	-0.1229760268579154	0.06807645825799957
82.4	16.54444475221112	-0.12481790444440441	0.06807645825799957
82.5	16.55447241608002	-0.12490837459215001	0.06656816377582375
82.6	16.591809187423006	-0.1262281622738514	0.06512516333438567
82.7	16.597122451184706	-0.12730443918616458	0.06807645825799957
82.8	16.64807068923566	-0.12251964927010014	0.04542327942157698
82.9	16.663877877503232	-0.12268777555677461	0.04441521524691083
83.0	16.679495370879412	-0.13154395970790608	0.06512516333438567
83.1	16.679495370879412	-0.13154395970790608	0.06512516333438567
83.2	16.720474980564408	-0.13339420964351628	0.06512516333438567
83.3	16.720474980564408	-0.13339420964351628	0.06512516333438567
83.4	16.765556521164118	-0.12678857980761787	0.043450895391530686
83.5	16.765556521164118	-0.12678857980761787	0.043450895391530686
83.6	16.780841424230815	-0.13747650712049753	0.06512516333438567
83.7	16.79264360372453	-0.1293601631544238	0.04441521524691083
83.8	16.81301802711067	-0.14917728727261576	0.08865588186743745
83.9	16.81301802711067	-0.14917728727261576	0.08865588186743745
84.0	16.86306100356639	-0.13017166975413788	0.04441521524691083
84.1	16.86306100356639	-0.13017166975413788	0.04441521524691083
84.2	16.907683073255804	-0.14320347120691004	0.06512516333438567
84.3	16.907683073255804	-0.14320347120691004	0.06512516333438567
84.4	16.968657398620323	-0.1342571093231872	0.043450895391530686
84.5	16.99777443865226	-0.13567188115220008	0.04441521524691083
84.6	17.018277993988672	-0.14989813758042966	0.06807645825799957
84.7	17.04055432903384	-0.137581021107117	0.04542327942157698
84.8	17.04055432903384	-0.137581021107117	0.04542327942157698
84.9	17.04055432903384	-0.137581021107117	0.04542327942157698
85.0	17.04055432903384	-0.137581021107117	0.04542327942157698
85.1	17.14336346059555	-0.0950566379882139	0.049958395721942495
85.2	17.157035270389965	-0.095529892942636	0.049958395721942495
85.3	17.162894617444714	-0.0957327164945312	0.049958395721942495
85.4	17.196266666666666	-0.12455384615384607	0.0
85.5	17.219733333333334	-0.1245538461538461	0.0
85.6	17.21587265683651	-0.10020001198705622	0.04758310327698334
85.7	17.23928888888889	-0.12590769230769225	0.0
85.8	17.274366739275916	-0.1142589099086942	0.02325162281046289
85.9	17.28817777777778	-0.1245538461538461	0.0
86.0	17.3136	-0.1245538461538461	0.0
86.1	17.321419675002563	-0.11390904667762833	0.02272336084164106
86.2	17.337060080607532	-0.11415513697560863	0.02272336084164106
86.3	17.353011517005783	-0.13341170279256673	6.260461946337945
86.4	17.368753622061828	-0.13339649041130755	6.259933684369123
86.5	17.38008888888889	-0.12319999999999993	0.0
86.6	17.40551111111111	-0.12319999999999993	0.0
86.7	17.41726159230347	-0.11406285311386603	0.02272336084164106
86.8	17.436895564181214	-0.11456727083204551	0.022218565326718842
86.9	17.4544	-0.12319999999999996	0.0
87.0	17.47237005070783	-0.13172824737407315	6.259933684369123
87.1	17.472086876040887	-0.11510867562988662	0.022218565326718842
87.2	17.48386075939147	-0.12981683930457028	6.260966741852867
87.3	17.497640835881285	-0.12978187089735735	6.260461946337945
87.4	17.526788864508728	-0.11443198856083646	0.02272336084164106
87.5	17.546472670426347	-0.12765934207727733	6.260461946337945
87.6	17.58357420076768	-0.12572138098068253	6.260461946337945
87.7	17.589439352869544	-0.1256290971189399	6.260461946337945
87.8	17.605175486458148	-0.1255274194809567	6.259933684369123
87.9	17.620815702102828	-0.12527560921118547	6.259933684369123
88.0	17.628623044720392	-0.11345438319203875	0.022218565326718842
88.1	17.638315620385075	-0.11347838865616286	0.02272336084164106
88.2	17.659734378241914	-0.11369233680170897	0.02325162281046289
88.3	17.683237353528895	-0.12279905869216654	6.260461946337945
88.4	17.704787344206196	-0.1145242724225791	0.02272336084164106
88.5	17.724266666666665	-0.11913846153846151	0.0
88.6	17.74382222222222	-0.11913846153846151	0.0
88.7	17.751644444444445	-0.11913846153846151	0.0
88.8	17.779127419762055	-0.12137255002973142	6.259933684369123
88.9	17.78488888888889	-0.11778461538461536	0.0
89.0	17.814222222222224	-0.11778461538461536	0.0
89.1	17.831822222222222	-0.11778461538461536	0.0
89.2	17.8592	-0.11778461538461536	0.0
89.3	17.876960746683217	-0.11592078282664826	0.022218565326718842
89.4	17.898381796538164	-0.11621614322119365	0.02272336084164106
89.5	17.91393334821111	-0.11643077348547108	0.02325162281046289
89.6	17.94328888888889	-0.11778461538461538	0.0
89.7	17.95498940091524	-0.1185232397647589	6.260461946337945
89.8	17.966578783960927	-0.11862132699362292	0.023805026185069966
89.9	17.98435959439503	-0.11892313649897687	0.02272336084164106
90.0	18.00968420329162	-0.1193265915878402	0.02325162281046289
90.1	18.027414466399325	-0.12094381622884087	0.022218565326718842
90.2	18.048739276660164	-0.1213095974622886	0.02325162281046289
90.3	18.05851441143809	-0.12146697888089562	0.02325162281046289
90.4	18.08611009889614	-0.12049264556397325	0.022218565326718842
90.5	18.103525497159694	-0.12083745320646756	0.02325162281046289
90.6	18.136942818377253	-0.11696587030873494	6.259933684369123
90.7	18.148622222222222	-0.11913846153846155	0.0
90.8	18.169996413649585	-0.12190764685299528	0.02325162281046289
90.9	18.197366791027772	-0.12234831482509494	0.02325162281046289
91.0	18.209096952761282	-0.12253717252742337	0.02325162281046289
91.1	18.22483083057144	-0.1227067748304239	0.02272336084164106
91.2	18.244471002264664	-0.12292896715425827	0.022218565326718842
91.3	18.257972626650908	-0.12332407962045844	0.02325162281046289
91.4	18.281432950117924	-0.12370179502511529	0.02325162281046289
91.5	18.306898527027062	-0.12535224553371205	0.02272336084164106
91.6	18.326353104353228	-0.12577922975072792	0.02325162281046289
91.7	18.342181200255286	-0.1257863813650864	0.022218565326718842
91.8	18.353171599874223	-0.13841685057543948	0.06656816377582375
91.9	18.373462366352772	-0.12626763007427852	0.022218565326718842
92.0	18.39692324092589	-0.12662856660617258	0.022218565326718842
92.1	18.400386590916288	-0.13321629702373658	0.04542327942157698
92.2	18.44580006295321	-0.12738051771428524	0.022218565326718842
92.3	18.46535079176414	-0.1276812981575303	0.022218565326718842
92.4	18.490766739218348	-0.1280723127337489	0.022218565326718842
92.5	18.510406943922128	-0.12820248590492003	0.021735706841792712
92.6	18.525324256345257	-0.13850314591346494	0.04542327942157698
92.7	18.54742040670602	-0.1302980880137624	0.022218565326718842
92.8	18.55514553303549	-0.13061242565304085	0.02272336084164106
92.9	18.58852568511031	-0.1320865180691269	0.021735706841792712
93.0	18.607688698168836	-0.14160802420071605	0.043450895391530686
93.1	18.626940611045782	-0.1439672819492774	0.04441521524691083
93.2	18.651318674243182	-0.15624803887338162	0.06656816377582375
93.3	18.674666666666667	-0.12455384615384621	0.0
93.4	18.688355555555557	-0.12455384615384621	0.0
93.5	18.694058239174648	-0.13502896667837458	0.021735706841792712
93.6	18.712900199015497	-0.14661219234834558	0.04441521524691083
93.7	18.734921331551703	-0.13614945735759748	0.02272336084164106
93.8	18.766577777777776	-0.12320000000000006	0.0
93.9	18.779530218492507	-0.1481356366119617	0.043450895391530686
94.0	18.802767040983834	-0.14937732594737138	0.04441521524691083
94.1	18.82013097221176	-0.15049076839598857	0.04542327942157698
94.2	18.84244912008587	-0.137841328156212	0.02272336084164106
94.3	18.84244912008587	-0.137841328156212	0.02272336084164106
94.4	18.84244912008587	-0.137841328156212	0.02272336084164106
94.5	18.949333333333335	-0.10830769230769223	0.0
94.6	18.966933333333333	-0.10830769230769223	0.0
94.7	18.988444444444447	-0.10830769230769223	0.0
94.8	18.996553306403516	-0.09612750945344291	0.024385409172718475
94.9	19.025581996872596	-0.12215945712276655	6.259933684369123
95.0	19.03926718556169	-0.12193912313671672	6.259933684369123
95.1	19.049042320339616	-0.12178174171810971	6.259933684369123
95.2	19.051022222222223	-0.10966153846153841	0.0
95.3	19.09191618261137	-0.11947683966943258	6.260461946337945
95.4	19.125698848239637	-0.13903105982014458	6.215108848921586
95.5	19.136927601854634	-0.11765834855060583	6.259933684369123
95.6	19.15843289836607	-0.1173121094296704	6.259933684369123
95.7	19.175810398163065	-0.11522898780718457	6.260966741852867
95.8	19.179892729134348	-0.11561239010871462	6.259933684369123
95.9	19.210958263958716	-0.11333407101474066	6.260966741852867
96.0	19.23441913853183	-0.11297313448284657	6.260966741852867
96.1	19.250059721580573	-0.11273251012825054	6.260966741852867
96.2	19.26878497517504	-0.09609935161679849	0.022218565326718842
96.3	19.287243520791616	-0.11098672438911245	6.260461946337945
96.4	19.308833576716648	-0.11082799498306131	6.259933684369123
96.5	19.322844444444446	-0.10424615384615381	0.0
96.6	19.338119271978236	-0.1115404275595681	6.260461946337945
96.7	19.348266666666667	-0.10424615384615381	0.0
96.8	19.375176369349102	-0.10824896982408166	6.260461946337945
96.9	19.39392708288688	-0.09517542274387851	0.02272336084164106
97.0	19.41152253919247	-0.09545227432910634	0.02272336084164106
97.1	19.447318109695576	-0.10551620712762064	6.2614496003377935
97.2	19.461234747765968	-0.10566588445275114	6.259933684369123
97.3	19.479288888888888	-0.10018461538461536	0.0
97.4	19.49043549474482	-0.10372706059869376	6.260461946337945
97.5	19.5196859949153	-0.10316769203305746	6.260966741852867
97.6	19.537356711559728	-0.10298878970475288	6.260461946337945
97.7	19.55751111111111	-0.09883076923076921	0.0
97.8	19.575111111111113	-0.09883076923076921	0.0
97.9	19.5953861709918	-0.09563684205259157	0.02272336084164106
98.0	19.617513790285198	-0.10172757692760387	6.260461946337945
98.1	19.630532650632517	-0.09754404186193887	0.02272336084164106
98.2	19.643555555555555	-0.10018461538461536	0.0
98.3	19.662602524191218	-0.10242382722944661	6.259933684369123
98.4	19.67151380984923	-0.09814305264333573	0.02325162281046289
98.5	19.70173790103275	-0.10047848344637768	6.259380280994517
98.6	19.721207867115613	-0.10012605851778413	6.259933684369123
98.7	19.748578244493803	-0.0996853905456845	6.259933684369123
98.8	19.758933333333335	-0.09883076923076924	0.0
98.9	19.775175704238386	-0.09845781548054974	0.02325162281046289
99.0	19.795453425684688	-0.09757647953635046	6.259933684369123
99.1	19.8123212163945	-0.09905586487125641	0.02325162281046289
99.2	19.8320197491859	-0.09934778040384516	0.022218565326718842
99.3	19.857286836372953	-0.09977981939684868	0.02325162281046289
99.4	19.871048319779394	-0.09997418355449426	0.02272336084164106
99.5	19.903644444444446	-0.09883076923076924	0.0
99.6	19.91408936412778	-0.10196457026007723	0.022218565326718842
99.7	19.933487421897613	-0.10236087466200379	0.02325162281046289
99.8	19.94717261058671	-0.10258120864805362	0.02325162281046289
99.9	19.968756421839988	-0.10286574455576274	0.02272336084164106
100.0	19.98838213360931	-0.10310753594440847	0.022218565326718842
100.1	20.01168850012101	-0.10361992601085993	0.02325162281046289
100.2	20.033193796632446	-0.10396616513179537	0.02325162281046289
100.3	20.056654120099466	-0.1043438805364522	0.02325162281046289
100.4	20.075733333333336	-0.09883076923076925	0.0
100.5	20.089935044087564	-0.10352549715969572	0.02325162281046289
100.6	20.114844444444444	-0.09883076923076925	0.0
100.7	20.13681022527845	-0.10563440816902975	0.02325162281046289
100.8	20.158473474264394	-0.10572432580064053	0.022218565326718842
100.9	20.182259682865322	-0.11340053336004668	0.04441521524691083
101.0	20.20179595285844	-0.11400164935983491	0.04441521524691083
101.1	20.230222222222224	-0.10153846153846158	0.0
101.2	20.24049964314225	-0.10969462765147538	0.022218565326718842
101.3	20.25606000889037	-0.11009464705893388	0.02272336084164106
101.4	20.264393154473762	-0.12543519801573272	0.06512516333438567
101.5	20.29328661093176	-0.11050673484823706	0.022218565326718842
101.6	20.310882266861594	-0.1107774372471576	0.022218565326718842
101.7	20.340285874855365	-0.11104801051300625	0.021735706841792712
101.8	20.359836811170144	-0.11134225537393101	0.021735706841792712
101.9	20.379387747484923	-0.11163650023485579	0.021735706841792712
102.0	20.39495040074859	-0.11207079315311137	0.022218565326718842
102.1	20.40683995991953	-0.12166587835713465	0.04441521524691083
102.2	20.43014171260826	-0.11261219795095251	0.022218565326718842
102.3	20.451686553037064	-0.12440095615617104	0.04441521524691083
102.4	20.49031111111111	-0.1042461538461539	0.0
102.5	20.516416434616215	-0.12680112344235195	0.0425275346197842
102.6	20.537244444444447	-0.10560000000000005	0.0
102.7	20.557252731164244	-0.1181323476206478	0.021273386024061036
102.8	20.57048888888889	-0.1069538461538462	0.0
102.9	20.553467299471432	-0.11401413072407231	0.021273386024061036
103.0	20.535182027762666	-0.1378338393889267	0.06807645825799957
103.1	20.555227199055885	-0.1134476273689154	0.02272336084164106
103.2	20.576815624754257	-0.11351453928068769	0.022218565326718842
103.3	20.626843973717563	-0.07539098298393607	6.2397344117880555
103.4	20.626843973717563	-0.07539098298393607	6.2397344117880555
103.5	20.626843973717563	-0.07539098298393607	6.2397344117880555
103.6	20.742814461950164	0.010286620831837586	0.09725319825156564
103.7	20.776464469148713	-0.01956239349966681	0.04647813135100298
103.8	20.799458604992335	-0.008349845058750003	0.06807645825799957
103.9	20.833147349932787	-0.021946570391081617	0.04542327942157698
104.0	20.84609854891905	-0.010224499727495681	0.07130746478529026
104.1	20.867376695402072	-0.0014708576587831124	0.09065988720074492
104.2	20.887757630130952	-0.025020319745574844	0.04542327942157698
104.3	20.896709038367778	-0.014887603794662045	0.06965457372856809
104.4	20.910228629811876	-0.016897744391409668	0.06965457372856809
104.5	20.927694215625	-0.019830882014531433	0.06807645825799957
104.6	20.941351396840375	-0.020475539169802583	0.06807645825799957
104.7	20.95977216222967	-0.031352243415830906	0.04542327942157698
104.8	20.98218991599414	-0.023760220865707966	0.06807645825799957
104.9	21.00164465920737	-0.024027461820498874	0.06965457372856809
105.0	21.02121043375235	-0.025602098452196968	0.06807645825799957
105.1	21.029071767275152	-0.026566669433802606	0.06656816377582375
105.2	21.054807452349493	-0.042881234423066114	0.02272336084164106
105.3	21.079803599301282	-0.028908138604239454	0.06656816377582375
105.4	21.095475674965154	-0.030132641808508998	0.06512516333438567
105.5	21.14319698905387	-0.03780039012622236	0.04758310327698334
105.6	21.164804905282608	-0.039159566776243715	0.04542327942157698
105.7	21.17646614330723	-0.03921913937955724	0.04647813135100298
105.8	21.197890568861713	-0.03960347517483263	0.04758310327698334
105.9	21.216313022543407	-0.03481148638464198	0.06807645825799957
106.0	21.22200431772637	-0.03424242833265071	0.07130746478529026
106.1	21.2385018761894	-0.04699409159605521	0.02325162281046289
106.2	21.24145862019227	-0.036967741912061675	0.06965457372856809
106.3	21.26818714048225	-0.043527898076429226	0.04647813135100298
106.4	21.26818714048225	-0.043527898076429226	0.04647813135100298
106.5	21.31861251562523	-0.04963809942865311	0.02325162281046289
106.6	21.31861251562523	-0.04963809942865311	0.02325162281046289
106.7	21.35023177688546	-0.046169764722686496	0.04647813135100298
106.8	21.358184391418533	-0.046766824783523064	0.04441521524691083
106.9	23.4450711211927	-0.6907714161826538	1.6404509005234647
107.0	23.4450711211927	-0.6907714161826538	1.6404509005234647
107.1	23.449126139303022	-0.6579563680918978	1.6172744581458995
107.2	23.449629351997547	-0.6423288183008099	1.6172744581458995
107.3	23.45256111396183	-0.5954569938423175	1.6162196062164735
107.4	23.45256111396183	-0.5954569938423175	1.6162196062164735
107.5	23.45576684471773	-0.576273359595974	1.61837943007188
107.6	23.457097978670625	-0.570380970401058	1.5940479496053594
107.7	23.461945326363722	-0.562469931092412	7.83073001116402
107.8	23.461945326363722	-0.562469931092412	7.83073001116402
107.9	23.466549878850955	-0.5464283601351508	7.807503502623479
108.0	23.467839361380676	-0.5443840585636422	7.807503502623479
108.1	23.47128273627239	-0.5212215779742234	7.735491674816345
108.2	23.47128273627239	-0.5212215779742234	7.735491674816345
108.3	23.472780696287675	-0.5003214913529527	7.688832956559856
108.4	23.472780696287675	-0.5003214913529527	7.688832956559856
108.5	23.47295774681348	-0.478404672029328	7.670038177437307
108.6	23.47295774681348	-0.478404672029328	7.670038177437307
108.7	23.46922558152365	-0.4495533299807635	7.59783025140888
108.8	23.466678161494332	-0.4392093483292062	7.569251195451771
108.9	23.458908761831058	-0.4071225881132789	7.509334318356457
109.0	23.458908761831058	-0.4071225881132789	7.509334318356457
109.1	23.45404347197669	-0.3924530587642122	7.486807800156264
109.2	23.45053198679501	-0.3823434337310199	7.473475256862118
109.3	23.44076260127751	-0.36391716452571965	7.411607410997738
109.4	23.44076260127751	-0.36391716452571965	7.411607410997738
109.5	23.433905670748057	-0.3487026716024142	7.390334024973677
109.6	23.433905670748057	-0.3487026716024142	7.390334024973677
109.7	23.420822569597497	-0.3319081276847047	7.33483551972796
109.8	23.420822569597497	-0.3319081276847047	7.33483551972796
109.9	23.408306820802284	-0.31851903997229336	7.287252416450976
110.0	23.408306820802284	-0.31851903997229336	7.287252416450976
110.1	23.39160615384615	-0.31109333333333333	7.2104805251811985
110.2	23.39160615384615	-0.31109333333333333	7.2104805251811985
110.3	23.378107084976104	-0.30191369053087735	7.1753191432261705
110.4	23.378107084976104	-0.30191369053087735	7.1753191432261705
110.5	23.370148752671113	-0.29453790074771113	7.162644705205021
110.6	23.370148752671113	-0.29453790074771113	7.162644705205021
110.7	23.35290131900936	-0.29402754744686066	7.087449156598705
110.8	23.35290131900936	-0.29402754744686066	7.087449156598705
110.9	23.33701114068098	-0.29316041497240586	7.030140880555846
111.0	23.33701114068098	-0.29316041497240586	7.030140880555846
111.1	23.31559791341232	-0.29103519598261096	6.970856563218316
111.2	23.31559791341232	-0.29103519598261096	6.970856563218316
111.3	23.301140968154293	-0.2934878547197737	6.932180866176087
111.4	23.301140968154293	-0.2934878547197737	6.932180866176087
111.5	23.289816934688847	-0.29300237825515074	6.9099282083906335
111.6	23.289816934688847	-0.29300237825515074	6.9099282083906335
111.7	23.27836035817485	-0.30072098771581335	6.863188081387268
111.8	23.27836035817485	-0.30072098771581335	6.863188081387268
111.9	23.260576818740663	-0.3181912185787591	6.784789361368707
112.0	23.260576818740663	-0.3181912185787591	6.784789361368707
112.1	23.25380933333446	-0.3249920538805555	6.759652726653293
112.2	23.253426566762517	-0.3233081693303379	6.771519258235992
112.3	23.24389539690632	-0.335991204733317	6.721521867037544
112.4	23.24389539690632	-0.335991204733317	6.721521867037544
112.5	23.241060913595227	-0.33242970918882303	6.73384663326022
112.6	23.240471231107946	-0.33419002061381337	6.73384663326022
112.7	23.23279595583583	-0.3441922581140393	6.692093136130511
112.8	23.23279595583583	-0.3441922581140393	6.692093136130511
112.9	23.22557485019178	-0.3512094677141571	6.66906797657766
113.0	23.223894118009692	-0.3553991326673271	6.652518964853212
113.1	23.216755035103926	-0.36765641424172446	6.614281383883719
113.2	23.216755035103926	-0.36765641424172446	6.614281383883719
113.3	24.3498736418396	-1.1498903461316956	3.4358272187009806
113.4	24.3498736418396	-1.1498903461316956	3.4358272187009806
113.5	24.35213681957845	-1.1515583278693056	3.4444775219647648
113.6	24.353832857077883	-1.150275082565503	3.4444775219647648
113.7	24.352233987741503	-1.1405978969021258	3.415760104709452
113.8	24.340504456286087	-1.1358327747483639	3.415760104709452
113.9	24.31629741940803	-1.1186925832355088	3.3865713167166573
114.0	21.752514690746786	0.26038754728061236	5.0252902082650746
114.1	21.752514690746786	0.26038754728061236	5.0252902082650746
114.2	21.752514690746786	0.26038754728061236	5.0252902082650746
114.3	24.5538037546299	-1.2487349949663609	3.4444775219647648
114.4	24.54980103915413	-1.2829129145189273	3.5003633238603653
114.5	24.570300761974252	-1.2628489447892246	3.4544938814701776
114.6	24.576659879026998	-1.2611008133484591	3.4444775219647648
114.7	24.585802242711015	-1.2592888691629354	3.4358272187009806
114.8	24.585802242711015	-1.2592888691629354	3.4358272187009806
114.9	24.58321091509286	-1.25815461801694	3.4358272187009806
115.0	24.584506578901937	-1.2587217435899376	3.4358272187009806
115.1	24.58321091509286	-1.25815461801694	3.4358272187009806
115.2	24.58321091509286	-1.25815461801694	3.4358272187009806
115.3	24.58321091509286	-1.25815461801694	3.4358272187009806
115.4	24.58321091509286	-1.25815461801694	3.4358272187009806
115.5	24.58321091509286	-1.25815461801694	3.4358272187009806
115.6	24.58321091509286	-1.25815461801694	3.4358272187009806
115.7	24.58321091509286	-1.25815461801694	3.4358272187009806
115.8	24.58321091509286	-1.25815461801694	3.4358272187009806
115.9	24.58321091509286	-1.25815461801694	3.4358272187009806
116.0	24.58321091509286	-1.25815461801694	3.4358272187009806
116.1	24.58321091509286	-1.25815461801694	3.4358272187009806
116.2	24.58448928140474	-1.2531446534478243	3.4276440953071114
116.3	24.58321091509286	-1.25815461801694	3.4358272187009806
116.4	24.58321091509286	-1.25815461801694	3.4358272187009806
116.5	24.58321091509286	-1.25815461801694	3.4358272187009806
116.6	24.58448928140474	-1.2531446534478243	3.4276440953071114
116.7	24.58321091509286	-1.25815461801694	3.4358272187009806
116.8	24.58321091509286	-1.25815461801694	3.4358272187009806
116.9	24.58321091509286	-1.25815461801694	3.4358272187009806
117.0	24.58321091509286	-1.25815461801694	3.4358272187009806
117.1	24.58321091509286	-1.25815461801694	3.4358272187009806
117.2	24.58321091509286	-1.25815461801694	3.4358272187009806
117.3	24.58321091509286	-1.25815461801694	3.4358272187009806
117.4	24.58321091509286	-1.25815461801694	3.4358272187009806
117.5	24.58321091509286	-1.25815461801694	3.4358272187009806
117.6	24.58448928140474	-1.2531446534478243	3.4276440953071114
117.7	24.58321091509286	-1.25815461801694	3.4358272187009806
117.8	24.58321091509286	-1.25815461801694	3.4358272187009806
117.9	24.58321091509286	-1.25815461801694	3.4358272187009806
118.0	24.58448928140474	-1.2531446534478243	3.4276440953071114
118.1	24.58321091509286	-1.25815461801694	3.4358272187009806
118.2	24.58321091509286	-1.25815461801694	3.4358272187009806
118.3	24.58321091509286	-1.25815461801694	3.4358272187009806
