0.000000	0.000000	0.000000	0.000000
0.099688	0.000000	0.000000	0.000000
0.199350	0.000000	0.000000	0.000000
0.299020	0.000000	0.000000	0.000000
0.398742	0.000000	0.000000	0.000000
0.498360	0.000000	0.000000	0.000000
0.598039	0.000000	0.000000	0.000000
0.697682	0.000000	0.000000	0.000000
0.797364	0.000000	0.000000	0.000000
0.897021	0.000000	0.000000	0.000000
0.996675	0.000000	0.000000	0.000000
1.096332	0.000000	0.000000	0.000000
1.196028	0.000000	0.000000	0.000000
1.295683	0.000000	0.000000	0.000000
1.395339	0.000000	0.000000	0.000000
1.495021	0.000000	0.000000	0.000000
1.594683	0.000000	0.000000	0.000000
1.694346	0.000000	0.000000	0.000000
1.794014	0.000000	0.000000	0.000000
1.893686	0.000000	0.000000	0.000000
1.993346	0.000000	0.000000	0.000000
2.093016	0.000000	0.000000	0.000000
2.192707	0.000000	0.000000	0.000000
2.292372	0.000000	0.000000	0.000000
2.392056	0.000000	0.000000	0.000000
2.491775	0.000000	0.000000	0.000000
2.591399	-0.000000	-0.000096	-0.000000
2.691070	-0.000000	-0.000096	-0.000000
2.790722	-0.000000	-0.000096	-0.000000
2.890397	-0.000000	-0.000096	-0.000000
2.990121	-0.000000	-0.000096	-0.000000
3.089762	-0.000000	-0.000096	-0.000000
3.189422	-0.000000	-0.000096	-0.000000
3.289159	-0.000000	-0.000096	-0.000000
3.388783	0.000000	0.000000	0.000000
3.488457	-0.000000	-0.000096	-0.000000
3.588121	-0.000000	-0.000096	-0.000000
3.687834	0.000000	0.000000	0.000000
3.787549	0.000096	-0.001246	-0.000000
3.887249	0.000767	-0.015819	0.000096
3.986917	0.001246	-0.032022	0.001342
4.086614	0.001055	-0.028666	0.000575
4.186304	0.000575	-0.035473	0.001630
4.285980	0.000383	-0.040363	0.001630
4.385651	-0.000192	-0.032309	0.002301
4.485345	-0.000192	-0.019750	0.001917
4.584980	-0.000479	-0.007286	0.001822
4.684660	-0.000288	-0.008245	0.001534
4.784390	0.000383	-0.011697	0.000959
4.883998	0.000959	-0.009396	0.000096
4.983673	0.000671	-0.002589	0.000096
5.083340	0.000671	-0.009587	-0.000671
5.182985	0.000671	-0.013422	-0.000479
5.282662	0.000575	-0.010642	-0.000383
5.382339	-0.000000	-0.002684	-0.000479
5.481991	-0.000959	0.003835	-0.000000
5.581656	-0.000959	-0.001150	0.000096
5.681303	-0.000767	-0.005081	0.000288
5.780965	-0.000671	-0.001630	0.000575
5.880630	-0.000671	0.002684	-0.000096
5.980268	-0.000575	0.000575	0.000479
6.079942	-0.000479	0.001438	0.000383
6.179608	0.000192	0.002876	0.000192
6.279266	0.000479	0.001055	-0.000575
6.378948	0.000383	0.001150	-0.000863
6.478655	-0.000096	0.005177	-0.001055
6.578289	-0.000192	0.009875	-0.001342
6.677961	-0.000479	0.009492	-0.000479
6.777698	-0.000863	0.013135	-0.000767
6.877314	-0.001726	0.008916	-0.000288
6.976983	-0.001438	0.002205	-0.000479
7.076648	-0.001438	0.005752	-0.000096
7.176373	-0.001246	0.008533	-0.000096
7.276032	-0.001150	0.007574	0.000383
7.375619	-0.000959	0.010163	-0.000192
7.475327	-0.000863	0.009300	0.000096
7.575024	-0.000288	0.008916	0.000096
7.674685	0.000192	0.008533	-0.000000
7.774350	0.000288	0.007574	-0.000192
7.874020	0.000096	0.007766	-0.000192
7.973712	-0.000096	0.010738	-0.000192
8.073342	-0.000000	0.011409	-0.000192
8.173033	-0.000288	0.018504	0.000192
8.272702	-0.000671	0.018504	0.000288
8.372382	-0.000671	0.006615	0.000863
8.472050	-0.000288	-0.016107	0.001055
8.571713	-0.000096	-0.021667	0.000863
8.671407	-0.000288	-0.010067	0.000671
8.771027	-0.000575	0.004123	0.000383
8.870742	-0.000863	0.011984	0.001150
8.970423	-0.000575	0.006711	0.000575
9.070097	-0.000288	0.003164	0.001246
9.169744	0.000192	0.006807	0.001534
9.269455	0.000096	0.011984	0.001917
9.369125	0.000575	-0.000671	0.000863
9.468766	0.000767	-0.010930	0.000671
9.568445	0.000863	-0.014189	0.000288
9.668124	0.000863	-0.014765	-0.000479
9.767774	-0.000767	-0.015627	-0.000671
9.867470	-0.001246	-0.016394	-0.001438
9.967170	-0.002013	-0.013422	-0.000863
10.066754	-0.002205	-0.006328	-0.001055
10.166486	-0.002493	0.005848	-0.000959
10.266124	-0.002780	0.009587	-0.000288
10.365796	-0.002684	0.005657	-0.000096
10.465446	-0.002493	0.004698	-0.000096
10.565121	-0.002301	0.002972	0.000671
10.664791	-0.001438	-0.002684	0.000479
10.764477	-0.001150	-0.003931	0.000383
10.864129	-0.001150	-0.000575	-0.000479
10.963799	-0.001534	0.007191	-0.001534
11.063481	-0.001630	0.009012	-0.001726
11.163132	-0.001534	0.005752	-0.002205
11.262818	-0.001726	0.007382	-0.001917
11.362512	-0.002013	0.006807	-0.002684
11.462168	-0.002684	0.006519	-0.002109
11.561822	-0.002876	0.007766	-0.001822
11.661518	-0.002780	0.007286	-0.002013
11.761169	-0.002780	0.010450	-0.001438
11.860850	-0.002876	0.009492	-0.000383
12.060188	-0.002205	0.004123	-0.000192
12.159857	-0.001822	0.003451	-0.000767
12.259556	-0.001246	0.006040	-0.001246
12.359215	-0.001150	0.006903	-0.001917
12.458890	-0.001055	0.007862	-0.002397
12.558567	-0.001150	0.009204	-0.002972
12.658216	0.000096	0.006807	-0.002205
12.757900	0.000383	0.006424	-0.002684
12.857595	0.000192	0.005752	-0.002301
12.957256	-0.000288	0.003547	-0.002493
13.056904	-0.000959	0.007574	-0.002397
13.156567	-0.001055	0.007766	-0.002684
13.256239	-0.000959	0.009300	-0.002397
13.355880	-0.000959	0.010546	-0.002397
13.455548	-0.000959	0.009012	-0.001726
13.555186	-0.000863	0.006807	-0.002205
13.654861	-0.000671	0.004314	-0.002397
13.754506	-0.000288	0.005465	-0.002780
13.854198	0.000192	0.007191	-0.003260
13.953908	0.000096	0.008533	-0.003547
14.053545	0.000000	0.009875	-0.003547
14.252886	-0.000096	0.008533	-0.003931
14.352561	-0.000192	0.007286	-0.003931
14.452197	-0.000479	0.007766	-0.004218
14.551900	-0.001150	0.009012	-0.004027
14.651565	-0.001630	0.008916	-0.003931
14.751214	-0.001534	0.009587	-0.004314
14.850912	-0.001534	0.010354	-0.004027
14.950553	-0.001534	0.008725	-0.004506
15.050224	-0.001534	0.007286	-0.004506
15.149855	-0.001438	0.005369	-0.004890
15.249559	-0.001150	0.006903	-0.004794
15.349212	-0.000767	0.007286	-0.004602
15.448883	-0.000479	0.009492	-0.004506
15.548550	-0.000479	0.010834	-0.004890
15.648197	-0.000479	0.009204	-0.004985
15.747849	-0.000383	0.009108	-0.005465
15.847531	-0.000288	0.008341	-0.005944
16.046844	-0.000863	0.009587	-0.006136
16.146502	-0.001534	0.010067	-0.006232
16.246153	-0.001822	0.010546	-0.006232
16.345826	-0.001630	0.011888	-0.006903
16.445496	-0.001534	0.011121	-0.007095
16.545151	-0.001726	0.009587	-0.006615
16.644828	-0.001726	0.008053	-0.006232
16.744489	-0.001630	0.005369	-0.006136
16.844218	-0.001150	0.005657	-0.005752
16.943821	-0.000671	0.006328	-0.005752
17.043471	-0.000383	0.009971	-0.005848
17.143131	-0.000575	0.008629	-0.006040
17.242772	-0.000383	0.009012	-0.006328
17.342423	-0.000383	0.007670	-0.006232
17.442096	-0.000288	0.007574	-0.006232
17.541749	-0.000479	0.007862	-0.006136
17.641431	-0.000767	0.009779	-0.006232
17.741068	-0.001342	0.009971	-0.006136
17.840757	-0.001726	0.010834	-0.005848
17.940429	-0.001438	0.011697	-0.006040
18.040096	-0.001438	0.010163	-0.005369
18.139772	-0.001534	0.006903	-0.004218
18.239432	-0.001534	0.005465	-0.003356
18.339090	-0.001438	0.004794	-0.003451
18.438757	-0.000959	0.004985	-0.003260
18.538454	-0.000479	0.005752	-0.003356
18.737744	0.000671	0.008725	-0.004314
18.837412	0.000671	0.007574	-0.004506
18.937082	0.000671	0.006999	-0.004698
19.036760	0.000767	0.006328	-0.004985
19.136425	0.000479	0.007862	-0.004890
19.236097	0.000096	0.009204	-0.004794
19.335768	-0.000479	0.010354	-0.004794
19.435446	-0.000959	0.011025	-0.004123
19.535104	-0.000671	0.011217	-0.004602
19.634787	-0.000671	0.010354	-0.003547
19.734482	-0.000767	0.009108	-0.003164
19.834190	-0.000863	0.006711	-0.002972
19.933802	-0.000671	0.006232	-0.003260
20.033503	-0.000383	0.006615	-0.003451
20.133193	-0.000000	0.007478	-0.003451
20.232859	0.000096	0.008916	-0.003451
20.332526	0.000288	0.009012	-0.004602
20.432216	0.000288	0.007574	-0.004314
20.531896	0.000383	0.006424	-0.004314
20.631544	0.000479	0.006040	-0.004506
20.731249	0.000192	0.007286	-0.004506
20.830926	-0.000096	0.009587	-0.004602
20.930608	-0.000575	0.009779	-0.004410
21.030284	-0.001055	0.011409	-0.004314
21.129954	-0.000959	0.009012	-0.004123
21.229622	-0.000671	0.007670	-0.004794
21.329337	-0.000863	0.007766	-0.004985
21.429000	-0.001055	0.005465	-0.004985
21.528672	-0.001055	0.006424	-0.004794
21.628361	-0.000959	0.007191	-0.005369
21.728061	-0.000767	0.007478	-0.004794
21.827769	-0.000575	0.010546	-0.004506
21.927441	-0.000671	0.009779	-0.004890
22.027105	-0.000671	0.008149	-0.005177
22.126830	-0.000575	0.007670	-0.005465
22.226522	-0.000383	0.007286	-0.005944
22.326166	-0.000671	0.009875	-0.005848
22.425852	-0.001055	0.011217	-0.006807
22.525536	-0.001534	0.011697	-0.006807
22.724912	-0.002109	0.011505	-0.006711
22.824605	-0.001917	0.010546	-0.007382
22.924262	-0.002205	0.009108	-0.007478
23.023964	-0.002397	0.008533	-0.006903
23.123661	-0.002493	0.008437	-0.006424
23.223338	-0.002013	0.008437	-0.006519
23.323036	-0.001630	0.010258	-0.006136
23.422734	-0.001438	0.010163	-0.006328
23.522392	-0.001342	0.009300	-0.006999
23.622098	-0.001342	0.007095	-0.007191
23.721785	-0.001150	0.006711	-0.007766
23.821475	-0.000959	0.008341	-0.008629
23.921153	-0.001342	0.010930	-0.008916
24.020850	-0.001822	0.011601	-0.009012
24.120560	-0.002397	0.011697	-0.009396
24.220230	-0.002684	0.010258	-0.009012
24.319936	-0.002493	0.010258	-0.009300
24.419621	-0.002397	0.008053	-0.009492
24.519359	-0.002876	0.007862	-0.008725
24.619015	-0.002493	0.009492	-0.008437
24.718709	-0.002493	0.008820	-0.008053
24.818393	-0.002013	0.009396	-0.009012
24.918085	-0.001630	0.010738	-0.009300
25.017783	-0.001534	0.009587	-0.009683
25.117447	-0.001438	0.008053	-0.010642
25.217105	-0.001342	0.006136	-0.010546
25.316838	-0.001150	0.007286	-0.011313
25.416521	-0.001150	0.009492	-0.011888
25.516164	-0.001534	0.011025	-0.012559
25.615916	-0.002013	0.012751	-0.012751
25.715574	-0.002397	0.012368	-0.012751
25.815277	-0.002493	0.010834	-0.011984
25.914974	-0.002301	0.010738	-0.012272
26.014644	-0.002493	0.008245	-0.012176
26.114363	-0.002876	0.011601	-0.011697
26.214025	-0.002876	0.009971	-0.011121
26.313720	-0.002589	0.011409	-0.011025
26.413392	-0.002205	0.011697	-0.010930
26.513077	-0.001917	0.011313	-0.010546
26.612755	-0.001726	0.010067	-0.010834
26.712440	-0.001726	0.007766	-0.011025
26.812139	-0.001438	0.006807	-0.010738
26.911845	-0.001342	0.009204	-0.010930
27.011518	-0.001342	0.010642	-0.010930
27.111180	-0.001726	0.012272	-0.010930
27.210871	-0.002301	0.013039	-0.010354
27.310560	-0.002589	0.012559	-0.010258
27.410218	-0.002876	0.010642	-0.009587
27.509938	-0.002684	0.009683	-0.009683
27.609560	-0.002876	0.008149	-0.010354
27.709282	-0.003260	0.008437	-0.010067
27.808984	-0.003451	0.011697	-0.010067
27.908643	-0.003451	0.009396	-0.009779
28.008373	-0.002972	0.011313	-0.010163
28.108003	-0.002397	0.009492	-0.009396
28.207720	-0.002205	0.008245	-0.009012
28.307390	-0.002013	0.006807	-0.009204
28.407103	-0.001822	0.004027	-0.008916
28.506767	-0.001342	0.007670	-0.009396
28.606453	-0.001342	0.009683	-0.009204
28.706164	-0.001630	0.011505	-0.009492
28.805829	-0.002013	0.013326	-0.009396
28.905498	-0.002205	0.011601	-0.009587
29.005182	-0.002397	0.010163	-0.009779
29.104884	-0.002109	0.008341	-0.010546
29.204540	-0.002013	0.008053	-0.011409
29.304227	-0.002397	0.009300	-0.010738
29.403924	-0.002684	0.008629	-0.009971
29.503604	-0.002301	0.009492	-0.009300
29.603280	-0.001630	0.008341	-0.009012
29.702962	-0.001246	0.006424	-0.008533
29.802658	-0.000959	0.004602	-0.008916
29.902297	-0.000671	0.003068	-0.008820
30.002037	-0.000192	0.006136	-0.009012
30.101694	-0.000288	0.012272	-0.009396
30.201401	-0.000863	0.014093	-0.009779
30.301075	-0.001055	0.012655	-0.009779
30.400747	-0.001246	0.011217	-0.009971
30.500437	-0.002493	0.006615	-0.010163
30.600092	-0.002493	0.007862	-0.010930
30.699796	-0.002684	0.009683	-0.010930
30.799463	-0.002972	0.010642	-0.010163
30.899142	-0.002876	0.010738	-0.009300
30.998808	-0.002397	0.011217	-0.008533
31.098518	-0.001822	0.009108	-0.008725
31.198202	-0.001630	0.008437	-0.008629
31.297874	-0.001342	0.006424	-0.009108
31.397557	-0.001438	0.005273	-0.009300
31.497248	-0.000959	0.008149	-0.009587
31.596923	-0.000671	0.009492	-0.010163
31.696599	-0.000863	0.011697	-0.010738
31.796283	-0.001246	0.012847	-0.011217
31.895947	-0.001534	0.011505	-0.011025
31.995646	-0.001630	0.010738	-0.010930
32.095336	-0.001534	0.009587	-0.010642
32.195009	-0.001630	0.009396	-0.011121
32.294688	-0.001822	0.011025	-0.010738
32.394390	-0.002109	0.011025	-0.010546
32.494095	-0.002301	0.011601	-0.010258
32.593751	-0.001917	0.011313	-0.009875
32.693436	-0.001438	0.009875	-0.010930
32.793120	-0.001150	0.007766	-0.010450
32.892801	-0.001150	0.006711	-0.010738
32.992472	-0.001055	0.004410	-0.011313
33.092169	-0.000767	0.006424	-0.011409
33.191856	-0.000288	0.007766	-0.011792
33.291539	-0.000383	0.009779	-0.011984
33.391196	-0.000767	0.011505	-0.012176
33.490926	-0.001246	0.009683	-0.011601
33.590602	-0.001055	0.009396	-0.011505
33.690311	-0.001150	0.008245	-0.011313
33.789945	-0.001055	0.007574	-0.011888
33.889680	-0.001246	0.010067	-0.012847
33.989364	-0.001534	0.009971	-0.012943
34.089018	-0.001822	0.010642	-0.013135
34.188721	-0.001726	0.010354	-0.012943
34.288402	-0.001438	0.008916	-0.012655
34.388082	-0.001055	0.006615	-0.012847
34.487705	-0.000863	0.005369	-0.012751
34.587470	-0.000863	0.003835	-0.013135
34.687134	-0.000863	0.005944	-0.013135
34.786809	-0.000288	0.006999	-0.012943
34.886512	-0.000383	0.012943	-0.012751
34.986168	-0.000575	0.015723	-0.013231
35.085847	-0.000863	0.014573	-0.012559
35.185585	-0.000383	-0.006903	-0.012176
35.285233	-0.000192	-0.025311	-0.011984
35.384907	-0.000479	-0.009108	-0.013326
35.484604	-0.001342	0.010642	-0.012751
35.584255	-0.001150	0.006328	-0.013614
35.683940	-0.001055	-0.005752	-0.013326
35.783616	-0.001150	-0.016107	-0.012655
35.883285	-0.001055	-0.024160	-0.011409
35.982960	-0.000671	-0.025598	-0.010738
36.082647	-0.000288	-0.019367	-0.010642
36.182315	-0.000288	-0.015244	-0.009779
36.281992	-0.000288	-0.010258	-0.009971
36.381668	-0.000383	-0.001246	-0.009683
36.481345	0.000288	0.004506	-0.009587
36.581049	0.000096	0.000192	-0.009300
36.680718	-0.000288	-0.004602	-0.009492
36.780401	-0.000479	0.000671	-0.009779
36.880064	-0.000959	0.009396	-0.009779
36.979770	-0.000863	0.005657	-0.011121
37.079461	-0.001246	0.002205	-0.009875
37.179134	-0.001726	0.004218	-0.008916
37.278813	-0.001438	0.002589	-0.007478
37.378498	-0.000767	0.000671	-0.007958
37.478158	-0.000863	0.003164	-0.007574
37.577858	-0.000767	0.005177	-0.007191
37.677527	-0.000288	0.003643	-0.006711
37.777195	-0.000000	0.003739	-0.006903
37.876876	-0.000575	0.004027	-0.007574
37.976553	-0.001055	0.006040	-0.007286
38.076263	-0.001150	0.009204	-0.007670
38.175929	-0.001438	0.010067	-0.008533
38.275960	-0.002013	0.007766	-0.007766
38.375302	-0.002109	0.004314	-0.006903
38.474955	-0.001534	0.003356	-0.006136
38.574618	-0.001630	0.002397	-0.004794
38.674330	-0.001438	0.004123	-0.004794
38.774002	-0.001055	0.002205	-0.003931
38.873677	0.000192	-0.003260	-0.004314
38.973362	-0.000192	-0.006232	-0.004890
39.073044	-0.000767	-0.006136	-0.004794
39.172738	-0.000959	-0.001438	-0.004890
39.272418	-0.001438	0.007478	-0.005752
39.372086	-0.002109	0.008629	-0.005369
39.471787	-0.002205	0.001342	-0.005369
39.571451	-0.001917	-0.000671	-0.004794
39.671135	-0.001726	0.005081	-0.004506
39.770821	-0.001822	0.004506	-0.003547
39.870488	-0.001438	0.004314	-0.004027
39.970207	-0.000863	0.005273	-0.003739
40.069851	-0.000479	0.005848	-0.003547
40.169577	-0.000767	0.004698	-0.003931
40.269281	-0.001055	0.008149	-0.004123
40.368970	-0.001246	0.008725	-0.003931
40.468649	-0.001150	0.010930	-0.004985
40.568338	-0.001150	0.012751	-0.006328
40.668044	-0.001534	0.008341	-0.006040
40.767702	-0.001822	0.008916	-0.005848
40.867391	-0.002013	0.008149	-0.005848
40.967088	-0.001917	0.012464	-0.004985
41.066766	-0.001534	0.011888	-0.004602
41.166438	-0.001438	0.012943	-0.004602
41.266109	-0.001438	0.013710	-0.004602
41.365807	-0.001246	0.013806	-0.004890
41.465497	-0.002780	0.010834	-0.006232
41.565136	-0.002684	0.004506	-0.006232
41.664829	-0.002493	0.003643	-0.006328
41.764522	-0.002301	0.008245	-0.006711
41.864191	-0.002013	0.008437	-0.006903
41.963883	-0.001917	0.004698	-0.007574
42.063566	-0.002301	0.005273	-0.007958
42.163265	-0.002684	0.011888	-0.008341
42.262922	-0.002972	0.010738	-0.007766
42.362608	-0.002684	0.009396	-0.007766
42.462303	-0.002780	0.014285	-0.008149
42.561972	-0.002972	0.013518	-0.008437
42.661675	-0.003164	0.010546	-0.008820
42.761341	-0.003451	0.011121	-0.008533
42.861026	-0.003643	0.008533	-0.008725
42.960699	-0.003643	0.005657	-0.008916
43.060392	-0.003547	0.008245	-0.009492
43.160078	-0.003451	0.008533	-0.008820
43.259771	-0.003260	0.006424	-0.008820
43.359462	-0.003356	0.009108	-0.008820
43.459091	-0.003451	0.008820	-0.007766
43.558831	-0.003356	0.007382	-0.007191
43.658512	-0.002972	0.007574	-0.006807
43.758231	-0.002780	0.005561	-0.006136
43.857882	-0.002205	0.005944	-0.006040
43.957569	-0.002013	0.006807	-0.005657
44.057281	-0.002301	0.007382	-0.005848
44.156906	-0.002589	0.009204	-0.006136
44.256612	-0.002684	0.009683	-0.006232
44.356327	-0.002684	0.011409	-0.006232
44.455958	-0.002684	0.012943	-0.006328
44.555669	-0.002684	0.011121	-0.006232
44.655368	-0.002876	0.011313	-0.006807
44.755028	-0.003356	0.012751	-0.006424
44.854697	-0.003643	0.009492	-0.005752
44.954461	-0.003643	0.008629	-0.004985
45.054055	-0.003547	0.010450	-0.004027
45.153722	-0.003164	0.009875	-0.004027
45.253454	-0.003260	0.009108	-0.004123
45.353100	-0.003547	0.007191	-0.003164
45.452798	-0.003356	0.006424	-0.003260
45.552522	-0.002876	0.005177	-0.003547
45.652161	-0.002589	0.004123	-0.003739
45.851502	-0.002301	0.007286	-0.004410
45.951174	-0.002780	0.008053	-0.004506
46.050843	-0.003260	0.009779	-0.004410
46.150529	-0.003260	0.010354	-0.004218
46.250221	-0.003260	0.011601	-0.003931
46.349911	-0.003451	0.009971	-0.004602
46.449654	-0.004027	0.008820	-0.004410
46.549266	-0.004123	0.007862	-0.004506
46.648932	-0.004410	0.008245	-0.004027
46.748682	-0.004314	0.009300	-0.003931
46.848313	-0.004123	0.009396	-0.003931
46.947983	-0.004218	0.010258	-0.003835
47.047660	-0.004314	0.008629	-0.004027
47.147347	-0.004123	0.007095	-0.004123
47.247021	-0.003739	0.006519	-0.004314
47.346771	-0.003356	0.005752	-0.004218
47.446409	-0.003164	0.007095	-0.003739
47.546088	-0.003068	0.009587	-0.004314
47.645718	-0.003451	0.009971	-0.004123
47.745442	-0.003739	0.012464	-0.004123
47.845135	-0.003931	0.013135	-0.003739
47.944854	-0.003739	0.014189	-0.004698
48.044481	-0.003835	0.015148	-0.005177
48.144159	-0.004218	0.012368	-0.006040
48.243905	-0.004698	0.011984	-0.006232
48.343503	-0.004890	0.012464	-0.006232
48.443213	-0.005081	0.013039	-0.006040
48.542950	-0.005081	0.011217	-0.005465
48.642580	-0.004890	0.010354	-0.005177
48.742280	-0.004890	0.010354	-0.005177
48.841918	-0.004602	0.006424	-0.005177
48.941623	-0.004314	0.006328	-0.004985
49.041347	-0.003835	0.005465	-0.004985
49.141037	-0.003451	0.004314	-0.005081
49.240709	-0.003356	0.008245	-0.005465
49.340381	-0.003643	0.010163	-0.006040
49.440085	-0.004027	0.011025	-0.006519
49.539776	-0.004123	0.012943	-0.007286
49.639435	-0.003835	0.012751	-0.007574
49.739135	-0.004027	0.012272	-0.007862
49.838836	-0.004218	0.010834	-0.008149
49.938543	-0.004698	0.009587	-0.008149
50.038172	-0.004890	0.010354	-0.007862
50.137869	-0.004794	0.010067	-0.007478
50.237519	-0.004602	0.011697	-0.007191
50.337229	-0.004698	0.011313	-0.006807
50.436924	-0.004698	0.009683	-0.006903
50.536612	-0.004506	0.007382	-0.006615
50.636321	-0.004123	0.005657	-0.006999
50.735960	-0.003547	0.005944	-0.007478
50.835671	-0.003356	0.007670	-0.007478
50.935345	-0.003260	0.009875	-0.008341
51.035047	-0.003547	0.010738	-0.008725
51.134765	-0.003931	0.010930	-0.008533
51.234419	-0.003739	0.008245	-0.008149
51.334129	-0.003547	0.009587	-0.008341
51.433803	-0.003739	0.008916	-0.009587
51.533481	-0.004123	0.005657	-0.009683
51.732855	-0.003451	0.012176	-0.009012
51.832529	-0.003164	0.010258	-0.009587
51.932220	-0.003068	0.012464	-0.009875
52.031903	-0.003356	0.010354	-0.009204
52.131603	-0.003356	0.006903	-0.009683
52.231275	-0.002972	0.005848	-0.009587
52.330973	-0.002493	0.003835	-0.009875
52.430675	-0.002109	0.005848	-0.010163
52.530337	-0.001917	0.008725	-0.010067
52.630018	-0.002109	0.008341	-0.010067
52.729712	-0.002301	0.011217	-0.010258
52.829375	-0.002301	0.010067	-0.010450
52.929068	-0.001822	0.009204	-0.010930
53.028781	-0.001917	0.011217	-0.011505
53.128437	-0.002013	0.004602	-0.011984
53.228118	-0.002493	0.001726	-0.012368
53.327780	-0.002780	0.005273	-0.011984
53.427448	-0.002780	0.010738	-0.011697
53.527112	-0.002684	0.009492	-0.011505
53.626811	-0.002876	0.008916	-0.010642
53.726478	-0.002972	0.006136	-0.010067
53.826144	-0.002780	0.004123	-0.009683
53.925829	-0.002205	0.001246	-0.009492
54.025511	-0.001630	-0.000479	-0.009396
54.125197	-0.001534	0.003260	-0.008629
54.224881	-0.001342	0.007766	-0.009012
54.324575	-0.001726	0.003835	-0.008725
54.424252	-0.001726	0.002876	-0.009108
54.523936	-0.001630	0.008916	-0.009492
54.623629	-0.001534	0.007670	-0.009492
54.723309	-0.001630	0.005177	-0.009971
54.823007	-0.002205	0.007478	-0.010642
54.922685	-0.002589	0.010546	-0.010834
55.022403	-0.002684	0.007766	-0.009587
55.122051	-0.002684	0.009204	-0.008916
55.221755	-0.002780	0.010258	-0.007862
55.321409	-0.002876	0.005752	-0.007670
55.421123	-0.002876	0.004506	-0.007574
55.520815	-0.002397	0.001342	-0.006999
55.620489	-0.001917	0.001150	-0.006903
55.720166	-0.001630	0.005177	-0.007095
55.819851	-0.001630	0.006903	-0.006999
55.919543	-0.001630	0.008629	-0.007478
56.019205	-0.001726	0.008533	-0.008245
56.118893	-0.001726	0.008053	-0.008437
56.218567	-0.001438	0.007574	-0.008341
56.318259	-0.001534	0.007574	-0.008437
56.417923	-0.002013	0.008149	-0.008533
56.517615	-0.002493	0.009012	-0.008629
56.617308	-0.002589	0.008629	-0.008245
56.716996	-0.002589	0.011121	-0.008053
56.816692	-0.002397	0.010163	-0.007862
56.916382	-0.002589	0.008437	-0.007286
57.016036	-0.002684	0.005561	-0.006999
57.115719	-0.002493	0.003547	-0.006807
57.215383	-0.002013	0.004890	-0.006999
57.315072	-0.001630	0.007574	-0.007478
57.414795	-0.001630	0.008149	-0.007286
57.514458	-0.001726	0.011217	-0.007478
57.614129	-0.002109	0.010163	-0.007095
57.713807	-0.002109	0.010067	-0.007095
57.813502	-0.002109	0.008725	-0.006903
57.913175	-0.001917	0.009108	-0.007095
58.012891	-0.002205	0.010067	-0.007191
58.112539	-0.002684	0.010163	-0.007958
58.212240	-0.002876	0.010738	-0.007862
58.311880	-0.002780	0.012176	-0.008245
58.411598	-0.002684	0.010834	-0.008245
58.511283	-0.002972	0.009108	-0.007478
58.610974	-0.003068	0.006424	-0.006615
58.710641	-0.002876	0.004602	-0.006615
58.810297	-0.002301	0.006040	-0.006424
58.909986	-0.001822	0.007670	-0.006519
59.009656	-0.001630	0.009396	-0.006328
59.109344	-0.001534	0.011888	-0.005944
59.209013	-0.001726	0.011121	-0.005369
59.308695	-0.001534	0.010834	-0.005561
59.408394	-0.001246	0.010258	-0.005944
59.508079	-0.001055	0.010930	-0.006999
59.607754	-0.001630	0.012368	-0.007478
59.707417	-0.002109	0.012080	-0.008533
59.807122	-0.002493	0.012943	-0.008629
59.906801	-0.002493	0.013231	-0.008820
60.006488	-0.002493	0.011792	-0.008341
60.106170	-0.002780	0.010258	-0.007574
60.205860	-0.002876	0.006999	-0.006711
60.305546	-0.002493	0.005752	-0.006519
60.405243	-0.001917	0.002493	-0.006136
60.504926	-0.001438	0.003260	-0.006136
60.604624	-0.001342	0.008437	-0.005848
60.704295	-0.001246	0.009396	-0.005465
60.804005	-0.001438	0.009108	-0.006136
60.903676	-0.002205	0.012176	-0.006519
61.003355	-0.002205	0.010834	-0.007286
61.103037	-0.002109	0.008916	-0.007958
61.202735	-0.002780	0.013806	-0.008533
61.302431	-0.003356	0.013998	-0.009396
61.402118	-0.003643	0.012847	-0.009012
61.501795	-0.003547	0.013806	-0.008820
61.601490	-0.003547	0.011601	-0.008725
61.701197	-0.003835	0.009779	-0.007862
61.800870	-0.003931	0.005752	-0.006999
61.900579	-0.003835	0.004890	-0.006903
62.000275	-0.003260	0.007574	-0.006615
62.099986	-0.002876	0.008629	-0.006903
62.199658	-0.002876	0.011697	-0.007095
62.299377	-0.002780	0.010067	-0.006807
62.399073	-0.002684	0.010738	-0.006807
62.498789	-0.002589	0.008820	-0.006711
62.598482	-0.002493	0.009492	-0.006807
62.698147	-0.002493	0.011121	-0.006807
62.797844	-0.002876	0.012176	-0.006136
62.897503	-0.003164	0.011697	-0.006615
62.997138	-0.003547	0.011792	-0.006232
63.096859	-0.003356	0.010450	-0.006040
63.196502	-0.003260	0.008341	-0.005657
63.296200	-0.003260	0.005369	-0.005177
63.395872	-0.003547	0.003451	-0.004698
63.495572	-0.003356	0.005465	-0.004218
63.595259	-0.002972	0.006328	-0.004027
63.694922	-0.002301	0.008820	-0.003835
63.794599	-0.001822	0.012368	-0.003835
63.894281	-0.001246	0.011792	-0.003835
64.093643	-0.000959	0.009204	-0.003164
64.193308	-0.000863	0.009204	-0.003068
64.292996	-0.000863	0.011217	-0.002780
64.392641	-0.000959	0.013039	-0.002972
64.492335	-0.001438	0.013518	-0.003739
64.592010	-0.001917	0.013710	-0.004123
64.691680	-0.002013	0.012655	-0.004027
64.791387	-0.001917	0.011217	-0.004123
64.891047	-0.002013	0.009204	-0.003739
65.090364	-0.002301	0.006519	-0.002972
65.190102	-0.002109	0.006232	-0.002684
65.289756	-0.001534	0.006903	-0.002205
65.389513	-0.001150	0.009300	-0.002013
65.489098	-0.001055	0.009108	-0.001822
65.588768	-0.000863	0.007766	-0.001342
65.688445	-0.000671	0.007766	-0.001246
65.788207	-0.000288	0.006807	-0.001342
65.887767	-0.000288	0.010163	-0.001438
65.987434	-0.000288	0.011888	-0.002493
66.087105	-0.000671	0.013326	-0.003260
66.186794	-0.001150	0.013135	-0.004410
66.286463	-0.001342	0.012751	-0.004314
66.386137	-0.001246	0.011121	-0.003931
66.585473	-0.001630	0.007478	-0.002972
66.685155	-0.001822	0.007286	-0.002205
66.784831	-0.001630	0.006903	-0.002109
66.884467	-0.001150	0.008437	-0.001726
66.984187	-0.000863	0.012080	-0.001534
67.083838	-0.000863	0.011792	-0.001630
67.183506	-0.000863	0.011313	-0.001438
67.283187	-0.000671	0.010546	-0.001534
67.382882	-0.000383	0.009683	-0.002205
67.482565	-0.000383	0.013902	-0.002876
67.582247	-0.000575	0.015340	-0.003547
67.681897	-0.001150	0.016778	-0.004123
67.781594	-0.001534	0.016874	-0.005273
67.881210	-0.001822	0.013710	-0.004890
67.980943	-0.001726	0.013902	-0.004410
68.080609	-0.001917	0.010930	-0.003835
68.279959	-0.002493	0.009875	-0.002972
68.379645	-0.002301	0.010067	-0.002972
68.479309	-0.001726	0.011025	-0.002780
68.578950	-0.001342	0.012272	-0.002780
68.678654	-0.001246	0.011984	-0.003068
68.778312	-0.001055	0.010642	-0.003068
68.878079	-0.000671	0.009971	-0.003164
68.977710	-0.000288	0.007862	-0.003835
69.077368	-0.000479	0.013135	-0.004218
69.177098	-0.000767	0.016586	-0.004794
69.276806	-0.001246	0.015915	-0.004698
69.376483	-0.001630	0.016107	-0.005561
69.476162	-0.001630	0.010354	-0.005657
69.575847	-0.001438	0.007766	-0.005465
69.675548	-0.001726	0.007095	-0.004698
69.775192	-0.002109	0.005944	-0.004985
69.874923	-0.002205	0.005369	-0.004410
69.974586	-0.001534	0.006615	-0.004890
70.074281	-0.001055	0.010354	-0.004698
70.173983	-0.000767	0.009396	-0.004410
70.273656	-0.000575	0.009108	-0.004602
70.373353	-0.000575	0.008533	-0.004602
70.473040	-0.000383	0.008341	-0.004506
70.572733	-0.000096	0.010930	-0.004602
70.672411	-0.000192	0.013135	-0.004794
70.772102	-0.000383	0.014956	-0.005177
70.871780	-0.000575	0.016586	-0.005944
70.971449	-0.000959	0.012368	-0.006807
71.071143	-0.001055	0.012943	-0.007095
71.170840	-0.001055	0.011409	-0.006999
71.270523	-0.001150	0.007478	-0.006136
71.370212	-0.001630	0.010834	-0.005561
71.469905	-0.002109	0.008916	-0.004027
71.569573	-0.001726	0.008725	-0.003547
71.669273	-0.001246	0.011217	-0.003164
71.768964	-0.000959	0.008053	-0.002301
71.868648	-0.000959	0.010546	-0.001726
71.968342	-0.001055	0.009492	-0.000767
72.068022	-0.000671	0.009971	-0.000671
72.167697	-0.000479	0.011505	-0.000863
72.267385	-0.000288	0.013902	-0.001438
72.367077	-0.000575	0.015627	-0.002301
72.466772	-0.000863	0.018408	-0.002301
72.566459	-0.001150	0.015532	-0.002972
72.666113	-0.001534	0.013614	-0.003739
72.765845	-0.001630	0.011409	-0.004218
72.865508	-0.001630	0.009204	-0.003451
72.965190	-0.002109	0.008245	-0.002589
73.064881	-0.002493	0.009492	-0.002301
73.164625	-0.003068	0.008820	-0.001342
73.264323	-0.002780	0.009204	-0.000863
73.363960	-0.002205	0.009492	-0.000671
73.463689	-0.001822	0.008341	0.000288
73.563328	-0.001534	0.008437	-0.000000
73.663018	-0.001438	0.006615	0.000096
73.762735	-0.001150	0.007478	-0.000096
73.862394	-0.000863	0.009779	-0.000479
73.962076	-0.000671	0.011505	-0.001246
74.061771	-0.000863	0.014477	-0.001917
74.161450	-0.001055	0.015532	-0.001630
74.261160	-0.001246	0.014381	-0.002109
74.360854	-0.001534	0.011984	-0.002397
74.460527	-0.001534	0.010930	-0.002397
74.560230	-0.001534	0.009396	-0.002301
74.659894	-0.001917	0.010354	-0.001534
74.759608	-0.002301	0.009492	-0.001246
74.859284	-0.002493	0.009875	-0.000575
74.958976	-0.002301	0.009875	0.000000
75.058678	-0.001726	0.008916	-0.000000
75.158370	-0.001246	0.008437	0.000383
75.258102	-0.001246	0.007095	0.000192
75.357766	-0.000959	0.006136	0.000288
75.457449	-0.000575	0.008629	0.000288
75.557149	-0.000192	0.010738	0.000192
75.656814	-0.000192	0.013231	-0.000192
75.756518	-0.000383	0.014669	0.000096
75.856197	-0.000479	0.012464	-0.000192
75.955913	-0.000671	0.009683	-0.001055
76.055578	-0.000671	0.005848	-0.001822
76.155272	-0.001055	0.005369	-0.002013
76.254946	-0.001630	0.006232	-0.001726
76.354652	-0.002013	0.007191	-0.001822
76.454345	-0.002301	0.006424	-0.000767
76.554031	-0.001822	0.007574	-0.000959
76.653717	-0.001342	0.005657	-0.000383
76.753413	-0.001150	0.005944	0.000096
76.853098	-0.000959	0.005561	0.000288
76.952801	-0.000863	0.004698	0.000575
77.052453	-0.000479	0.009300	0.000767
77.152123	-0.000288	0.012368	0.000767
77.251865	-0.000479	0.015052	0.000096
77.351539	-0.000863	0.015627	-0.000383
77.451300	-0.000959	0.014669	-0.001342
77.550955	-0.001342	0.011601	-0.002109
77.650637	-0.001630	0.010258	-0.002780
77.750343	-0.001726	0.011505	-0.002972
77.850015	-0.002397	0.011697	-0.002301
77.949696	-0.002876	0.011121	-0.002013
78.049409	-0.003260	0.011505	-0.001342
78.149102	-0.002972	0.009587	-0.000479
78.248812	-0.002493	0.009012	-0.000383
78.348475	-0.002205	0.006999	0.000288
78.448165	-0.002301	0.006232	0.000479
78.547842	-0.002013	0.007574	0.000671
78.647511	-0.001342	0.009396	0.000671
78.747233	-0.000863	0.007478	-0.000096
78.846944	-0.000863	0.011025	-0.001246
78.946638	-0.001342	0.013518	-0.001534
79.046352	-0.001342	0.010930	-0.002589
79.146039	-0.001342	0.009971	-0.002972
79.245736	-0.001150	0.010354	-0.003835
79.345449	-0.001342	0.011025	-0.003260
79.445114	-0.001822	0.011505	-0.002493
79.544797	-0.002205	0.011409	-0.001917
79.644508	-0.002397	0.011601	-0.001150
79.744141	-0.002013	0.009587	-0.000575
79.843856	-0.001438	0.009012	-0.000479
79.943563	-0.001055	0.007191	0.000192
80.043228	-0.000959	0.007574	0.000192
80.142956	-0.000767	0.008437	0.000288
80.242699	-0.000192	0.010258	0.000192
80.342325	0.000383	0.013998	-0.000288
80.442010	0.000479	0.015532	-0.000383
80.541752	0.000096	0.015244	-0.000479
80.641411	0.000096	0.014669	-0.000288
80.741084	-0.000000	0.012176	-0.000383
80.840796	0.000000	0.011121	-0.000767
80.940476	-0.000192	0.011792	-0.000192
81.040184	-0.000575	0.011792	0.000575
81.139865	-0.000959	0.012272	0.000863
81.239565	-0.001246	0.012176	0.001246
81.339262	-0.001246	0.009683	0.002109
81.438936	-0.000767	0.008533	0.002684
81.538640	-0.000383	0.005465	0.003068
81.638310	-0.000096	0.005848	0.003643
81.737993	0.000096	0.006711	0.003547
81.837693	0.000288	0.005657	0.003835
81.937366	0.000959	0.008245	0.003835
82.037062	0.001342	0.010258	0.003835
82.136752	0.001438	0.009875	0.003451
82.236449	0.000863	0.008533	0.003739
82.336136	0.000288	0.007478	0.003260
82.435838	0.000096	0.006040	0.002109
82.535533	-0.000096	0.005273	0.001822
82.734873	-0.000959	0.007286	0.001726
82.834613	-0.001342	0.008245	0.001917
82.934294	-0.001630	0.006136	0.002589
83.033991	-0.001438	0.004506	0.003739
83.133682	-0.000959	0.002780	0.003835
83.233385	-0.000767	0.002109	0.004506
83.333067	-0.000767	0.003356	0.004890
83.432765	-0.000575	0.004794	0.005369
83.532440	-0.000096	0.005369	0.005465
83.632127	0.000479	0.010258	0.005369
83.731806	0.000383	0.009779	0.004698
83.831501	0.000096	0.009492	0.004410
83.931170	-0.000096	0.007574	0.003547
84.030855	-0.000096	0.006615	0.002301
84.130546	-0.000288	0.006999	0.001438
84.230215	-0.000575	0.008053	0.000959
84.429574	-0.001630	0.008341	0.002013
84.529248	-0.001917	0.005561	0.003356
84.628961	-0.001726	0.004123	0.004123
84.728617	-0.001342	0.002013	0.004410
84.828293	-0.001246	0.002493	0.004698
84.927956	-0.001246	0.004506	0.005177
85.027625	-0.001150	0.005848	0.005273
85.127312	-0.000575	0.008149	0.005081
85.227019	0.000096	0.011697	0.004794
85.326699	0.000863	0.011984	0.003451
85.426373	0.000383	0.011601	0.002972
85.526005	0.000288	0.009396	0.002205
85.625736	0.000192	0.009971	0.001150
85.725374	-0.000096	0.010067	0.000863
85.825071	-0.000479	0.011121	0.000671
85.924754	-0.001055	0.011601	0.001246
86.024422	-0.001438	0.010450	0.001822
86.124090	-0.001438	0.008437	0.002493
86.223777	-0.001246	0.006136	0.003356
86.323466	-0.000863	0.004506	0.003739
86.423130	-0.000671	0.006040	0.003835
86.522776	-0.000575	0.006999	0.004027
86.622491	-0.000192	0.008341	0.003835
86.722159	0.000479	0.011121	0.003451
86.821791	0.001150	0.012751	0.002972
86.921483	0.001150	0.011792	0.002013
87.021168	0.000767	0.011313	0.001822
87.120838	0.000767	0.009300	0.001630
87.220509	0.000671	0.011601	0.000863
87.320171	0.000383	0.011601	0.000479
87.419905	-0.000096	0.012655	0.000479
87.519563	-0.000575	0.013518	0.000575
87.619198	-0.000959	0.010930	0.000479
87.718893	-0.000959	0.009300	0.000767
87.818569	-0.000575	0.006999	0.001342
87.918226	-0.000383	0.004506	0.001534
88.017898	-0.000288	0.005177	0.001630
88.117570	-0.000096	0.005081	0.001438
88.217222	0.000192	0.005657	0.001150
88.316908	0.000000	0.006136	0.000959
88.416576	0.000479	0.007670	0.001055
88.516222	0.000288	0.006136	0.000575
88.615949	-0.000000	0.005465	0.000288
88.715562	0.000000	0.005273	-0.000479
88.815239	0.000000	0.007286	-0.001917
88.914918	-0.000192	0.006040	-0.002876
89.014567	-0.000863	0.008533	-0.003068
89.114271	-0.001342	0.006999	-0.003260
89.213913	-0.001630	0.004410	-0.002972
89.313613	-0.001534	0.002013	-0.002493
89.413276	-0.001246	0.002013	-0.002205
89.512933	-0.001150	0.000575	-0.001150
89.612604	-0.001150	0.002684	-0.000479
89.712305	-0.001150	0.004314	0.000288
89.811989	-0.000767	0.005657	0.000671
89.911649	0.000000	0.007191	0.001055
90.011330	0.000575	0.007286	0.001150
90.111020	0.000479	0.006519	0.000959
90.210713	0.000096	0.005752	0.000288
90.310371	-0.000000	0.006807	-0.000383
90.410078	0.000096	0.007862	-0.001917
90.509729	-0.000192	0.007670	-0.002684
90.609449	-0.000863	0.009108	-0.002301
90.709107	-0.001438	0.007286	-0.002013
90.808802	-0.001822	0.006807	-0.001534
90.908478	-0.001822	0.006424	-0.000863
91.008172	-0.001726	0.003260	0.000288
91.107867	-0.001630	0.003739	0.001055
91.207540	-0.001726	0.007574	0.001150
91.307237	-0.002205	0.006903	0.001726
91.406930	-0.002205	0.008916	0.001822
91.506640	-0.001726	0.009204	0.001822
91.606328	-0.001150	0.009012	0.001438
91.706024	-0.001246	0.009396	0.000288
91.805723	-0.001630	0.008533	-0.000288
91.905337	-0.002013	0.009012	-0.000959
92.005046	-0.001917	0.010450	-0.001534
92.104738	-0.002109	0.009012	-0.002397
92.204413	-0.002780	0.010067	-0.002493
92.403786	-0.003835	0.007382	-0.001150
92.503454	-0.003931	0.004602	-0.000575
92.603167	-0.003835	0.003356	0.000192
92.702837	-0.003643	0.003835	0.001246
92.802600	-0.003739	0.004602	0.001438
92.902219	-0.003547	0.004698	0.001917
93.001920	-0.003260	0.007766	0.001917
93.101651	-0.002493	0.006232	0.001822
93.201235	-0.001822	0.007191	0.001438
93.300962	-0.001534	0.007766	0.000671
93.400672	-0.001726	0.006328	0.000479
93.500316	-0.002205	0.008341	0.000383
93.600041	-0.002013	0.008916	0.000192
93.699722	-0.002109	0.010067	-0.000767
93.799393	-0.002780	0.010354	-0.000767
93.899089	-0.003451	0.009971	-0.000671
93.998771	-0.003835	0.007670	-0.000383
94.098454	-0.003931	0.005944	-0.000096
94.198147	-0.004027	0.005657	0.000288
94.297839	-0.004123	0.006232	0.000959
94.397505	-0.003931	0.005944	0.001246
94.497175	-0.003739	0.006136	0.001726
94.596873	-0.003356	0.008725	0.001726
94.696550	-0.002589	0.007862	0.001822
94.796247	-0.001917	0.008533	0.002205
94.895915	-0.001726	0.008053	0.001917
94.995613	-0.002013	0.009396	0.001726
95.095291	-0.002397	0.010258	0.001342
95.194993	-0.002205	0.011409	0.000479
95.294642	-0.002397	0.012847	-0.000479
95.394317	-0.003068	0.011505	-0.000959
95.493993	-0.003835	0.010450	-0.001055
95.593678	-0.004218	0.007191	-0.000671
95.693344	-0.004218	0.005177	-0.000383
95.793034	-0.004218	0.006232	0.000096
95.892730	-0.004314	0.006711	0.001150
95.992428	-0.004410	0.007574	0.001342
96.092109	-0.004314	0.008725	0.002205
96.191798	-0.003931	0.008341	0.002589
96.391195	-0.002493	0.008341	0.002972
96.490872	-0.002397	0.007862	0.002397
96.590539	-0.002684	0.010067	0.001630
96.690233	-0.002972	0.009875	0.001055
96.789939	-0.002684	0.012080	-0.000383
96.889602	-0.002780	0.010258	-0.002013
96.989286	-0.003547	0.008725	-0.001630
97.088984	-0.004218	0.005944	-0.001150
97.188628	-0.004410	0.003164	-0.000479
97.288356	-0.004410	0.001342	0.000192
97.388014	-0.004698	0.004506	0.000479
97.487733	-0.004794	0.004698	0.001534
97.587415	-0.004890	0.005177	0.001917
97.687106	-0.004602	0.005752	0.002876
97.786777	-0.004218	0.004602	0.003068
97.986200	-0.002780	0.004602	0.002205
98.085836	-0.002876	0.005848	0.001438
98.185561	-0.003068	0.007574	0.000479
98.285239	-0.003260	0.007191	-0.000096
98.384980	-0.002972	0.009971	-0.001534
98.484616	-0.003260	0.008820	-0.002205
98.584321	-0.003835	0.004027	-0.001822
98.683983	-0.004506	0.004985	-0.001438
98.783685	-0.004890	0.002493	-0.000767
98.883377	-0.004602	-0.002684	-0.000671
98.983052	-0.004506	-0.003931	-0.000096
99.082703	-0.004602	0.000959	0.001055
99.182435	-0.004698	0.005752	0.000383
99.282115	-0.004698	0.003931	0.001630
99.381813	-0.004123	0.003547	0.001534
99.481485	-0.003356	0.004218	0.001055
99.581173	-0.002780	0.003451	0.000479
99.680866	-0.002589	0.005369	0.000096
99.780518	-0.002780	0.006999	-0.000479
99.880233	-0.003068	0.003835	-0.000863
99.979915	-0.002876	0.004123	-0.001150
100.079675	-0.002876	0.007382	-0.002013
100.179295	-0.003451	0.003739	-0.002205
100.278936	-0.004123	0.002013	-0.002301
100.378665	-0.004794	0.003931	-0.002397
100.478312	-0.004985	0.004123	-0.001917
100.578018	-0.004985	0.005177	-0.001246
100.677761	-0.005273	0.005561	-0.000288
100.777386	-0.005081	0.007191	-0.000671
100.877085	-0.005177	0.005657	-0.000192
100.976818	-0.004698	0.005273	0.000479
101.076464	-0.003931	0.004794	0.000575
101.176138	-0.003164	0.004410	0.000863
101.275850	-0.002972	0.007095	0.000767
101.375517	-0.002972	0.008053	0.000575
101.475205	-0.003164	0.009012	0.000096
101.574916	-0.002972	0.010642	-0.000479
101.674599	-0.002876	0.010354	-0.001150
101.873981	-0.003835	0.006232	-0.002684
101.973674	-0.004218	0.003451	-0.002301
102.073357	-0.004410	0.004506	-0.001917
102.173046	-0.004602	0.005273	-0.001150
102.272740	-0.004794	0.005752	-0.000288
102.372414	-0.004890	0.007478	0.000479
102.472104	-0.004890	0.005657	0.001055
102.571799	-0.004410	0.004985	0.002205
102.671468	-0.003739	0.004794	0.002780
102.771173	-0.002972	0.004123	0.003068
102.870859	-0.002684	0.006519	0.002493
102.970544	-0.002780	0.007286	0.002205
103.070259	-0.003068	0.009012	0.001246
103.169932	-0.003068	0.010546	0.000383
103.269637	-0.002972	0.010258	-0.000863
103.369311	-0.003260	0.008533	-0.001246
103.469006	-0.003739	0.007670	-0.001822
103.568715	-0.004410	0.005369	-0.000767
103.668400	-0.004506	0.006903	-0.000096
103.768065	-0.004506	0.007478	0.000863
103.867770	-0.004698	0.008341	0.001630
103.967477	-0.004794	0.009012	0.002780
104.067146	-0.004890	0.007478	0.003547
104.166850	-0.004123	0.006040	0.004506
104.266545	-0.003356	0.006232	0.004602
104.366225	-0.002493	0.006519	0.004218
104.465876	-0.002301	0.010163	0.003739
104.565581	-0.002301	0.010930	0.003068
104.665268	-0.002493	0.013135	0.002684
104.764916	-0.002493	0.012943	0.002109
104.864600	-0.002205	0.012847	0.001342
104.964299	-0.002780	0.009492	0.001150
105.163654	-0.004027	0.007286	0.001726
105.263317	-0.004123	0.008341	0.002397
105.363017	-0.004123	0.008245	0.003164
105.462682	-0.004218	0.010354	0.003643
105.562392	-0.004314	0.008533	0.004602
105.662046	-0.004410	0.006711	0.005273
105.761704	-0.003643	0.004410	0.005944
105.861343	-0.002876	0.006136	0.005848
105.961066	-0.002301	0.012847	0.005177
106.060723	-0.002493	0.017449	0.004985
106.160392	-0.002109	0.014860	0.004506
106.260058	-0.002301	0.015915	0.004410
106.359752	-0.003451	0.011984	0.003164
106.459413	-0.004027	0.008149	0.002876
106.559062	-0.004506	0.007191	0.002684
106.658755	-0.005177	0.005561	0.002589
106.758410	-0.005657	0.005465	0.003260
106.858082	-0.005752	0.005752	0.003931
106.957751	-0.005657	0.006807	0.004314
107.157104	-0.006040	0.005561	0.006711
107.256822	-0.005848	0.007191	0.006136
107.356460	-0.005561	0.007191	0.006615
107.456138	-0.004890	0.002876	0.007191
107.555795	-0.003547	-0.018600	0.007766
107.655501	-0.002493	-0.016970	0.007574
107.755192	-0.002876	-0.000671	0.008341
107.854871	-0.002972	0.010930	0.007574
107.954558	-0.002972	0.005465	0.007766
108.054277	-0.002493	-0.001055	0.006999
108.153904	-0.002397	-0.001630	0.005944
108.253595	-0.003164	0.007382	0.005561
108.353257	-0.004027	0.004123	0.004506
108.452949	-0.003643	-0.005657	-0.000959
108.552621	-0.002876	-0.009492	-0.011601
108.652246	-0.002589	-0.007095	-0.023873
108.751971	-0.003068	-0.000288	-0.035282
108.851627	-0.003356	0.004698	-0.046499
108.951301	-0.002876	0.000959	-0.057812
109.051041	-0.002013	0.000767	-0.069892
109.150665	-0.001055	0.005944	-0.081972
109.250347	-0.000671	0.014189	-0.095011
109.350080	-0.000863	0.012272	-0.108242
109.449706	-0.000959	0.010546	-0.120609
109.549395	-0.000863	0.015052	-0.133936
109.649112	-0.001534	0.013039	-0.147550
109.748763	-0.001630	0.007766	-0.160493
109.848450	-0.001917	0.008629	-0.173436
109.948146	-0.002013	0.008916	-0.186762
110.047824	-0.002397	0.008245	-0.198746
110.147496	-0.003068	0.010738	-0.210635
110.247195	-0.003643	0.009779	-0.221277
110.346883	-0.003835	0.008725	-0.232015
110.446551	-0.003451	0.007670	-0.243040
110.546242	-0.002780	0.008341	-0.254737
110.645928	-0.002397	0.008245	-0.266721
110.745626	-0.002205	0.011409	-0.278897
110.845292	-0.002109	0.013998	-0.291265
110.944978	-0.001822	0.015340	-0.303920
111.044638	-0.001342	0.015819	-0.316096
111.144333	-0.000863	0.014860	-0.328560
111.244011	-0.001055	0.010930	-0.340448
111.343699	-0.001150	0.008725	-0.352720
111.443382	-0.001246	0.007191	-0.364416
111.543051	-0.001055	0.009587	-0.376017
111.642728	-0.001246	0.009108	-0.387426
111.742419	-0.001246	0.010738	-0.398739
111.842084	-0.001438	0.009779	-0.410627
111.941746	-0.001055	0.009779	-0.422324
112.041471	-0.001534	0.007670	-0.434404
112.141090	-0.001917	0.000959	-0.446293
112.240772	-0.001630	-0.001438	-0.458181
112.340428	-0.001630	0.002205	-0.469877
112.440136	-0.001630	0.009779	-0.481670
112.539797	-0.001630	0.009587	-0.493271
112.639472	-0.001438	0.008820	-0.504776
112.739186	-0.001822	0.011697	-0.515609
112.838850	-0.002493	0.006711	-0.522992
112.938523	-0.002397	-0.003931	-0.529607
113.038212	-0.002109	-0.010546	-0.536797
113.137878	-0.001822	-0.012368	-0.544276
113.237562	-0.001534	-0.010258	-0.551850
113.337254	-0.001726	-0.003164	-0.559711
113.436951	-0.002205	0.005081	-0.568244
113.536686	-0.002589	0.004218	-0.575914
113.636286	-0.002397	0.002589	-0.583871
113.735973	-0.001917	0.004698	-0.591541
113.835656	-0.001438	0.003739	-0.599211
113.935340	-0.000671	-0.001342	-0.607552
114.035035	-0.000383	-0.001438	-0.616852
114.134718	-0.000767	0.001630	-0.625289
114.234371	-0.001150	0.008437	-0.633918
114.334050	-0.001342	0.008437	-0.642354
114.433730	-0.001726	0.006519	-0.650504
114.533401	-0.002013	0.002397	-0.658557
114.633108	-0.001822	-0.001150	-0.670350
114.732776	-0.001822	0.002876	-0.682813
114.832485	-0.002684	0.003164	-0.695373
114.932143	-0.002589	0.003643	-0.708220
115.031824	-0.001917	0.004985	-0.720012
115.131487	-0.000575	-0.000288	-0.732763
115.231193	0.000863	-0.004794	-0.744652
115.330895	0.001150	-0.003547	-0.757499
115.430555	0.001246	0.007286	-0.770442
115.530226	0.001342	0.009875	-0.783193
115.629900	0.001534	0.009779	-0.797574
115.729563	0.001055	0.010546	-0.811763
115.829247	0.000479	0.007766	-0.825090
115.928961	0.000000	0.006903	-0.837362
116.128366	-0.000479	0.008629	-0.862193
116.228110	-0.000671	0.008533	-0.874465
116.327761	-0.001055	0.008629	-0.885682
116.427440	-0.001055	0.010834	-0.897475
116.527132	-0.000767	0.010450	-0.908884
116.626844	-0.000192	0.010546	-0.921155
116.726541	0.000096	0.008629	-0.934098
116.826213	0.000575	0.005848	-0.946562
116.925926	0.000863	0.009108	-0.958642
117.025604	0.000959	0.009683	-0.971873
117.125358	0.001055	0.009396	-0.984528
117.225010	0.000863	0.012464	-0.997950
117.324707	0.000671	0.007095	-1.011181
117.424385	0.000479	0.004890	-1.023740
117.524071	0.000479	0.005752	-1.036108
117.623780	0.000671	0.002205	-1.049243
117.723505	0.000288	0.002397	-1.061994
117.823162	-0.000383	0.005369	-1.074266
117.922863	-0.000959	0.004985	-1.085483
118.022549	-0.001150	0.006807	-1.097276
118.122237	-0.001055	0.008725	-1.108972
118.221940	-0.000959	0.008820	-1.121244
118.321617	-0.000767	0.008245	-1.133420
118.421296	-0.000767	0.007382	-1.145884
118.520989	-0.000863	0.007286	-1.158731
118.620688	-0.000863	0.009971	-1.171386
118.720385	-0.000959	0.010354	-1.184041
118.820052	-0.000959	0.012368	-1.196793
118.919756	-0.001150	0.011313	-1.209064
119.019438	-0.001150	0.009492	-1.221528
119.218833	-0.000863	0.006040	-1.245017
119.318567	-0.000671	0.004890	-1.257385
119.418183	-0.000767	0.006040	-1.269561
119.617520	-0.001438	0.022051	-1.293721
119.717209	-0.000863	0.017353	-1.305993
119.816901	-0.000288	0.020421	-1.318840
119.916569	0.000192	0.022626	-1.331687
120.016234	0.000575	0.022434	-1.344151
120.115945	-0.001822	0.019079	-1.358532
120.215610	-0.002493	0.004218	-1.370995
120.315279	-0.002493	-0.004794	-1.382980
120.414975	-0.002684	-0.006807	-1.394964
120.514665	-0.002972	-0.004602	-1.407140
120.614349	-0.003643	0.004314	-1.419699
120.714018	-0.004698	0.009108	-1.432450
120.813693	-0.004506	0.002205	-1.444818
120.913379	-0.004602	0.000479	-1.456611
121.013071	-0.003931	-0.011697	-1.469937
121.112916	-0.004218	-0.025694	-1.480387
121.212501	-0.004602	-0.018983	-1.492755
121.312138	-0.005081	-0.015819	-1.504739
121.411881	-0.004985	-0.023873	-1.516532
121.511505	-0.004506	-0.020805	-1.527845
121.611201	0.000959	-0.021667	-1.538966
121.710922	0.001822	-0.020613	-1.551238
121.810586	0.002109	-0.019654	-1.564085
121.910236	0.002301	-0.018408	-1.576645
122.010004	0.002013	-0.013614	-1.586520
122.109607	0.001342	-0.003547	-1.591122
122.209296	0.000863	0.009492	-1.592176
122.309015	0.000479	0.009492	-1.592464
122.408673	0.000767	0.001055	-1.593902
122.508369	0.000288	-0.001438	-1.595052
122.608057	-0.000479	0.003739	-1.595819
122.707722	-0.000959	0.004027	-1.596203
122.807418	-0.001438	0.003547	-1.595819
122.907098	-0.001726	0.006424	-1.595532
123.006805	-0.001726	0.001534	-1.595244
123.106466	-0.002109	0.002876	-1.594285
123.206154	-0.002589	0.008149	-1.593614
123.305828	-0.002972	0.005944	-1.591984
123.405513	-0.002972	0.003835	-1.591217
123.505188	-0.002684	0.003547	-1.590738
123.604870	-0.001917	0.004410	-1.590355
123.704537	-0.001246	0.001726	-1.591026
123.804243	-0.000959	0.005369	-1.591217
123.903905	-0.001055	0.011984	-1.591122
124.003629	-0.000767	0.006999	-1.591409
124.103273	-0.000383	0.003356	-1.591313
124.202982	-0.000000	0.007382	-1.591697
124.302622	-0.000192	0.012080	-1.591697
124.402318	-0.000192	0.004602	-1.593518
124.501978	-0.000767	-0.000479	-1.593614
124.601662	-0.001246	0.000959	-1.593806
124.701368	-0.001726	0.007670	-1.593710
124.800970	-0.001917	0.005273	-1.593423
124.900661	-0.002109	0.008820	-1.593327
125.000336	-0.002493	0.009779	-1.593135
125.099999	-0.002876	0.007286	-1.592847
125.199696	-0.003068	0.007766	-1.592368
125.299365	-0.002972	0.005561	-1.591313
125.399027	-0.002493	0.006999	-1.590546
125.498713	-0.001726	0.004410	-1.590642
125.598403	-0.001342	0.005752	-1.589971
125.698089	-0.001246	0.010546	-1.589588
125.797741	-0.001246	0.010738	-1.589683
125.897400	-0.000863	0.012943	-1.590355
125.997078	-0.000479	0.013231	-1.591026
126.096733	-0.000288	0.011984	-1.592368
126.196404	-0.000288	0.010930	-1.593614
126.296068	-0.000863	0.008629	-1.594669
126.495421	-0.001822	0.008820	-1.595915
126.595094	-0.002013	0.009779	-1.595628
126.694781	-0.002205	0.011313	-1.595532
126.794478	-0.002684	0.012080	-1.595148
126.894163	-0.002972	0.010834	-1.595148
126.993838	-0.003451	0.009587	-1.593806
127.093496	-0.003451	0.008725	-1.593135
127.193192	-0.003068	0.004314	-1.592080
127.292860	-0.002205	0.001534	-1.591793
127.392548	-0.001726	0.005369	-1.592176
127.492210	-0.001342	0.006903	-1.593614
127.591873	-0.001342	0.006903	-1.593902
127.691553	-0.000671	0.009683	-1.594477
127.791227	0.000671	0.012272	-1.594765
127.890909	0.001342	0.010450	-1.595819
127.990574	0.001438	0.008437	-1.596491
128.090270	0.001246	0.006807	-1.597449
128.189924	0.000671	0.005465	-1.598024
128.289611	0.000192	0.006232	-1.598408
128.389271	-0.000096	0.006999	-1.598408
128.488946	-0.000288	0.008341	-1.598791
128.588629	-0.000479	0.009587	-1.599367
128.688316	-0.000863	0.008341	-1.599079
128.787991	-0.001246	0.006999	-1.599175
128.887675	-0.001438	0.005369	-1.598600
128.987368	-0.001246	0.005273	-1.598216
129.087030	-0.000767	0.004410	-1.598024
129.186718	-0.000192	0.008245	-1.598408
129.286380	0.000096	0.008629	-1.598696
129.386091	0.000288	0.009875	-1.599271
129.485714	0.000383	0.012272	-1.599750
129.585417	0.000767	0.011888	-1.600230
129.685106	0.001246	0.012272	-1.600709
129.784786	0.001534	0.009587	-1.601476
129.884459	0.001534	0.008629	-1.603010
129.984168	0.000959	0.008245	-1.604160
130.083829	0.000383	0.008149	-1.605599
130.183509	0.000096	0.009300	-1.606653
130.283209	-0.000096	0.010067	-1.607228
130.382878	-0.000479	0.012176	-1.607612
130.482561	-0.000767	0.009971	-1.607516
130.582282	-0.001055	0.010258	-1.607228
130.681928	-0.001726	0.009875	-1.605503
130.781603	-0.001630	0.008629	-1.605407
130.881297	-0.001342	0.010258	-1.604927
130.980964	-0.000671	0.009779	-1.605023
131.080613	-0.000288	0.013135	-1.605694
131.180337	-0.000288	0.012080	-1.606653
131.280009	0.000288	0.012751	-1.606461
131.379651	0.001150	0.012464	-1.607420
131.479390	0.001534	0.011792	-1.608283
131.579033	0.001917	0.010067	-1.609433
131.678714	0.002205	0.008533	-1.610680
131.778440	0.002013	0.006711	-1.612406
131.878052	0.001438	0.007478	-1.613364
132.077386	0.000863	0.006807	-1.613940
132.177079	0.000671	0.010163	-1.614323
132.276773	0.000479	0.009012	-1.614707
132.376411	0.000000	0.008053	-1.614035
132.476106	-0.000288	0.005752	-1.613940
132.575804	-0.000288	0.004314	-1.613844
132.675486	-0.000096	0.005752	-1.614035
132.775178	0.000288	0.005369	-1.614131
132.874845	0.000959	0.009108	-1.614515
132.974503	0.001150	0.009779	-1.614994
133.074183	0.001438	0.008725	-1.614994
133.273556	0.002013	0.012080	-1.616241
133.373231	0.002301	0.009779	-1.617103
133.472910	0.002397	0.008341	-1.617487
133.572593	0.002493	0.006136	-1.619788
133.672259	0.001822	0.008820	-1.620938
133.771935	0.001342	0.009012	-1.621993
133.871614	0.001150	0.009971	-1.622376
133.971303	0.000959	0.011505	-1.622856
134.070966	0.000671	0.009300	-1.622856
134.170661	0.000192	0.005944	-1.622856
134.270316	-0.000096	0.005752	-1.622856
134.369996	-0.000288	0.005465	-1.622281
134.469682	-0.000192	0.004890	-1.621418
134.569362	0.000192	0.008629	-1.620555
134.669033	0.000959	0.010067	-1.619884
134.768710	0.001534	0.010642	-1.620842
134.868382	0.001917	0.012272	-1.620651
134.968082	0.002301	0.010258	-1.621609
135.067759	0.002780	0.011217	-1.622568
135.167436	0.003164	0.007862	-1.624006
135.267124	0.003451	0.007670	-1.624677
135.366825	0.003164	0.007670	-1.626116
135.466491	0.002589	0.007766	-1.627362
135.566156	0.002205	0.009587	-1.628033
135.665839	0.002013	0.010258	-1.628321
135.865218	0.001438	0.008533	-1.628992
135.964910	0.000863	0.004027	-1.627841
136.064574	0.000671	0.001150	-1.627074
136.164248	0.000575	0.005273	-1.626499
136.263913	0.000767	0.008341	-1.626691
136.363583	0.001246	0.009492	-1.626595
136.562956	0.002013	0.011313	-1.628129
136.662638	0.002301	0.012080	-1.628608
136.762321	0.002780	0.010834	-1.629375
136.861977	0.003164	0.009779	-1.630046
136.961643	0.003260	0.008820	-1.630430
137.061305	0.003068	0.009875	-1.631772
137.160974	0.002493	0.009971	-1.633114
137.260641	0.002109	0.011697	-1.634073
137.360351	0.001822	0.016586	-1.634457
137.460013	0.001438	0.014860	-1.634552
137.559689	0.001246	0.012368	-1.634744
137.659365	0.000767	0.010546	-1.634169
137.759050	0.000383	0.009300	-1.633498
137.858720	-0.000192	0.008725	-1.633210
137.958404	0.000479	0.008629	-1.633977
138.058100	0.000863	0.012272	-1.633881
138.157748	0.001150	0.011888	-1.634552
138.257430	0.001534	0.011601	-1.634457
138.357116	0.001822	0.011984	-1.634552
138.456786	0.002397	0.010258	-1.635319
138.556463	0.002684	0.009875	-1.636278
138.656146	0.002876	0.009587	-1.636949
138.755837	0.002301	0.009683	-1.638100
138.855526	0.001822	0.011121	-1.640305
138.955201	0.001246	0.012176	-1.640976
139.054876	0.000863	0.010834	-1.641455
139.154566	0.000383	0.009204	-1.641935
139.254300	-0.000479	0.007286	-1.641551
139.353945	-0.001055	0.006807	-1.641647
139.453592	-0.001342	0.008916	-1.641359
139.553288	-0.001534	0.010738	-1.640880
139.652998	-0.001246	0.012464	-1.640592
139.752669	-0.001246	0.013998	-1.640017
139.852365	-0.001150	0.013326	-1.640305
139.952075	-0.000767	0.013614	-1.640401
140.051719	-0.000479	0.012943	-1.641264
140.151426	-0.000096	0.011697	-1.642510
140.251049	-0.000192	0.012272	-1.643181
140.350747	-0.000288	0.012176	-1.645003
140.450452	-0.000767	0.010546	-1.646441
140.550131	-0.001342	0.008916	-1.647208
140.649808	-0.001630	0.011313	-1.647975
140.749517	-0.002109	0.008245	-1.647304
140.849166	-0.002397	0.006903	-1.647304
140.948832	-0.002397	0.008245	-1.646824
141.048537	-0.002493	0.009779	-1.645770
141.148195	-0.002493	0.012080	-1.645386
141.247882	-0.002109	0.013806	-1.644044
141.347560	-0.001822	0.017833	-1.640784
141.447235	-0.001534	0.017257	-1.638196
141.546921	-0.000767	0.021380	-1.633594
141.646578	-0.000096	0.022626	-1.628704
141.746286	0.000383	0.024927	-1.621514
141.845993	-0.000192	0.024448	-1.607228
141.945633	-0.000383	0.023873	-1.596395
142.045306	-0.000383	0.023010	-1.589779
142.144981	-0.000383	0.022626	-1.585465
142.244655	-0.000383	0.023201	-1.579041
142.344334	-0.001055	0.019750	-1.573673
142.444029	-0.001630	0.018695	-1.568687
142.543680	-0.002301	0.019271	-1.564181
142.643358	0.002589	0.014860	-1.560730
142.743069	0.005177	0.013422	-1.557853
142.842712	0.005561	0.014189	-1.555457
143.042041	0.006807	0.012751	-1.552964
143.241397	0.007191	0.011888	-1.546924
143.341071	0.007191	0.009971	-1.543472
143.440746	0.006711	0.012368	-1.538199
143.540406	0.006999	0.011888	-1.535994
143.640088	0.007095	0.012751	-1.531776
143.739743	0.006328	0.014189	-1.527365
143.839448	0.005369	0.012176	-1.523051
143.939135	0.005081	0.011313	-1.519887
144.038782	0.005081	0.013998	-1.516148
144.138453	0.005177	0.014285	-1.513847
144.238128	0.005465	0.015436	-1.510588
144.337807	0.005944	0.014860	-1.508382
144.437477	0.006711	0.013614	-1.506849
144.537166	0.007191	0.012847	-1.506273
144.636860	0.007286	0.013231	-1.504643
144.736523	0.007286	0.012559	-1.503589
144.836215	0.007191	0.012080	-1.502151
144.935892	0.007095	0.012559	-1.499083
145.035567	0.007095	0.013422	-1.496398
145.135268	0.006903	0.014285	-1.493618
145.234959	0.006711	0.012847	-1.489687
145.334619	0.006328	0.011984	-1.486332
145.434328	0.006040	0.012655	-1.483455
145.534000	0.005657	0.013902	-1.482017
145.633702	0.005369	0.015436	-1.482305
145.733379	0.005657	0.015627	-1.481442
145.833072	0.006040	0.016203	-1.479429
146.032441	0.006711	0.013710	-1.474060
146.132148	0.006807	0.013039	-1.472813
146.231862	0.007191	0.010067	-1.472813
146.331514	0.007382	0.009779	-1.472622
146.431193	0.007670	0.008437	-1.474539
146.530891	0.007766	0.007095	-1.478086
146.630582	0.007766	0.004602	-1.482209
146.730299	0.007958	0.001150	-1.486715
146.829972	0.007958	0.000575	-1.489687
146.929718	0.008149	0.000096	-1.492563
147.029326	0.008149	0.000192	-1.494864
147.129018	0.007766	0.004027	-1.497453
147.228667	0.007766	0.005081	-1.500041
147.328350	0.007862	0.004602	-1.502438
147.428026	0.008437	0.003451	-1.504739
147.527681	0.009108	0.001534	-1.507040
147.627359	0.009204	0.001342	-1.510300
147.727055	0.009204	0.000671	-1.512793
147.826706	0.009396	0.000959	-1.515861
147.926394	0.009587	0.000863	-1.519504
148.026060	0.009779	-0.000671	-1.522188
148.125769	0.009492	-0.001150	-1.524873
148.225433	0.009108	-0.001534	-1.528324
148.325112	0.008533	-0.001534	-1.530721
148.424791	0.008341	-0.000767	-1.532639
148.524434	0.008341	-0.000479	-1.534652
148.624102	0.007862	0.002589	-1.536090
148.723750	0.007574	0.004314	-1.537720
148.823425	0.007382	0.004985	-1.539254
148.923105	0.007862	0.001438	-1.540884
149.022764	0.008533	-0.002013	-1.542801
149.122441	0.008629	-0.000192	-1.544527
149.222097	0.008437	-0.000096	-1.547595
149.321753	0.008820	-0.001342	-1.549512
149.421423	0.007766	0.002684	-1.552772
149.521080	0.007862	0.002780	-1.554498
149.620744	0.008341	-0.000192	-1.556224
149.720420	0.008149	-0.001246	-1.557757
149.820138	0.007766	-0.001630	-1.559675
149.919771	0.007382	-0.000767	-1.561592
150.019437	0.007191	0.000671	-1.562743
150.119171	0.007382	-0.000671	-1.564181
150.218800	0.006999	0.003068	-1.564756
150.318423	0.006615	0.005561	-1.566003
150.418133	0.006615	0.004027	-1.567249
150.517809	0.006903	0.004794	-1.568879
150.617483	0.007382	0.003164	-1.570509
150.717155	0.007670	0.002013	-1.571755
150.816827	0.007670	0.001917	-1.573289
150.916498	0.007670	0.003451	-1.574919
151.016187	0.007862	0.002397	-1.575686
151.115837	0.008149	0.002013	-1.577220
151.215617	0.008533	-0.001726	-1.577795
151.315181	0.008437	-0.002589	-1.579041
151.414852	0.008053	-0.001917	-1.581630
151.514522	0.007958	-0.002301	-1.583068
151.614182	0.007766	0.000383	-1.584410
151.713857	0.007382	0.004027	-1.585657
151.813545	0.007670	-0.000479	-1.586328
151.913239	0.007478	-0.004602	-1.586999
152.012861	0.007191	-0.002876	-1.587478
152.112550	0.007286	0.006136	-1.588245
152.212216	0.007191	0.004794	-1.588821
152.311878	0.007574	-0.000383	-1.590067
152.411525	0.007478	0.000288	-1.590738
152.511195	0.007670	0.004123	-1.589683
152.610917	0.009108	-0.001917	-1.590642
152.710577	0.009587	-0.002109	-1.591409
152.810225	0.009683	-0.000767	-1.593135
152.909906	0.010163	-0.004218	-1.593806
153.009611	0.009875	-0.004506	-1.594765
153.109260	0.009779	-0.004602	-1.596107
153.208913	0.009683	-0.003931	-1.598024
153.308582	0.009971	-0.004698	-1.599367
153.408242	0.009683	-0.002397	-1.599654
153.507953	0.009587	-0.001342	-1.600325
153.607553	0.009396	-0.000575	-1.600997
153.707257	0.009108	0.000575	-1.601380
153.806911	0.009396	-0.000192	-1.601476
153.906616	0.009683	-0.000959	-1.601955
154.006279	0.009779	-0.000767	-1.602531
154.105947	0.009971	-0.002013	-1.602626
154.205618	0.009875	-0.000383	-1.603106
154.305294	0.010258	-0.001534	-1.604256
154.404958	0.010546	-0.001630	-1.605407
154.504619	0.010738	-0.003068	-1.607132
154.604332	0.010930	-0.005752	-1.607899
154.704011	0.010642	-0.006328	-1.608666
154.803674	0.010642	-0.005944	-1.609625
154.903326	0.010354	-0.005561	-1.610200
155.003000	0.010450	-0.004314	-1.611447
155.102670	0.010354	-0.003931	-1.612118
155.202336	0.010258	-0.002493	-1.612501
155.302001	0.010163	-0.002301	-1.612789
155.401703	0.010163	-0.002780	-1.612885
155.501360	0.010450	-0.002589	-1.613460
155.601048	0.010546	-0.003068	-1.614227
155.700691	0.010354	-0.002972	-1.615569
155.800359	0.009300	-0.002684	-1.616241
155.900037	0.009108	0.002301	-1.616816
155.999717	0.009204	0.003547	-1.617679
156.099393	0.009683	-0.001630	-1.618254
156.199092	0.009875	-0.001055	-1.618925
156.298727	0.010067	-0.002780	-1.619500
156.398386	0.009971	-0.004985	-1.619117
156.498050	0.009779	-0.002397	-1.620267
156.597714	0.009396	0.001438	-1.621514
156.697393	0.009012	0.002780	-1.622472
156.797074	0.008725	0.002972	-1.623143
156.896739	0.008245	0.000192	-1.623143
156.996400	0.007766	0.001917	-1.623719
157.096041	0.007574	0.005944	-1.624102
157.195733	0.007478	0.007574	-1.623719
157.295419	0.006999	0.009108	-1.621322
157.395083	0.006615	0.010546	-1.618158
157.494765	0.006615	0.009108	-1.613652
157.594455	0.006711	0.009875	-1.609721
157.694123	0.006807	0.006136	-1.604832
157.793813	0.006903	0.005465	-1.600805
157.893474	0.007095	0.003739	-1.597257
157.993132	0.006807	0.004506	-1.593231
158.092825	0.006807	0.005081	-1.590067
158.192472	0.006424	0.005657	-1.586903
158.292140	0.006424	0.005465	-1.583452
158.391828	0.006519	0.004890	-1.579041
158.491504	0.006424	0.005081	-1.575494
158.591182	0.006040	0.006807	-1.571851
158.690861	0.005752	0.009396	-1.568399
158.790525	0.005752	0.011025	-1.564852
158.890205	0.005657	0.011697	-1.561976
158.989881	0.005657	0.010067	-1.558141
159.089537	0.006040	0.011217	-1.554306
159.189215	0.006040	0.008341	-1.550663
159.288889	0.006328	0.007286	-1.547211
159.388568	0.006424	0.006519	-1.544143
159.488295	0.006519	0.006040	-1.540500
159.587901	0.006424	0.008149	-1.536953
159.687644	0.006519	0.008629	-1.533693
159.787277	0.006519	0.008341	-1.531200
159.886986	0.006519	0.006136	-1.528420
160.086345	0.006328	0.007670	-1.522476
160.186022	0.006136	0.010354	-1.518737
160.285707	0.006232	0.011792	-1.515190
160.385382	0.006328	0.011505	-1.512122
160.485071	0.006424	0.010258	-1.509245
160.584789	0.006711	0.009396	-1.505986
160.684450	0.006903	0.008053	-1.503685
160.784159	0.006903	0.008437	-1.501000
160.883820	0.006999	0.008533	-1.498699
160.983505	0.007095	0.008245	-1.496398
161.083187	0.007095	0.008437	-1.493426
161.182870	0.007382	0.007478	-1.490838
161.282552	0.007095	0.007382	-1.488441
161.382241	0.007095	0.005369	-1.486140
161.481964	0.007191	0.005657	-1.484031
161.581596	0.007191	0.005848	-1.482305
161.681291	0.007382	0.007574	-1.482113
161.780951	0.007478	0.008053	-1.482976
161.880647	0.007286	0.008629	-1.483551
161.980323	0.007574	0.003835	-1.485565
162.080023	0.007766	0.000671	-1.486715
162.179691	0.007862	0.000767	-1.488153
162.279369	0.007670	0.005561	-1.492084
162.379045	0.007574	0.003931	-1.495056
162.478730	0.007862	0.002397	-1.497645
162.578422	0.008053	0.004794	-1.500617
162.678107	0.008341	0.004123	-1.503397
162.777787	0.008916	-0.002780	-1.505410
162.877463	0.009012	-0.001917	-1.508574
162.977140	0.008820	-0.000383	-1.511642
163.076828	0.009108	-0.001534	-1.514327
163.176501	0.009300	0.000096	-1.517011
163.276169	0.009683	0.000767	-1.519408
163.375820	0.009300	0.002972	-1.522572
163.475481	0.009012	0.002493	-1.525256
163.575194	0.008820	0.001534	-1.527749
163.674818	0.009396	-0.002301	-1.529954
163.774502	0.009300	-0.002397	-1.531584
163.874238	0.009108	-0.003068	-1.533118
163.973854	0.009012	-0.003451	-1.534364
164.073527	0.009012	-0.003356	-1.536186
164.173180	0.009396	-0.002684	-1.537624
164.272863	0.009971	-0.002972	-1.539829
164.372554	0.010258	-0.003643	-1.542226
164.472222	0.010163	-0.003835	-1.544239
164.571884	0.010258	-0.003451	-1.546636
164.671536	0.010258	-0.002397	-1.549321
164.771210	0.010163	-0.000959	-1.551622
164.870901	0.010354	0.000575	-1.554018
164.970549	0.009971	0.002301	-1.555936
165.070235	0.009492	0.003164	-1.557757
165.169909	0.009012	0.003547	-1.559291
165.269586	0.009204	0.002205	-1.560250
165.369230	0.009300	0.001246	-1.561497
165.468908	0.009204	0.001342	-1.562264
165.568597	0.008916	0.001438	-1.563414
165.668244	0.008916	0.002205	-1.564660
165.767920	0.009300	0.001246	-1.566194
165.867584	0.009779	0.000863	-1.567632
165.967242	0.010354	-0.001438	-1.569646
166.066921	0.010450	-0.002972	-1.571467
166.166579	0.010258	-0.003739	-1.572810
166.266262	0.010354	-0.003451	-1.574535
166.365929	0.010450	-0.002876	-1.576645
166.465635	0.010354	-0.000767	-1.578179
166.565256	0.010258	0.000767	-1.579808
166.664937	0.009875	0.002301	-1.581247
166.764586	0.009204	0.002972	-1.582109
166.864261	0.008916	0.003164	-1.583356
166.963935	0.009012	0.002397	-1.584506
167.063590	0.009012	0.002397	-1.585944
167.163265	0.008629	0.002205	-1.587095
167.262928	0.008149	0.004218	-1.587670
167.362600	0.008245	0.003164	-1.588629
167.462285	0.008341	0.003547	-1.589875
167.561959	0.008916	0.000863	-1.591409
167.661648	0.009300	-0.000767	-1.591984
167.761304	0.010067	-0.004602	-1.592943
167.860980	0.009971	-0.003835	-1.593902
167.960640	0.010258	-0.004794	-1.595244
168.060309	0.010354	-0.002493	-1.597162
168.159982	0.010354	-0.000959	-1.598791
168.259647	0.010067	0.000671	-1.600613
168.359331	0.009683	0.001438	-1.602531
168.459007	0.009012	0.002301	-1.603969
168.558696	0.008725	0.002397	-1.605599
168.658366	0.008725	0.002013	-1.607228
168.758038	0.008341	0.003451	-1.609050
168.857695	0.007958	0.004027	-1.609721
168.957372	0.007382	0.004698	-1.609529
169.057057	0.007382	0.004890	-1.610776
169.156703	0.007766	0.002205	-1.611734
169.256376	0.007958	0.002780	-1.612885
169.356060	0.008053	0.000288	-1.613460
169.455733	0.007862	-0.002109	-1.614131
169.555396	0.007766	0.002397	-1.615090
169.655101	0.007862	0.002876	-1.616720
169.754771	0.007862	0.002972	-1.618925
169.854456	0.007670	0.005177	-1.620459
169.954149	0.007286	0.005848	-1.621226
170.053814	0.006711	0.004890	-1.622472
170.153518	0.006232	0.004123	-1.623048
170.253200	0.006136	0.002493	-1.623431
170.352881	0.006136	-0.002972	-1.623815
170.452565	0.006040	-0.004890	-1.624006
170.552244	0.005752	-0.004794	-1.623719
170.651911	0.005561	0.003451	-1.622664
170.751584	0.006328	0.008916	-1.622952
170.851282	0.006903	0.005944	-1.622952
170.950945	0.007095	0.004794	-1.623239
171.050591	0.007095	0.003451	-1.623719
171.150268	0.006999	0.005369	-1.623719
171.249917	0.007286	0.006136	-1.624390
171.349598	0.007286	0.009779	-1.625444
171.449266	0.006999	0.010738	-1.625924
171.548949	0.006807	0.007095	-1.626020
171.648604	0.006328	0.008820	-1.625828
171.748272	0.005752	0.005752	-1.624965
171.847949	0.005752	0.004602	-1.624965
171.947578	0.005561	0.009971	-1.624965
172.146957	0.004794	0.009971	-1.624294
172.246624	0.004985	0.009492	-1.624006
172.346287	0.005369	0.008341	-1.624294
172.445951	0.006040	0.006519	-1.624102
172.545641	0.006232	0.005561	-1.624102
172.645303	0.006040	0.005465	-1.623910
172.745016	0.006136	0.005657	-1.623910
172.944397	0.006615	0.009683	-1.625349
173.044048	0.006519	0.007574	-1.625828
173.143741	0.006328	0.007382	-1.625349
173.243432	0.005848	0.007862	-1.625444
173.343117	0.005561	0.009971	-1.625253
173.442790	0.005561	0.013039	-1.625636
173.542448	0.005369	0.013135	-1.625636
173.642117	0.004602	0.013806	-1.626307
173.741819	0.004218	0.012272	-1.624677
173.841505	0.004506	0.010450	-1.624486
173.941161	0.005177	0.010258	-1.625061
174.040859	0.005465	0.007862	-1.624006
174.140513	0.005561	0.008820	-1.624486
174.240208	0.005369	0.008629	-1.623719
174.339880	0.005752	0.011121	-1.623719
174.439555	0.005848	0.013710	-1.624390
174.539231	0.005752	0.011601	-1.624869
174.638910	0.005369	0.010450	-1.624677
174.738583	0.004602	0.010930	-1.621226
174.838263	0.003739	0.011313	-1.617391
174.937918	0.003451	0.014285	-1.613940
175.037607	0.003068	0.012751	-1.610105
175.137289	0.002780	0.009204	-1.606461
175.236933	0.002301	0.007574	-1.601572
175.336620	0.002876	0.003547	-1.597257
175.436295	0.003451	-0.002876	-1.592943
175.536000	0.003931	-0.009108	-1.589492
175.635653	0.003931	-0.012559	-1.585849
175.735298	0.003835	-0.009683	-1.582493
175.835027	0.006136	-0.002684	-1.579329
175.934656	0.007095	0.005081	-1.576836
176.034335	0.007574	0.005081	-1.574823
176.134010	0.007478	0.005944	-1.572522
176.233699	0.007095	0.003931	-1.573289
176.333377	0.006711	0.002780	-1.569358
176.433047	0.006232	0.005177	-1.560538
176.532747	0.005944	0.007478	-1.547115
176.632401	0.004794	0.012655	-1.528420
176.732075	0.004123	0.016778	-1.511546
176.831758	0.004890	0.011697	-1.493714
176.931454	0.006232	0.006136	-1.476936
177.031117	0.008629	0.001726	-1.460158
177.130773	0.007478	-0.002109	-1.444626
177.230453	0.004506	-0.001150	-1.428040
177.330139	0.004410	-0.000288	-1.412509
177.429806	0.003835	-0.000575	-1.395347
177.529489	0.003739	-0.000959	-1.379049
177.629177	0.003739	-0.000288	-1.362558
177.728820	0.003835	0.000671	-1.346068
177.828498	0.003835	0.001630	-1.329098
177.928168	0.003451	0.004506	-1.311554
178.027810	0.003835	0.003739	-1.294105
178.127501	0.004698	0.001726	-1.277423
178.227162	0.005561	-0.001630	-1.260261
178.326840	0.005465	-0.000575	-1.241470
178.426502	0.005465	-0.000767	-1.222966
178.526173	0.005369	0.000863	-1.204846
178.625848	0.005081	0.002109	-1.186918
178.725501	0.004506	0.003164	-1.168606
178.825179	0.004027	0.004890	-1.150486
178.924846	0.003835	0.004027	-1.131790
179.024510	0.003547	0.004698	-1.113287
179.124208	0.003547	0.004794	-1.094687
179.223856	0.003451	0.004794	-1.076088
179.323552	0.003068	0.004506	-1.057200
179.423211	0.002876	0.006232	-1.038793
179.522862	0.003164	0.005944	-1.020768
179.622592	0.003547	0.005369	-1.003511
179.722230	0.004410	0.002780	-0.985774
179.821899	0.005081	0.000000	-0.968613
179.921558	0.005273	0.001534	-0.952123
180.021249	0.005752	0.000383	-0.936016
180.120933	0.006136	0.000767	-0.920580
180.220588	0.005752	0.002780	-0.904953
180.320267	0.005369	0.003835	-0.888175
180.419960	0.004985	0.005177	-0.871493
180.519634	0.004794	0.004890	-0.854619
180.619268	0.004698	0.004602	-0.838033
180.718971	0.004985	0.004218	-0.821638
180.818642	0.004890	0.005081	-0.805436
180.918317	0.004698	0.004218	-0.788850
181.017990	0.004506	0.006424	-0.772743
181.117678	0.004698	0.006136	-0.756636
181.217365	0.005273	0.004602	-0.741584
181.317027	0.005848	0.001726	-0.726148
181.416700	0.006136	-0.000767	-0.710904
181.516390	0.006232	-0.002876	-0.694414
181.616063	0.006328	-0.005081	-0.677540
181.715737	0.006519	-0.008916	-0.660858
181.815421	0.005752	-0.011121	-0.641875
181.915123	0.004314	0.001150	-0.622317
182.014777	0.003547	0.004123	-0.602567
182.114445	0.003739	0.006999	-0.584447
182.214124	0.003643	0.008916	-0.564888
182.313788	0.004218	0.006424	-0.545810
182.413456	0.004698	0.009875	-0.527977
182.513143	0.005657	0.007574	-0.510624
182.612790	0.006136	0.005752	-0.493367
182.712464	0.006424	0.004602	-0.476397
182.812128	0.006615	0.003164	-0.459715
182.911799	0.006615	0.003068	-0.443129
183.011485	0.006519	0.002013	-0.426830
183.111122	0.006040	0.002972	-0.410340
183.210802	0.005273	0.006999	-0.393178
183.310475	0.004985	0.008245	-0.376017
183.410173	0.004890	0.008341	-0.359239
183.509812	0.004985	0.006999	-0.342461
183.609508	0.004985	0.005848	-0.325683
183.709215	0.004602	0.006232	-0.309193
183.808869	0.004506	0.006232	-0.292511
183.908531	0.004890	0.005944	-0.276021
184.008266	0.005657	0.006424	-0.260873
184.107898	0.006711	0.004027	-0.245245
184.207540	0.006903	0.002205	-0.229330
184.307217	0.007095	0.000575	-0.213799
184.406883	0.007670	-0.000288	-0.199226
184.506565	0.007574	-0.000863	-0.184845
184.606230	0.007191	0.001438	-0.169888
184.705914	0.006519	0.005848	-0.154549
184.805581	0.006328	0.005752	-0.139592
184.905265	0.006424	0.002684	-0.124636
185.004947	0.006424	-0.006424	-0.110830
185.104613	0.005848	-0.004602	-0.094915
185.204332	0.005369	0.010354	-0.079767
185.303970	0.006040	0.006903	-0.065865
185.403635	0.006711	0.000863	-0.050430
185.503308	0.007478	0.000096	-0.035761
185.602979	0.007095	-0.000096	-0.019846
185.702693	0.007574	-0.000000	-0.008149
185.802390	0.008245	0.000767	-0.001150
185.902050	0.008053	0.003739	0.000959
186.001701	0.007958	0.006040	-0.000575
186.101365	0.007766	0.006519	-0.002876
186.201045	0.007670	0.006615	-0.005369
186.300729	0.007766	0.003931	-0.008053
186.400381	0.007095	0.007095	-0.010258
186.500057	0.006615	0.007382	-0.013135
186.599728	0.006615	0.007191	-0.014765
186.699395	0.006999	0.006232	-0.016586
186.799038	0.007478	0.005465	-0.019175
186.898721	0.007095	0.005177	-0.021380
186.998412	0.006999	0.002589	-0.023873
187.098086	0.006903	0.001055	-0.025790
187.197736	0.006903	0.002301	-0.028379
187.297432	0.006903	0.001342	-0.031063
187.397099	0.006136	0.004218	-0.033364
187.496795	0.005561	0.007862	-0.035473
187.596459	0.005081	0.008341	-0.036720
187.696134	0.004985	0.009204	-0.039117
187.795850	0.004794	0.007095	-0.041130
187.895533	0.004506	0.008245	-0.043431
187.995225	0.004027	0.008149	-0.044869
188.094907	0.003739	0.002493	-0.045540
188.194590	0.004602	0.002684	-0.046403
188.294280	0.005273	0.005273	-0.048225
188.393970	0.005465	0.003835	-0.049663
188.493663	0.005081	0.004027	-0.051676
188.593350	0.005177	0.001534	-0.053114
188.693059	0.005465	0.001822	-0.054744
188.792732	0.005848	0.002876	-0.056949
188.892452	0.005465	0.001630	-0.058675
188.992087	0.005081	0.001534	-0.060784
189.091775	0.004698	0.004985	-0.062606
189.191454	0.004602	0.006136	-0.064140
189.291135	0.004410	0.007766	-0.065961
189.390830	0.004314	0.008053	-0.066345
189.490506	0.003931	0.005561	-0.067016
189.590155	0.003547	0.004506	-0.067303
189.689889	0.003931	0.004410	-0.068166
189.789577	0.004506	0.003931	-0.068262
189.889271	0.004890	0.006519	-0.069029
189.988925	0.004985	0.004027	-0.069604
190.088639	0.004506	0.004410	-0.070275
190.188334	0.004794	0.002589	-0.071042
190.288013	0.004890	0.003451	-0.071809
190.387744	0.005561	0.002493	-0.073343
190.487402	0.005177	0.001055	-0.074494
190.587098	0.004698	0.002780	-0.075740
190.686806	0.004410	0.000959	-0.075932
190.786480	0.004698	-0.004410	-0.076316
190.886196	0.004794	-0.006807	-0.076411
190.985874	0.004602	-0.004314	-0.076411
191.085564	0.004314	0.001246	-0.077083
191.185246	0.004314	-0.000863	-0.076699
191.284937	0.004698	-0.002780	-0.076891
191.384624	0.005177	0.000096	-0.076987
191.484377	0.005752	-0.000096	-0.077850
191.584029	0.006040	-0.002684	-0.078617
191.683657	0.005944	-0.004410	-0.078712
191.783439	0.005944	-0.003931	-0.079288
191.883111	0.006424	-0.004890	-0.079863
191.982785	0.006903	-0.004314	-0.081109
192.082486	0.006807	-0.004890	-0.082260
192.182126	0.006328	-0.003931	-0.082931
192.281782	0.005848	-0.001342	-0.082739
192.381511	0.005848	-0.001342	-0.082739
192.481160	0.006040	-0.002397	-0.083123
192.580808	0.005657	0.000000	-0.083506
192.680475	0.005465	0.000000	-0.084273
192.780157	0.005081	-0.001438	-0.084081
192.879828	0.005081	-0.002109	-0.084273
192.979474	0.005465	0.000288	-0.084177
193.079176	0.005944	-0.000575	-0.084177
193.178865	0.006136	-0.002684	-0.084944
193.278537	0.006040	-0.004985	-0.085040
193.378208	0.005848	-0.003356	-0.085232
193.477869	0.006328	-0.004314	-0.085328
193.577554	0.006807	-0.004314	-0.085999
193.677241	0.006711	-0.004985	-0.086766
193.776925	0.006232	-0.002301	-0.087341
193.876575	0.005657	0.001055	-0.087437
193.976202	0.005848	0.000767	-0.087820
194.075908	0.005561	0.002780	-0.089163
194.175580	0.004506	0.003931	-0.089163
194.275272	0.004218	0.005177	-0.089930
194.374947	0.004027	0.004123	-0.090025
194.474612	0.004027	0.003547	-0.089163
194.574288	0.004123	0.005273	-0.088779
194.673956	0.004698	0.002013	-0.088492
194.773607	0.004985	-0.000959	-0.089450
194.873289	0.004602	-0.000096	-0.089067
194.972945	0.004794	-0.000671	-0.089259
195.072618	0.004985	-0.000192	-0.089450
195.172309	0.005273	0.000096	-0.090121
195.271938	0.005273	-0.001150	-0.090984
195.371640	0.004698	0.000767	-0.091847
195.471265	0.004506	0.000575	-0.092326
195.571000	0.004602	0.001055	-0.092710
195.670662	0.004506	0.002205	-0.093381
195.770303	0.004218	0.002493	-0.092806
195.870030	0.003451	0.005561	-0.092710
195.969659	0.003164	0.005465	-0.092039
196.069325	0.002972	0.005944	-0.091464
196.168994	0.003547	0.003643	-0.091559
196.268659	0.003931	0.000575	-0.091464
196.368317	0.003835	-0.000096	-0.091751
196.467954	0.003739	-0.001630	-0.091655
196.567656	0.003739	-0.002205	-0.091847
196.667334	0.004027	-0.002589	-0.092326
196.767006	0.004218	-0.003260	-0.093381
196.866694	0.004410	-0.004123	-0.093765
196.966356	0.004027	-0.003068	-0.094436
197.065995	0.003547	-0.002493	-0.094819
197.165710	0.003356	0.000288	-0.094723
197.265380	0.003356	0.000671	-0.094627
197.365028	0.002972	0.002780	-0.094436
197.464686	0.002493	0.003451	-0.094436
197.564316	0.002397	0.003547	-0.093956
197.664017	0.002301	0.004602	-0.093381
197.763677	0.002972	0.001630	-0.093573
197.863342	0.003356	-0.000096	-0.093189
197.963032	0.003260	-0.000096	-0.093189
198.062687	0.003260	-0.000575	-0.093093
198.162375	0.003451	0.000192	-0.093477
198.261999	0.003931	-0.001246	-0.093860
198.361670	0.004314	-0.001534	-0.094723
198.461314	0.004123	-0.002589	-0.094819
198.560992	0.003835	-0.002493	-0.094532
198.660698	0.003356	0.001150	-0.093956
198.760332	0.003643	0.000479	-0.092998
198.859998	0.003931	0.000479	-0.093093
198.959653	0.003547	0.004602	-0.092518
199.059314	0.003164	0.003739	-0.091751
199.158995	0.003164	0.002397	-0.091080
199.258657	0.002972	0.005369	-0.090217
199.358341	0.003451	0.002876	-0.089163
199.457999	0.004218	-0.000288	-0.088779
199.557678	0.004218	0.002876	-0.088779
199.657352	0.004027	0.004314	-0.088587
199.757010	0.004506	0.000192	-0.088204
199.856681	0.004602	0.001055	-0.087916
199.956359	0.004698	-0.000767	-0.087533
200.056016	0.004890	-0.002876	-0.087149
200.155671	0.004890	-0.003547	-0.087245
200.255356	0.004794	-0.002780	-0.086862
200.355029	0.004794	-0.001342	-0.086574
200.454719	0.004890	0.000192	-0.086862
200.554377	0.004602	0.000959	-0.086766
200.654059	0.004218	0.002397	-0.086574
200.753772	0.003643	0.002876	-0.085328
200.853413	0.003739	0.001726	-0.084369
200.953067	0.004123	0.000575	-0.083602
201.052699	0.004506	-0.000288	-0.082835
201.152401	0.004698	-0.000479	-0.082643
201.252068	0.004506	-0.000288	-0.082164
201.351728	0.004602	-0.000479	-0.081493
201.451395	0.005081	-0.001342	-0.081301
201.551045	0.005273	-0.002684	-0.081301
201.650726	0.005561	-0.004506	-0.081205
201.750359	0.005177	-0.003643	-0.081780
201.850089	0.004985	-0.001534	-0.081876
201.949724	0.004985	0.000383	-0.081876
202.049356	0.005273	0.001438	-0.081780
202.149060	0.005177	0.001630	-0.081109
202.248731	0.004890	-0.000479	-0.080150
202.348391	0.004602	0.001822	-0.079096
202.448071	0.004794	0.002109	-0.078521
202.547743	0.005369	-0.003547	-0.077562
202.647356	0.005848	-0.005561	-0.076891
202.747056	0.005944	-0.000959	-0.076411
202.846738	0.005944	-0.004890	-0.075836
202.946387	0.006519	-0.006040	-0.075549
203.046045	0.006999	-0.004602	-0.076028
203.145690	0.007382	-0.005369	-0.076507
203.245346	0.007478	-0.006328	-0.076891
203.344989	0.006999	-0.005752	-0.076795
203.444683	0.006711	-0.002589	-0.076507
203.544348	0.006711	-0.000863	-0.075740
203.644025	0.006999	-0.001438	-0.075357
203.743691	0.006615	-0.002301	-0.074877
203.843354	0.006232	-0.002013	-0.073727
203.943035	0.006136	0.000575	-0.073056
204.042729	0.006328	0.000000	-0.072481
204.142379	0.006519	0.000863	-0.072385
204.242059	0.006999	-0.000288	-0.071905
204.341730	0.007191	0.000288	-0.071905
204.441391	0.007191	-0.003164	-0.070947
204.541064	0.007478	-0.003931	-0.071234
204.640709	0.007862	-0.003068	-0.071714
204.740374	0.008053	-0.005369	-0.071714
204.840046	0.007958	-0.004985	-0.072001
204.939695	0.007286	-0.000863	-0.071042
205.039405	0.007382	0.001342	-0.068933
205.139058	0.007766	0.000767	-0.065482
205.238722	0.007958	0.000575	-0.062893
205.338464	0.007670	0.001246	-0.059634
205.438051	0.007478	0.000671	-0.054936
205.537727	0.007574	0.001342	-0.050813
205.637406	0.007670	0.001822	-0.046019
205.737089	0.008341	0.001150	-0.041130
205.836793	0.008629	0.000959	-0.036240
205.936446	0.009300	0.001630	-0.030392
206.036122	0.009300	-0.000383	-0.024256
206.135858	0.008916	-0.000959	-0.016586
206.235499	0.008533	-0.002013	-0.005369
206.335171	0.008053	-0.001630	0.007478
206.434835	0.008149	0.000192	0.016299
206.534498	0.008820	-0.000575	0.019462
206.733816	0.009875	-0.002684	0.020996
206.833499	0.009492	-0.001726	0.021572
206.933187	0.009012	-0.000096	0.022626
207.032848	0.008820	0.001246	0.022147
207.132497	0.009204	0.000383	0.019271
207.232187	0.009492	-0.000000	0.017928
207.331878	0.009779	-0.001726	0.016203
207.431522	0.009779	-0.004027	0.014956
207.531219	0.009779	-0.004123	0.014285
207.630858	0.009971	-0.003931	0.013326
207.730539	0.010258	-0.003931	0.012176
207.830202	0.010450	-0.004602	0.010642
207.929878	0.010450	-0.003068	0.009012
208.029552	0.009971	-0.002109	0.007862
208.129240	0.010163	-0.001342	0.006232
208.228919	0.010258	-0.001822	0.004890
208.328580	0.010546	-0.004027	0.003931
208.428280	0.010258	-0.009012	0.002397
208.527928	0.009971	-0.006040	0.002013
208.627592	0.009587	-0.001630	0.001342
208.727285	0.009587	-0.001630	0.001246
208.826970	0.010258	-0.002972	0.000863
208.926624	0.010354	-0.002013	-0.000288
209.026278	0.010163	-0.003739	-0.000575
209.126015	0.010163	-0.009300	-0.001822
209.225584	0.010163	-0.006328	-0.002493
209.325284	0.010354	-0.003931	-0.004218
209.424970	0.010450	-0.005369	-0.005465
209.524597	0.010354	-0.003931	-0.006711
209.624267	0.010163	-0.004698	-0.008053
209.723937	0.009875	-0.005081	-0.008820
209.823603	0.009875	-0.005657	-0.009492
209.923265	0.009875	-0.004218	-0.010067
210.022948	0.009587	-0.003451	-0.010642
210.122611	0.009108	-0.002589	-0.011121
210.222274	0.008916	-0.000000	-0.011505
210.321969	0.008916	-0.000096	-0.011888
210.421597	0.009108	-0.001534	-0.012655
210.521308	0.009204	-0.002876	-0.012559
210.620985	0.009204	-0.005944	-0.012847
210.720666	0.009300	-0.006136	-0.013710
210.820321	0.009396	-0.004218	-0.014669
210.920004	0.009587	-0.004794	-0.015436
211.019664	0.009683	-0.002780	-0.016586
211.119311	0.009779	-0.003739	-0.017257
211.218968	0.009683	-0.004410	-0.018120
211.318649	0.009587	-0.005273	-0.018024
211.418294	0.009492	-0.002972	-0.018408
211.517967	0.009300	0.003068	-0.018887
211.617656	0.009204	0.002972	-0.019654
211.717332	0.009108	0.002013	-0.020709
211.817002	0.008437	0.005848	-0.021092
211.916676	0.008341	0.004410	-0.020613
212.016329	0.008820	-0.001150	-0.021188
212.115998	0.008820	-0.000767	-0.021476
212.215669	0.008820	-0.000671	-0.022147
212.315325	0.008725	-0.003739	-0.022434
212.415027	0.008533	-0.002109	-0.023201
212.514664	0.008820	-0.003739	-0.023201
212.614365	0.008725	-0.002972	-0.023585
212.714036	0.008820	-0.004123	-0.023873
212.813720	0.008820	-0.004123	-0.024544
212.913373	0.008725	-0.004410	-0.024831
213.013026	0.008725	-0.003835	-0.025598
213.112697	0.008533	-0.002972	-0.026557
213.212371	0.008437	-0.002684	-0.027420
213.312029	0.007958	-0.001534	-0.027995
213.411699	0.007670	0.000959	-0.027995
213.511420	0.007478	-0.000192	-0.028475
213.710762	0.007574	-0.003643	-0.028379
213.810426	0.007574	-0.004890	-0.028666
213.910114	0.007478	-0.004218	-0.028091
214.109451	0.007862	-0.003547	-0.027995
214.209149	0.007862	-0.004218	-0.028283
214.308810	0.008245	-0.005561	-0.029050
214.408494	0.007958	-0.006615	-0.029817
214.508155	0.008149	-0.006903	-0.030392
214.607848	0.008149	-0.006999	-0.031255
214.707489	0.008053	-0.004794	-0.031830
214.807191	0.008053	-0.002972	-0.031638
214.906898	0.008629	0.000096	-0.031926
215.006532	0.009108	0.002493	-0.031926
215.106207	0.008820	0.000863	-0.031159
215.205932	0.008916	0.000671	-0.030871
215.305536	0.009012	-0.002205	-0.030488
215.405226	0.008916	-0.001726	-0.030488
215.504848	0.009012	-0.000288	-0.030392
215.604542	0.009204	-0.001055	-0.030584
215.704215	0.009396	-0.000383	-0.030871
215.803884	0.009683	-0.001150	-0.031447
215.903545	0.009971	-0.002780	-0.032214
216.003248	0.009971	-0.002205	-0.033364
216.102901	0.010163	-0.003260	-0.033460
216.202611	0.010163	-0.001726	-0.033748
216.302258	0.009971	-0.000096	-0.033460
216.401928	0.010067	-0.000383	-0.033460
216.501595	0.009492	0.003643	-0.033748
216.601275	0.009492	0.004314	-0.033843
216.700945	0.009492	0.002972	-0.033652
216.800590	0.009683	0.003739	-0.033652
216.900257	0.009875	0.000288	-0.033460
216.999953	0.009779	-0.001342	-0.033460
217.099632	0.009587	0.000863	-0.033172
217.199291	0.009779	-0.000096	-0.033076
217.298980	0.009971	0.000000	-0.033460
217.398628	0.010258	-0.001534	-0.032405
217.498307	0.010354	-0.004602	-0.031063
217.598001	0.010163	-0.004506	-0.028475
217.697690	0.009875	-0.004314	-0.024160
217.797350	0.009396	-0.001150	-0.017928
217.897041	0.009012	0.002301	-0.010354
217.996725	0.008725	0.006519	-0.002876
218.096390	0.008245	0.007670	0.009587
218.196061	0.008149	0.008245	0.021188
218.295734	0.008341	0.008820	0.029721
218.395480	0.008629	0.007478	0.036816
218.495059	0.009012	0.006232	0.042280
218.594735	0.008916	0.006328	0.048225
218.694457	0.008820	0.006424	0.055319
218.893766	0.008820	0.006424	0.067783
218.993430	0.009300	0.002876	0.073343
219.093083	0.009300	0.001055	0.078233
219.192763	0.009683	-0.001150	0.083410
219.292426	0.010067	-0.001726	0.087820
219.392123	0.011025	-0.002013	0.087629
219.491780	0.011121	0.000479	0.085136
219.591449	0.011217	0.001822	0.079863
219.691136	0.011313	0.000575	0.076507
219.790807	0.010930	0.001246	0.073823
219.890489	0.010738	0.000288	0.071905
219.990161	0.010354	0.001534	0.069413
220.089844	0.010163	0.001342	0.067303
220.189545	0.010067	0.001438	0.065098
220.289241	0.009875	0.000671	0.063468
220.388924	0.009587	0.001150	0.062318
220.488615	0.009683	-0.000096	0.060688
220.588306	0.009779	-0.001917	0.058675
220.687967	0.009875	-0.003931	0.057045
220.787653	0.009971	-0.004218	0.054936
220.887337	0.009971	-0.003547	0.051868
220.987036	0.011121	-0.001726	0.049183
221.086684	0.010930	0.000863	0.046595
221.186352	0.010738	0.001534	0.044485
221.286078	0.010450	0.002109	0.042376
221.385752	0.010450	0.000863	0.041130
221.485452	0.010450	0.000479	0.039117
221.585140	0.009779	0.002972	0.037391
221.684826	0.009492	0.003260	0.036049
221.784509	0.009300	0.003835	0.034802
221.884212	0.009300	0.003356	0.033652
221.983860	0.009108	0.003643	0.032597
222.083550	0.009108	0.002876	0.031159
222.183232	0.009108	0.000288	0.029625
222.282933	0.009300	-0.002109	0.027995
222.382606	0.009875	-0.003547	0.026461
222.482235	0.010067	-0.003164	0.024831
222.581959	0.010450	-0.002109	0.022626
222.681640	0.010258	-0.000096	0.021188
222.781333	0.010163	0.000383	0.019654
222.980713	0.010067	-0.000863	0.017449
223.080374	0.009875	-0.000096	0.015723
223.180129	0.009396	0.001822	0.014477
223.279752	0.008916	0.002493	0.013039
223.379435	0.008629	0.003451	0.012080
223.479173	0.008629	0.004602	0.010738
223.578832	0.008629	0.004218	0.010163
223.678478	0.008533	0.002972	0.009396
223.778231	0.008629	0.000096	0.008437
223.877844	0.008725	-0.002301	0.007382
223.977516	0.009108	-0.003547	0.006999
224.077137	0.009683	-0.003451	0.006232
224.176843	0.010258	-0.003451	0.004602
224.276504	0.010163	-0.001342	0.003451
224.376178	0.010163	-0.001342	0.002301
224.475877	0.010067	-0.001630	0.001055
224.575541	0.010450	-0.002684	-0.000096
224.675210	0.010450	-0.002205	-0.001630
224.774887	0.009971	-0.000096	-0.002780
224.874546	0.009587	0.000671	-0.004218
224.974227	0.009108	0.001822	-0.004794
225.073940	0.009108	0.001342	-0.005465
225.173590	0.009108	0.000767	-0.006136
225.273229	0.008820	-0.000288	-0.006136
225.372909	0.008820	-0.002876	-0.006232
225.472618	0.008820	-0.003260	-0.006711
225.572292	0.009587	-0.005177	-0.006711
225.671966	0.009875	-0.003835	-0.007574
225.771649	0.010258	-0.003068	-0.008820
225.871300	0.010163	-0.002205	-0.010067
225.970989	0.010067	-0.001726	-0.011409
226.070663	0.009875	-0.002589	-0.012368
226.170346	0.009971	-0.002780	-0.013710
226.270015	0.010067	-0.001822	-0.015148
226.369711	0.009396	-0.000383	-0.015627
226.469352	0.008916	-0.000192	-0.016778
226.569025	0.008533	-0.001726	-0.016874
226.668726	0.008533	0.001246	-0.016970
226.768398	0.008533	-0.002589	-0.016970
226.868093	0.008341	-0.005848	-0.016490
226.967819	0.009108	-0.004218	-0.015819
227.067476	0.009012	-0.002972	-0.016586
227.167172	0.009492	-0.004890	-0.016586
227.266831	0.009875	-0.002301	-0.017353
227.366503	0.010163	-0.001822	-0.017928
227.466176	0.010450	-0.001055	-0.019654
227.565887	0.010450	-0.001055	-0.020709
227.665563	0.010354	-0.001917	-0.021284
227.765287	0.010546	-0.003356	-0.022147
227.864922	0.010354	-0.001438	-0.022339
227.964591	0.010067	-0.000000	-0.023393
228.064327	0.009492	0.001822	-0.023681
228.163965	0.008916	0.003643	-0.023777
228.263659	0.008725	0.004218	-0.023585
228.363337	0.008916	0.002301	-0.023681
228.463016	0.008916	0.001726	-0.024064
228.562688	0.008725	0.000479	-0.023873
228.662368	0.008629	-0.001342	-0.023873
228.762080	0.008820	-0.000192	-0.024064
228.861749	0.009492	-0.000288	-0.024352
228.961411	0.009971	-0.000383	-0.024735
229.061119	0.010258	0.001246	-0.025886
229.160779	0.010258	0.000863	-0.026365
229.260448	0.010258	0.000575	-0.026749
229.360122	0.010354	-0.000863	-0.027132
229.459829	0.010546	0.001150	-0.027612
229.559494	0.010354	0.001630	-0.028570
229.659187	0.010163	0.000959	-0.028954
229.758871	0.009396	0.004794	-0.029817
229.858560	0.009012	0.005657	-0.029817
229.958253	0.009012	0.004506	-0.030104
230.057929	0.008341	0.003260	-0.030008
230.157601	0.007958	0.002109	-0.029721
230.257333	0.007766	0.000959	-0.029242
230.356967	0.008053	0.001342	-0.028954
230.456651	0.008629	0.001917	-0.028858
230.556336	0.009492	0.001150	-0.028858
230.656020	0.009875	0.002397	-0.029337
230.755695	0.009971	0.001055	-0.029625
230.855397	0.010067	0.000575	-0.030104
230.955063	0.010258	-0.001246	-0.030584
231.054766	0.010354	0.000959	-0.031638
231.154435	0.010163	0.002109	-0.032501
231.254098	0.009587	0.003931	-0.032885
231.353735	0.009012	0.004985	-0.034035
231.453443	0.008725	0.004890	-0.033652
231.553144	0.008725	0.003451	-0.033460
231.652807	0.008725	0.002013	-0.033268
231.752491	0.008437	0.001534	-0.032118
231.852180	0.008149	0.001822	-0.031447
231.951840	0.008437	0.001342	-0.030392
232.051537	0.009012	0.002301	-0.030296
232.151221	0.009779	0.000863	-0.030392
232.250880	0.010163	0.001534	-0.031063
232.350622	0.010258	0.000288	-0.031542
232.450254	0.010450	-0.000863	-0.031830
232.549929	0.010642	-0.002493	-0.032405
232.649592	0.010930	-0.001438	-0.033268
232.749267	0.010546	0.002109	-0.033939
232.848936	0.009971	0.003547	-0.033556
232.948613	0.009779	0.004985	-0.033652
233.048284	0.010642	0.006903	-0.032885
233.147976	0.010834	0.005177	-0.032022
233.247678	0.011025	0.002972	-0.031734
233.347330	0.010642	0.003739	-0.030871
233.447010	0.010354	0.002780	-0.029721
233.546696	0.010834	0.002684	-0.029337
233.646369	0.011505	0.002397	-0.029529
233.746036	0.012176	0.001055	-0.029817
233.845730	0.012464	0.001055	-0.030584
233.945401	0.012655	-0.000288	-0.031351
234.045073	0.012751	-0.000767	-0.031542
234.144771	0.012943	-0.000096	-0.031830
234.244459	0.013135	0.000767	-0.031926
234.344135	0.012655	0.004027	-0.032309
234.443818	0.011409	0.010067	-0.031638
234.543496	0.012080	0.004890	-0.032214
234.643183	0.011888	-0.006903	-0.031734
234.742862	0.011409	0.004985	-0.031638
234.842535	0.010738	0.005561	-0.030584
234.942223	0.011697	-0.006424	-0.031542
235.041902	0.011409	-0.004410	-0.030871
235.141584	0.011025	0.004027	-0.030008
235.241263	0.011409	0.000767	-0.029146
235.340953	0.012368	-0.004794	-0.028858
235.440643	0.012943	-0.005177	-0.028475
235.540311	0.012943	0.001342	-0.028954
235.639992	0.012847	0.001055	-0.029721
235.739668	0.013326	-0.004602	-0.029529
235.839348	0.013518	-0.001342	-0.029529
235.939034	0.013614	0.000479	-0.029817
236.038737	0.013518	0.000383	-0.030392
236.138379	0.012943	0.002397	-0.030296
236.238091	0.012368	0.002205	-0.031447
236.337738	0.011984	0.001822	-0.031159
236.437426	0.011792	0.000479	-0.030775
236.537134	0.011697	0.000863	-0.030584
236.636771	0.011121	0.001534	-0.029721
236.736432	0.010834	0.001246	-0.028858
236.836177	0.010930	0.002013	-0.027899
236.935797	0.011505	0.002109	-0.027324
237.035462	0.012176	-0.000096	-0.026749
237.135094	0.012464	-0.000671	-0.026941
237.234799	0.012655	-0.001055	-0.027420
237.334485	0.012751	-0.000671	-0.027612
237.434142	0.013039	-0.000288	-0.027708
237.633482	0.012943	0.003739	-0.028954
237.733162	0.012368	0.004698	-0.029146
237.832848	0.011888	0.004410	-0.029721
237.932540	0.011697	0.003164	-0.029337
238.032225	0.011601	0.003068	-0.028954
238.131929	0.011505	0.003643	-0.028283
238.231618	0.011025	0.004027	-0.027420
238.331324	0.010738	0.003835	-0.026365
238.431020	0.010738	0.004123	-0.025119
238.530720	0.011121	0.004890	-0.024735
238.630440	0.012080	0.001726	-0.024352
238.730110	0.012368	0.000863	-0.024831
238.829806	0.012847	-0.000096	-0.025311
238.929503	0.012847	0.000575	-0.025790
239.029183	0.013231	0.000383	-0.025790
239.128895	0.013326	0.001246	-0.026653
239.228608	0.012943	0.001917	-0.027132
239.328302	0.011984	0.004123	-0.027036
239.428019	0.011409	0.003451	-0.027132
239.527718	0.011217	0.001630	-0.026749
239.627403	0.011121	0.002205	-0.026269
239.727106	0.011025	0.002397	-0.025886
239.826820	0.010450	0.003547	-0.025119
239.926530	0.010067	0.004027	-0.024352
240.026205	0.010163	0.003164	-0.023393
240.125928	0.010642	0.001917	-0.023201
240.225677	0.011505	-0.001342	-0.023106
240.325336	0.011697	-0.001630	-0.023393
240.425037	0.011888	-0.000863	-0.023681
240.524728	0.011984	-0.000671	-0.023681
240.624420	0.012272	0.000479	-0.023873
240.724115	0.012272	0.001055	-0.023777
240.823825	0.012080	0.002684	-0.024256
240.923527	0.011505	0.003068	-0.024256
241.023213	0.011313	0.001534	-0.024352
241.122882	0.010930	0.002109	-0.023968
241.222610	0.010834	0.002589	-0.023873
241.322325	0.010738	0.003260	-0.023777
241.422015	0.010258	0.004027	-0.023489
241.521716	0.009875	0.003451	-0.022722
241.621430	0.009779	0.003643	-0.021955
241.721132	0.010258	0.000000	-0.020421
241.820835	0.010642	-0.001917	-0.017353
241.920556	0.009587	0.002205	-0.011984
242.020238	0.009683	0.002876	-0.005177
242.119968	0.009683	0.003547	0.000479
242.219649	0.009204	0.006328	0.006424
242.319338	0.008916	0.007191	0.014189
242.419032	0.008533	0.007286	0.023489
242.518763	0.007958	0.006424	0.034131
242.618456	0.007478	0.007095	0.045636
242.718170	0.008245	0.006424	0.051484
242.817855	0.008916	0.005848	0.053114
242.917551	0.008820	0.006999	0.055607
243.017260	0.008245	0.006615	0.058867
243.116978	0.007478	0.006136	0.063468
243.216669	0.007191	0.005369	0.070084
243.316385	0.008245	0.003835	0.071809
243.416091	0.008725	0.002972	0.076411
243.515782	0.007766	0.005561	0.091943
243.615488	0.008437	0.006711	0.103256
243.715209	0.009300	0.005369	0.105941
243.814894	0.010258	0.004890	0.104119
243.914603	0.011888	-0.001438	0.099134
244.014280	0.011792	-0.005848	0.096833
244.114003	0.011121	-0.001534	0.095011
244.213705	0.010163	0.004027	0.092231
244.313422	0.009971	0.003931	0.090313
244.413101	0.009971	0.002493	0.087820
244.512804	0.009683	0.004027	0.086478
244.612516	0.009204	0.002972	0.085328
244.712216	0.008820	-0.002493	0.083698
244.811913	0.008725	-0.007286	0.083027
244.911613	0.008820	-0.005561	0.081684
245.011277	0.009492	-0.001438	0.080055
245.110993	0.010163	-0.004218	0.078521
245.210679	0.011601	-0.005081	0.076795
245.310375	0.012655	-0.002301	0.073727
245.410036	0.012655	0.002301	0.070851
245.509748	0.013135	0.000096	0.069317
245.609417	0.013614	-0.002205	0.066536
245.709108	0.013422	0.000383	0.064235
245.808771	0.012751	0.001342	0.061934
245.908437	0.012176	0.002684	0.060305
246.008138	0.011984	0.003451	0.058962
246.107794	0.011697	0.003643	0.057428
246.207469	0.011505	0.004410	0.055990
246.307164	0.011121	0.003739	0.054552
246.406848	0.010642	0.002780	0.053689
246.506510	0.010354	0.002205	0.052731
246.606200	0.010546	0.002493	0.051580
246.705869	0.011121	0.002013	0.050621
246.805555	0.011601	0.001822	0.049183
246.905238	0.011984	0.000383	0.048225
247.004891	0.011984	0.003068	0.046691
247.104572	0.012272	0.002301	0.044869
247.204247	0.012847	0.000671	0.042951
247.303925	0.013039	0.000383	0.041226
247.403617	0.013326	-0.000192	0.039404
247.503284	0.012559	0.002205	0.037391
247.602965	0.011792	0.004027	0.036144
247.702647	0.011697	0.004123	0.034610
247.802350	0.011505	0.004794	0.033076
247.902037	0.011217	0.004794	0.031447
248.001727	0.010834	0.002493	0.030104
248.101397	0.010354	0.001150	0.029817
248.201042	0.010258	-0.000863	0.029433
248.300753	0.010450	-0.000767	0.029337
248.400443	0.011217	-0.002876	0.029433
248.500138	0.011697	-0.003547	0.028475
248.599837	0.011984	-0.002397	0.027420
248.699506	0.012176	-0.002972	0.026174
248.799186	0.012655	-0.004027	0.024160
248.898871	0.013135	-0.006328	0.022339
248.998561	0.013326	-0.005752	0.020325
249.098248	0.012655	-0.004698	0.018216
249.197925	0.011888	-0.002684	0.016778
249.297696	0.011601	-0.002684	0.014860
249.397278	0.011313	-0.002589	0.013326
249.496956	0.010834	-0.002972	0.012559
249.596636	0.010258	-0.004890	0.012176
249.696318	0.009971	-0.004890	0.012368
249.795984	0.009971	-0.003739	0.012464
249.895635	0.010450	-0.005848	0.012272
249.995347	0.010930	-0.003931	0.011697
250.095050	0.011217	-0.002972	0.011121
250.194725	0.011121	-0.000288	0.009779
250.294405	0.011313	0.001438	0.008437
250.394104	0.011409	0.003835	0.006999
250.493773	0.011313	0.006328	0.005848
250.593473	0.011601	0.004985	0.005369
250.693144	0.011601	0.003643	0.004410
250.792833	0.011409	0.006232	0.003835
250.892543	0.011505	0.004890	0.003451
250.992219	0.011505	0.004794	0.002876
251.091916	0.011601	0.003931	0.002493
251.191592	0.011601	0.003835	0.002013
251.291271	0.011601	0.003068	0.001534
251.390954	0.011505	0.002876	0.000863
251.490643	0.011601	0.002397	0.000192
251.590312	0.011601	0.001917	-0.000671
251.690022	0.011697	0.001150	-0.001630
251.789684	0.011697	0.000575	-0.002397
251.889436	0.011792	-0.000383	-0.003260
251.989055	0.011888	-0.000383	-0.003835
252.088746	0.011888	-0.000959	-0.004218
252.188481	0.011888	-0.001150	-0.004602
252.288145	0.011984	-0.001534	-0.004985
252.387804	0.011888	-0.001342	-0.005273
252.487522	0.011888	-0.000959	-0.005273
252.587177	0.011984	-0.001917	-0.004985
252.686821	0.011888	-0.001150	-0.004985
252.786569	0.011984	-0.001917	-0.004985
252.886230	0.011888	-0.001726	-0.004985
252.985878	0.011888	-0.002109	-0.004890
253.085603	0.011888	-0.002205	-0.004890
253.185252	0.011888	-0.002397	-0.004890
253.384544	0.011888	-0.002684	-0.004890
253.484237	0.011888	-0.002876	-0.004890
253.583913	0.011792	-0.002972	-0.004890
253.683604	0.011792	-0.003164	-0.004890
253.783271	0.011697	-0.003260	-0.004890
253.882959	0.011697	-0.003356	-0.004890
253.982633	0.011697	-0.003547	-0.004890
