0.0	0.0	0.0
0.04335917189623867	-0.025415947454208047	0.0
0.04302222222222222	-0.027076923076923064	0.0
0.04302222222222222	-0.027076923076923064	0.0
0.04302222222222222	-0.027076923076923064	0.0
0.04302222222222222	-0.027076923076923064	0.0
0.04302222222222222	-0.027076923076923064	0.0
0.04302222222222222	-0.027076923076923064	0.0
0.04302222222222222	-0.027076923076923064	0.0
0.04302222222222222	-0.027076923076923064	0.0
0.04302222222222222	-0.027076923076923064	0.0
0.04302222222222222	-0.027076923076923064	0.0
0.04302222222222222	-0.027076923076923064	0.0
0.04302222222222222	-0.027076923076923064	0.0
0.04302222222222222	-0.027076923076923064	0.0
0.04302222222222222	-0.027076923076923064	0.0
0.04302222222222222	-0.027076923076923064	0.0
0.04302222222222222	-0.027076923076923064	0.0
0.04302222222222222	-0.027076923076923064	0.0
0.04302222222222222	-0.027076923076923064	0.0
0.04302222222222222	-0.027076923076923064	0.0
0.04302222222222222	-0.027076923076923064	0.0
0.04302222222222222	-0.027076923076923064	0.0
0.04302222222222222	-0.027076923076923064	0.0
0.04302222222222222	-0.027076923076923064	0.0
0.04302222222222222	-0.027076923076923064	0.0
0.04302222222222222	-0.027076923076923064	0.0
0.04302222222222222	-0.027076923076923064	0.0
0.04302222222222222	-0.027076923076923064	0.0
0.04302222222222222	-0.027076923076923064	0.0
0.04302222222222222	-0.027076923076923064	0.0
0.04302222222222222	-0.027076923076923064	0.0
0.04302222222222222	-0.027076923076923064	0.0
0.04302222222222222	-0.027076923076923064	0.0
0.04302222222222222	-0.027076923076923064	0.0
0.04302222222222222	-0.027076923076923064	0.0
0.04302222222222222	-0.027076923076923064	0.0
0.04302222222222222	-0.027076923076923064	0.0
0.04302222222222222	-0.027076923076923064	0.0
0.04302222222222222	-0.027076923076923064	0.0
0.04302222222222222	-0.027076923076923064	0.0
0.04302222222222222	-0.027076923076923064	0.0
0.04302222222222222	-0.027076923076923064	0.0
0.04302222222222222	-0.027076923076923064	0.0
0.04302222222222222	-0.027076923076923064	0.0
0.04302222222222222	-0.027076923076923064	0.0
0.04302222222222222	-0.027076923076923064	0.0
0.04302222222222222	-0.027076923076923064	0.0
0.04302222222222222	-0.027076923076923064	0.0
0.04302222222222222	-0.027076923076923064	0.0
0.04302222222222222	-0.027076923076923064	0.0
0.04302222222222222	-0.027076923076923064	0.0
0.04302222222222222	-0.027076923076923064	0.0
0.04302222222222222	-0.027076923076923064	0.0
0.04302222222222222	-0.027076923076923064	0.0
0.04302222222222222	-0.027076923076923064	0.0
0.04302222222222222	-0.027076923076923064	0.0
0.04302222222222222	-0.027076923076923064	0.0
0.04302222222222222	-0.027076923076923064	0.0
0.04302222222222222	-0.027076923076923064	0.0
0.04302222222222222	-0.027076923076923064	0.0
0.04302222222222222	-0.027076923076923064	0.0
0.04302222222222222	-0.027076923076923064	0.0
0.04302222222222222	-0.027076923076923064	0.0
0.04302222222222222	-0.027076923076923064	0.0
0.04302222222222222	-0.027076923076923064	0.0
0.04302222222222222	-0.027076923076923064	0.0
0.04302222222222222	-0.027076923076923064	0.0
0.04302222222222222	-0.027076923076923064	0.0
0.04302222222222222	-0.027076923076923064	0.0
0.04302222222222222	-0.027076923076923064	0.0
0.04302222222222222	-0.027076923076923064	0.0
0.04302222222222222	-0.027076923076923064	0.0
0.04302222222222222	-0.027076923076923064	0.0
0.04302222222222222	-0.027076923076923064	0.0
0.04302222222222222	-0.027076923076923064	0.0
0.04302222222222222	-0.027076923076923064	0.0
0.04302222222222222	-0.027076923076923064	0.0
0.04302222222222222	-0.027076923076923064	0.0
0.04302222222222222	-0.027076923076923064	0.0
0.04302222222222222	-0.027076923076923064	0.0
0.04302222222222222	-0.027076923076923064	0.0
0.04302222222222222	-0.027076923076923064	0.0
0.04302222222222222	-0.027076923076923064	0.0
0.04302222222222222	-0.027076923076923064	0.0
0.04302222222222222	-0.027076923076923064	0.0
0.04302222222222222	-0.027076923076923064	0.0
0.04302222222222222	-0.027076923076923064	0.0
0.04302222222222222	-0.027076923076923064	0.0
0.04302222222222222	-0.027076923076923064	0.0
0.04302222222222222	-0.027076923076923064	0.0
0.04302222222222222	-0.027076923076923064	0.0
0.04302222222222222	-0.027076923076923064	0.0
0.04302222222222222	-0.027076923076923064	0.0
0.04302222222222222	-0.027076923076923064	0.0
0.04302222222222222	-0.027076923076923064	0.0
0.04302222222222222	-0.027076923076923064	0.0
0.04302222222222222	-0.027076923076923064	0.0
0.04302222222222222	-0.027076923076923064	0.0
0.04302222222222222	-0.027076923076923064	0.0
0.04302222222222222	-0.027076923076923064	0.0
0.04302222222222222	-0.027076923076923064	-0.00028762139772897655
0.04106666666666666	-0.027076923076923064	-0.00028762139772897655
0.023142063264947343	-0.02463019201199814	0.0005752427954566208
0.0058666666666666685	-0.02369230769230769	0.0005752427954566208
-0.003584169408090086	-0.023846721536343644	0.0005752427954566208
0.0022660814939018717	-0.02360928796248441	0.0005752427954566208
0.029681224273067634	-0.025916384506049658	0.0004793689962139247
0.035199999999999995	-0.027076923076923068	0.0004793689962139247
0.03715555555555555	-0.027076923076923064	0.0007669903939429012
0.03715555555555555	-0.027076923076923064	0.0007669903939429012
0.05084444444444444	-0.030461538461538446	0.0003834951969707845
0.06648888888888889	-0.030461538461538446	0.0003834951969707845
0.08213333333333332	-0.033846153846153824	0.0003834951969707845
0.09730820532637441	-0.03768257687823247	-0.00028762139772897655
0.09730820532637441	-0.03768257687823247	-0.00028762139772897655
0.09730820532637441	-0.03768257687823247	-0.00028762139772897655
0.09730820532637441	-0.03768257687823247	-0.00028762139772897655
0.09730820532637441	-0.03768257687823247	-0.00028762139772897655
0.22737418150884417	-0.0348599842214542	-0.0015339807878858025
0.2351837126906392	-0.03476025458971642	-0.0015339807878858025
0.237982989830165	-0.04998709177724718	-0.0014381069886426623
0.24186161356410515	-0.05059372001629671	-0.0014381069886426623
0.25083450497586346	-0.033915695709812094	-0.001150485590914574
0.2703746253018211	-0.03337599666357727	-0.001150485590914574
0.2796444444444444	-0.043999999999999935	-0.0004793689962148129
0.29137777777777774	-0.043999999999999935	-0.0004793689962148129
0.3075546872279294	-0.035567287413729054	0.0
0.3180956355851664	-0.056523865317348744	0.0
0.3232054271890628	-0.03468335137159756	0.00028762139772808837
0.32711552859030524	-0.03452954493535987	0.00028762139772808837
0.3349357313927901	-0.03422193206288451	0.001342233189399522
0.3584407727707134	-0.03668283504268744	0.001342233189399522
0.37217056064553067	-0.039528254113084575	0.0022050973825855635
0.3819902471191054	-0.04252747961971941	0.0022050973825855635
0.3859003485203478	-0.04237367318348172	0.0023968449810714
0.3917655006222115	-0.042142963529125194	0.0023968449810714
0.39763065272407516	-0.04191225387476867	0.0021092235833424233
0.40088888888888885	-0.05753846153846145	0.0021092235833424233
0.40587268912806473	-0.07389057603599448	0.0014381069886426623
0.428942990111788	-0.04444031048945851	0.0014381069886426623
0.428942990111788	-0.04444031048945851	0.0014381069886426623
0.4915922144348102	-0.048801626916511964	-0.00019174759848583633
0.5052917401696484	-0.04783380166991945	-0.00019174759848583633
0.5346038178188546	-0.04714733447866411	0.0
0.5893625958654694	-0.04938980403934939	0.0
0.6081777777777777	-0.07107692307692294	0.0
0.6147919430288596	-0.04796191233073646	0.0
0.6578603014557576	-0.04917760247056832	-9.587379924314021e-05
0.6688	-0.07446153846153832	-9.587379924314021e-05
0.6931231943943756	-0.055170911423393164	-9.587379924314021e-05
0.7029411645872319	-0.058186921247872	-9.587379924314021e-05
0.7086789393752647	-0.10791430274415764	-0.00038349519697167267
0.7411555555555555	-0.08799999999999984	-0.00038349519697167267
0.7675442584969357	-0.06252703294651225	-0.0004793689962148129
0.8252444444444444	-0.09476923076923058	-0.0004793689962148129
0.8252444444444444	-0.09476923076923058	-0.0004793689962148129
0.9427618511750046	-0.08081684771449599	-0.0004793689962148129
0.9691152323639229	-0.14432790776808868	9.587379924269612e-05
0.9751150219726137	-0.043358580826233284	9.587379924269612e-05
0.9908563544865449	-0.10905450210003632	9.587379924269612e-05
1.0011875150154141	-0.07027474622917591	0.0015339807878853584
1.0494515120279946	-0.04375203437275081	0.0015339807878853584
1.0807504100779246	-0.04459070071108085	0.0021092235833424233
1.1003731443595093	-0.04847347693096131	0.0021092235833424233
1.1003731443595093	-0.04847347693096131	0.0021092235833424233
1.1755339831533456	-0.07513949997352694	0.002972087776528465
1.1892093721485275	-0.07408754697389755	0.002972087776528465
1.2333764329952457	-0.04887682202732306	0.003067961575771161
1.2685677448549184	-0.04752331003272027	0.003067961575771161
1.280298182141476	-0.04707213936785267	0.0023968449810714
1.339638651095528	-0.06251606397797439	0.0023968449810714
1.3573859953064826	-0.06612529313995137	0.0017257283863711947
1.3632463264781405	-0.065653531238834	0.0017257283863711947
1.4083572478227637	-0.06879861057961645	0.0017257283863711947
1.4083572478227637	-0.06879861057961645	0.0017257283863711947
1.5111739589556794	-0.07981861815568587	0.0022050973825855635
1.5519980047480955	-0.07336812386181181	0.0015339807878853584
1.5628226692531815	-0.06270448683166191	0.0015339807878853584
1.570714839751127	-0.0629469869648763	0.0015339807878853584
1.5804815504310994	-0.06214203828246101	0.000671116594699761
1.6282830415573497	-0.06823485072553442	0.000671116594699761
1.6430430682319508	-0.06007101540894506	0.000671116594699761
1.6520382083393486	-0.053217026938238515	0.0007669903939429012
1.661582974845832	-0.0676066817890508	0.0007669903939429012
1.6753747728290727	-0.06933414636438077	0.0007669903939429012
1.6831780269511691	-0.06839189295965532	0.0023009711818282597
1.6940143207482319	-0.06274433284861013	0.0023009711818282597
1.7167067585434508	-0.06090660900091554	0.003067961575771161
1.749913996797705	-0.07051196312028757	0.003067961575771161
1.749913996797705	-0.07051196312028757	0.003067961575771161
1.8163176710625248	-0.06592386861641868	0.003930825768956758
1.842839475154058	-0.06431687251900131	0.003930825768956758
1.8467463626018301	-0.06400236458492306	0.0041225733674421505
1.850577232315514	-0.06386857497749777	0.0041225733674421505
1.8566044390688825	-0.0665970550410686	0.0041225733674421505
1.878939896351443	-0.06171759800951674	0.0040266995681998985
1.8897739728135656	-0.06408767404118382	0.003643204371228226
1.8897739728135656	-0.06408767404118382	0.003643204371228226
1.8897739728135656	-0.06408767404118382	0.003643204371228226
1.9718019412846073	-0.05392105046603382	0.003643204371228226
1.969085628564269	-0.061010907955972665	0.003643204371228226
1.9671348150337449	-0.06124647130715402	0.0032597091742569972
1.9671348150337449	-0.06124647130715402	0.0032597091742569972
1.968223304873252	-0.06777645979386199	0.0027803401780421844
1.9740030447386951	-0.0679261079760682	0.0027803401780421844
1.9740030447386951	-0.0679261079760682	0.0027803401780421844
1.9740030447386951	-0.0679261079760682	0.0027803401780421844
1.9740030447386951	-0.0679261079760682	0.0027803401780421844
1.9740030447386951	-0.0679261079760682	0.0027803401780421844
2.1902080738613567	-0.05127428944047636	0.0028762139772853246
2.1883441618961244	-0.07951792753488228	0.002972087776528465
2.188033474189617	-0.050206502404559164	0.002972087776528465
2.18671285676609	-0.03291692034263692	0.0040266995681998985
2.1852552442642668	-0.06183980847821248	0.0040266995681998985
2.1872815754913515	-0.06030689635950358	0.004314320965927987
2.194423122654457	-0.034462410679692204	0.004314320965927987
2.2068319691233316	-0.06356801697760359	0.005081311359870888
2.2196249731060638	-0.0782874760449808	0.005081311359870888
2.2196249731060638	-0.0782874760449808	0.005081311359870888
2.2196249731060638	-0.0782874760449808	0.005081311359870888
2.2196249731060638	-0.0782874760449808	0.005081311359870888
2.2196249731060638	-0.0782874760449808	0.005081311359870888
2.393952679567479	-0.053583621400381504	0.005177185159114028
2.401713026679076	-0.054185890971441636	0.004601942363656963
2.409391400750488	-0.04992737921487851	0.004985437560627748
2.4152456307054875	-0.04926657566644629	0.004985437560627748
2.4211397382686624	-0.047054524675124915	0.004601942363656963
2.432808320570486	-0.04728416502114965	0.004985437560627748
2.4593824698782876	-0.07000538646698147	0.004985437560627748
2.542432375291227	-0.04685718011324341	0.005177185159114028
2.547469183638979	-0.07029317839490327	0.005177185159114028
2.549498144802603	-0.06770068947614749	0.005177185159114028
2.5620181333566125	-0.040975710482644645	0.005656554155327953
2.5717742549000993	-0.03985000415070385	0.006615292147756691
2.5836116823728634	-0.04187627554819728	0.006615292147756691
2.593298128072645	-0.04462930805264442	0.007094661143970615
2.637631849684496	-0.07248002069243466	0.0077657777386712645
2.637631849684496	-0.07248002069243466	0.0077657777386712645
2.637631849684496	-0.07248002069243466	0.0077657777386712645
2.637631849684496	-0.07248002069243466	0.0077657777386712645
2.637631849684496	-0.07248002069243466	0.0077657777386712645
2.637631849684496	-0.07248002069243466	0.0077657777386712645
2.637631849684496	-0.07248002069243466	0.0077657777386712645
2.637631849684496	-0.07248002069243466	0.0077657777386712645
2.637631849684496	-0.07248002069243466	0.0077657777386712645
2.637631849684496	-0.07248002069243466	0.0077657777386712645
2.637631849684496	-0.07248002069243466	0.0077657777386712645
2.637631849684496	-0.07248002069243466	0.0077657777386712645
2.637631849684496	-0.07248002069243466	0.0077657777386712645
2.637631849684496	-0.07248002069243466	0.0077657777386712645
2.637631849684496	-0.07248002069243466	0.0077657777386712645
2.637631849684496	-0.07248002069243466	0.0077657777386712645
2.9143030833943406	-0.10805681840735475	0.008724515731099114
2.9222057175341623	-0.10898731047991	0.010258496518984916
2.9220145935379547	-0.10536611266965798	0.012559467700813176
2.9258057144500165	-0.16325698647929549	0.012751215299299012
2.9275161788146145	-0.1599728076185776	0.012751215299299012
2.9669371476923403	-0.10198401430803829	0.013230584295513381
2.9827627103487324	-0.1051409714032698	0.011888351106113415
3.0102099322910756	-0.10536611266965798	0.011696603507627579
3.0102099322910756	-0.10536611266965798	0.011696603507627579
3.0102099322910756	-0.10536611266965798	0.011696603507627579
3.072868278284527	-0.1029149101450729	0.010450244117470753
3.088569280707002	-0.10247005776389231	0.012175972503842392
3.0924215164975246	-0.10266441747300006	0.013901700890213142
3.1010002504424747	-0.082428031470959	0.014093448488698979
3.119350926914499	-0.12151745678795846	0.014093448488698979
3.119350926914499	-0.12151745678795846	0.014093448488698979
3.1636505416361413	-0.08176173282951997	0.01370995329172775
3.1761478513273453	-0.11766861270264557	0.01370995329172775
3.1842591406268808	-0.095459896948579	0.013134710496270241
3.198087044955498	-0.0960313261649351	0.011888351106113415
3.205890299077595	-0.09508907276020966	0.011217234511413654
3.217510242974624	-0.09263109362050928	0.012080098704599251
3.2310885240356177	-0.0900565065552632	0.013038836697027989
3.244993365855799	-0.09139352350756783	0.014189322287942119
3.2488081967491267	-0.08990667903421969	0.014572817484913791
3.2476986958433516	-0.07579641211285741	0.015531555477341641
3.2525519914312886	-0.08757995262499346	0.015723303075827477
3.264047140575786	-0.10637580192861094	0.015915050674313314
3.27364876361672	-0.10353155183957947	0.015915050674313314
3.2801573165070845	-0.08951407344891742	0.015723303075827477
3.295006000633966	-0.10128952008466079	0.015531555477341641
3.295006000633966	-0.10128952008466079	0.015531555477341641
3.295006000633966	-0.10128952008466079	0.015531555477341641
3.3696024572335053	-0.09828051930873025	0.01476456508339874
3.3733789681282382	-0.09683146253655209	0.01486043888264188
3.353903723201759	-0.09989574932568349	0.015723303075827477
3.3480611497238146	-0.1008150353624229	0.016010924473556454
3.337003115431428	-0.08943555233185696	0.016682041068256215
3.33301984383842	-0.08917757314584236	0.018216021856142017
3.348707996614573	-0.0880221722247688	0.018695390852355942
3.3693715542687723	-0.09664458647131094	0.018216021856142017
3.3820079299030557	-0.08739400328828516	0.017736652859927204
3.3820079299030557	-0.08739400328828516	0.017736652859927204
3.3820079299030557	-0.08739400328828516	0.017736652859927204
3.3820079299030557	-0.08739400328828516	0.017736652859927204
3.3820079299030557	-0.08739400328828516	0.017736652859927204
3.5062651506433484	-0.08307603705522651	0.01716141006447014
3.5041002027518915	-0.07228439168089375	0.01716141006447014
3.4971720674076225	-0.07659140963816749	0.016873788666741607
3.488559679098203	-0.08252742171618258	0.016969662465984303
3.4827182319643826	-0.08346790515454364	0.01802427425765618
3.4746615992046173	-0.07107879310168365	0.01888713845084178
3.476876784830562	-0.08440838859290468	0.019941750242512768
3.4827182319643826	-0.08346790515454364	0.020229371640241745
3.4905068281428098	-0.08221392723672889	0.019845876443270516
3.5050452855956493	-0.0759299201974589	0.019845876443270516
3.515690141496371	-0.0708565484750358	0.019845876443270516
3.52973171428158	-0.07958129375051434	0.019845876443270516
3.545115218843558	-0.0766071697282849	0.01975000264402782
3.545115218843558	-0.0766071697282849	0.01975000264402782
3.5911532874778556	-0.07231794881267802	0.018791264651599082
3.6020377141164492	-0.07445493887025019	0.017736652859927204
3.6059320122056624	-0.07382794991134281	0.017832526659170345
3.604078897851729	-0.07412612442084197	0.016873788666741607
3.603895048985296	-0.07415574029697979	0.017736652859927204
3.602926538831866	-0.07428906265505619	0.01888713845084178
3.606019621159094	-0.07722002708611118	0.01975000264402782
3.606113142349347	-0.07719801556546993	0.02070874063645567
3.6109336293222403	-0.07671513136806343	0.02032524543948444
3.614765718651687	-0.07628443004041928	0.02042111923872758
3.619924315805279	-0.07837361986342124	0.020996362034184646
3.6237243892740754	-0.07783288444393748	0.02080461443569881
3.6303739257549714	-0.07444255245393028	0.02080461443569881
3.63434339168853	-0.07388837115388709	0.02080461443569881
3.6421466458106266	-0.07294611774916164	0.020516993037970277
3.6499498999327233	-0.07200386434443619	0.020229371640241745
3.668517452604978	-0.07078502482893526	0.01965412884478468
3.668517452604978	-0.07078502482893526	0.01965412884478468
3.668517452604978	-0.07078502482893526	0.01965412884478468
3.668517452604978	-0.07078502482893526	0.01965412884478468
3.796686154716892	-0.055824230160186415	0.019462381246298843
3.7986942500847105	-0.06814947070009279	0.019941750242512768
3.7878475896999526	-0.06220502181936738	0.019941750242512768
3.7750898613004438	-0.06799266244922367	0.019941750242512768
3.749713596528599	-0.06674294950138578	0.02032524543948444
3.736968205291076	-0.07029252326648797	0.02080461443569881
3.730009270530768	-0.06607735841529272	0.02080461443569881
3.725070364214045	-0.06144491797292225	0.02080461443569881
3.736753258481685	-0.05956395109620015	0.020900488234941506
3.7445418546601124	-0.058309973178385405	0.020900488234941506
3.7515283067895515	-0.06313097811660491	0.020900488234941506
3.765127736513158	-0.06193313384569246	0.02042111923872758
3.765127736513158	-0.06193313384569246	0.02042111923872758
3.765127736513158	-0.06193313384569246	0.02042111923872758
3.8390621676468277	-0.04597349377823616	0.020612866837212973
3.844263573434932	-0.054165919394385836	0.020612866837212973
3.839587122202282	-0.05928344338064266	0.020612866837212973
3.8356854951412336	-0.05975457008300539	0.02070874063645567
3.8356307174626534	-0.06039823585695161	0.020900488234941506
3.836358654335002	-0.051173589378494345	0.020900488234941506
3.8434887492633303	-0.05881231667827994	0.020612866837212973
3.861853520420575	-0.050560732020668075	0.020612866837212973
3.8715911428838146	-0.049028588626102376	0.020612866837212973
3.8747842597132225	-0.05917031746595892	0.02147573103039857
3.8767886825518123	-0.058184147741796303	0.02147573103039857
3.8767886825518123	-0.058184147741796303	0.021571604829641267
3.880637337376954	-0.05847961337102554	0.021859226227370243
3.8859816724452543	-0.03913276080402577	0.021859226227370243
3.893249702624965	-0.0479646553564138	0.022434469022827308
3.8976944785448593	-0.035496079121463124	0.022434469022827308
3.9028729795010135	-0.04854704808791427	0.02281796421979898
3.9080847243000596	-0.05863310316989962	0.02281796421979898
3.91003575018797	-0.05840286847158849	0.02281796421979898
3.9048761069399798	-0.04719001655262354	0.02281796421979898
3.8990911497587852	-0.04702417191805275	0.02272209042055584
3.893249702624965	-0.0479646553564138	0.02272209042055584
3.893190959984092	-0.049028588626102376	0.02272209042055584
3.891810823273354	-0.037986293202345325	0.022913838019041233
3.889295910998796	-0.04964144598392865	0.02281796421979898
3.891243435491444	-0.049335017305015515	0.02281796421979898
3.893249702624965	-0.0479646553564138	0.022530342822070004
3.8944821075961014	-0.059440485614763575	0.02205097382585608
3.8983837346571497	-0.05896935891240085	0.02205097382585608
3.9056329763733175	-0.0386741737633536	0.021763352428127547
3.918027973231963	-0.05999013343418675	0.021188109632670482
3.9258312273540596	-0.05904788002946129	0.021188109632670482
3.9363905941846467	-0.049028588626102376	0.021188109632670482
3.9441806921552387	-0.04780287391044982	0.021283983431913178
3.96303278770359	-0.05794858439061494	0.021283983431913178
3.998179840594843	-0.05921215306008548	0.02070874063645567
4.031431294509743	-0.05983943244136168	0.02070874063645567
4.043288348994223	-0.055043303059378136	0.020516993037970277
4.052278773777107	-0.021422743786962403	0.020516993037970277
4.0561310522988006	-0.022700058513272694	0.01965412884478468
4.0561310522988006	-0.022700058513272694	0.01965412884478468
4.0580741025748335	-0.022317902646045877	0.020133497840998604
4.0619602031269	-0.021553590911592257	0.019845876443270516
4.067758496046097	-0.022426094525968908	0.019845876443270516
4.073248451713453	-0.037690727506316225	0.019462381246298843
4.080440124897978	-0.05525632759466973	0.019462381246298843
4.09019525433753	-0.054105154103114096	0.019462381246298843
4.102959158490933	-0.019062180347073604	0.01898301225008492
4.117464686666542	-0.052232773802052566	0.01898301225008492
4.124105276721807	-0.013751777589482655	0.01898301225008492
4.128023912512029	-0.008560291425880533	0.018120148056898877
4.14083751953832	-0.050881873229280575	0.018120148056898877
4.14864315947832	-0.050000801831370956	0.01792840045841304
4.155436219681699	-0.008970437810387628	0.01792840045841304
4.161254582280913	-0.010167537685840935	0.01792840045841304
4.164959150549056	-0.02665929506544322	0.017449031462199116
4.168822898902789	-0.028019438248271446	0.017832526659170345
4.174696773012297	-0.02512715167087752	0.017832526659170345
4.181944395091904	-0.04963368874890863	0.017832526659170345
4.192571573656678	-0.007680514079232418	0.017832526659170345
4.198411261562204	-0.004111450663094383	0.017832526659170345
4.20423620202336	-0.00548608148516606	0.01840776945462741
4.217277986036432	-0.045893449863350616	0.01840776945462741
4.241604033192881	0.00015286234689088036	0.01888713845084178
4.259305081595048	-0.0053397859788949864	0.01898301225008492
4.273125130420791	-0.006144411263385992	0.01898301225008492
4.282665393698797	-0.027495010259667402	0.019366507447055703
4.291859683594828	-0.054185890971441664	0.019270633647813007
4.298609807613214	-0.004754603953810616	0.018311895655384713
4.302498017068775	-0.0040231264224551725	0.01802427425765618
4.303611485716271	-0.05110706747011176	0.017449031462199116
4.310274435979896	-0.0025601713597442595	0.016682041068256215
4.325817598565503	0.00649664974285603	0.016682041068256215
4.3355477974410395	0.0021944325940661644	0.015819176875070617
4.349016173080263	-0.02554431814218405	0.015819176875070617
4.3587587313729435	-0.024109244089252364	0.014956312681884576
4.392049260347508	-0.0226024163336741	0.014956312681884576
4.405335313009694	-0.04615395960957227	0.014189322287942119
4.416966274264815	-0.048797584811184465	0.014189322287942119
4.4253992463814935	0.012288822526771383	0.014189322287942119
4.434603677640155	-0.0427768406137499	0.014189322287942119
4.440777003769924	-0.012754545055562085	0.01370995329172775
4.448581090487047	-0.008765439238095491	0.01370995329172775
4.452336667675394	0.02797380948100304	0.01370995329172775
4.468064780677538	-0.0027578581102183537	0.01370995329172775
4.468064780677538	-0.0027578581102183537	0.01370995329172775
4.468064780677538	-0.0027578581102183537	0.01370995329172775
4.468064780677538	-0.0027578581102183537	0.01370995329172775
4.459900457152442	-0.03187957352654424	0.014381069886427955
4.459900457152442	-0.03187957352654424	0.01486043888264188
4.462043073711974	-0.003296404499796492	0.01486043888264188
4.465723396262861	-0.03353752105398683	0.01476456508339874
4.465723396262861	-0.03353752105398683	0.01476456508339874
4.465723396262861	-0.03353752105398683	0.01476456508339874
4.465723396262861	-0.03353752105398683	0.01476456508339874
4.465723396262861	-0.03353752105398683	0.01476456508339874
4.465723396262861	-0.03353752105398683	0.01476456508339874
4.6216736952160415	-0.09524042020136884	0.013230584295513381
4.62913439627371	-0.12808718778569225	0.013230584295513381
4.6271868717810625	-0.1283936164646054	0.012080098704599251
4.623468870476916	-0.1323771892904762	0.012080098704599251
4.623890770088667	-0.10176373665351736	0.011600729708384439
4.627792821864489	-0.10130326725689512	0.011600729708384439
4.63169487364031	-0.10084279786027286	0.010641991715956589
4.649216219249416	-0.09831288348341487	0.010641991715956589
4.657021859189416	-0.09743181208550525	0.01006674892049908
4.6669463641150575	-0.10007534886590244	0.00891626332958495
4.678353651633358	-0.13053861721699742	0.00891626332958495
4.700246828701895	-0.09953813456984315	0.00891626332958495
4.713949533062006	-0.09951243974356587	0.008053399136399353
4.727694215625	-0.09969162436871722	0.008053399136399353
4.727694215625	-0.09969162436871722	0.008053399136399353
4.779350042889989	-0.07029252326648817	0.0071905349432133114
4.788176018150228	-0.09255434872107231	0.0071905349432133114
4.7901270440381385	-0.0923241140227612	0.0071905349432133114
4.7901270440381385	-0.0923241140227612	0.006998787344728363
4.799882173477691	-0.09117294053120556	0.006998787344728363
4.807686277029333	-0.09025200173796108	0.007094661143970615
4.817364421422966	-0.08757995262499349	0.007094661143970615
4.827120542966453	-0.08645424629305269	0.006902913545485223
4.85788000031927	-0.10908860969307763	0.006902913545485223
4.870252129934829	-0.08626126696723489	0.006807039746242527
4.876183883176	-0.0870013977029829	0.006807039746242527
4.8839093111502025	-0.084649624079057	0.006135923151542322
4.8917134147018455	-0.08372868528581251	0.006135923151542322
4.916482782779858	-0.103266464793728	0.005560680356084813
4.929907604277927	-0.0640876740411839	0.004985437560627748
4.942706136772235	-0.08449613428018289	0.004985437560627748
4.9475782477892025	-0.06608561112160449	0.004985437560627748
4.960398394255788	-0.08580079757061261	0.0046978161628996595
4.966251471919519	-0.08511009347567923	0.003930825768956758
4.973063045215012	-0.06746879833112644	0.003930825768956758
4.985177283065986	-0.10265360743590171	0.002588592579556348
5.00930706594591	-0.0834217056880643	0.002588592579556348
5.026137784200336	-0.0982927887212093	0.002588592579556348
5.0367544528690145	-0.08357519548693837	0.0015339807878853584
5.04556353642422	-0.06919174549721425	0.0010546117916709896
5.068261069114073	-0.08512378310863176	0.0010546117916709896
5.079810046895405	-0.08188680769932344	0.0004793689962139247
5.085663124559137	-0.08119610360439006	0.0004793689962139247
5.091668099936768	-0.08223005677066128	0.0004793689962139247
5.100301506563136	-0.0653618330121222	0.0005752427954566208
5.108114875107114	-0.06471787406618996	0.0005752427954566208
5.120018080399914	-0.0892675530244368	0.0005752427954566208
5.126778646170809	-0.07788946726370556	0.0005752427954566208
5.140360329414191	-0.07545879349509618	-0.00019174759848583633
5.1500469788601855	-0.07359835856012292	-9.587379924314021e-05
5.158915592295915	-0.06301186176711124	-9.587379924314021e-05
5.170932804735863	-0.08535735539369686	-0.0005752427954570649
5.1873159574163425	-0.07318168110034301	-0.0005752427954570649
5.193237894399531	-0.07306659003375474	-0.0005752427954570649
5.203974193754231	-0.06321609474972753	-0.0007669903939429012
5.221687767871364	-0.06552282274860524	-0.0007669903939429012
5.230506061627017	-0.0747521034415521	-0.001150485590914574
5.237364452755538	-0.06730469789274471	-0.001150485590914574
5.246321696443856	-0.07668374795621784	-0.0015339807878858025
5.2540519272628785	-0.07530175126097527	-0.0017257283863716388
5.269724680484518	-0.07643791983929343	-0.0017257283863716388
5.2746615992046175	-0.07107879310168365	-0.0017257283863716388
5.288459960875618	-0.0821228859487214	-0.0023009711818287037
5.297242031473553	-0.07687217360218435	-0.003067961575771605
5.317684992286671	-0.07084992262106896	-0.003067961575771605
5.327452684679839	-0.07008148528244564	-0.004122573367443039
5.338345218884132	-0.07530175126097526	-0.004122573367443039
5.347120732683645	-0.07202231690391836	-0.004697816162900104
5.367743525111566	-0.07514470902685436	-0.004697816162900104
5.377497592764187	-0.07396689227094755	-0.004697816162900104
5.383350033355759	-0.07326020221740347	-0.005560680356085701
5.391153287477856	-0.07231794881267802	-0.005464806556843005
5.406759795722049	-0.07043344200322711	-0.005464806556843005
5.416450695554882	-0.0693006441916485	-0.00488956376138594
5.428097630045243	-0.06799266244922368	-0.00488956376138594
5.433163114382251	-0.06848410264553807	-0.004985437560628636
5.434009928546078	-0.06722853190684837	-0.004985437560628636
5.430169558088339	-0.06760668178905078	-0.005081311359871332
5.434009928546078	-0.06722853190684837	-0.005081311359871332
5.437911980321899	-0.06676806251022613	-0.005081311359871332
5.455414770367006	-0.06484068471978946	-0.005081311359871332
5.467177368640558	-0.06331454203555924	-0.0035473305719855297
5.484683134997466	-0.0614635657239671	-0.0035473305719855297
5.492595591065112	-0.06006865455124721	-0.0028762139772857687
5.498448031656685	-0.05936196449770312	-0.0028762139772857687
5.5082020993093055	-0.05818414774179632	-0.0022050973825855635
5.513180124160125	-0.06244092447800075	-0.0022050973825855635
5.522694043036822	-0.05546359088327828	-0.0022050973825855635
5.527019270976401	-0.06431687251900128	-0.0022050973825855635
5.539687322336835	-0.06116795019009355	-0.001246359390156826
5.544691122338998	-0.06628254710699032	-0.001246359390156826
5.550383301793933	-0.05736948974002435	-0.0014381069886426623
5.553479120320076	-0.06289541476542355	-0.0014381069886426623
5.564274826612361	-0.06839092313747432	-0.0006711165947002051
5.571113838669247	-0.06461920532598892	-0.0006711165947002051
5.5749597796798644	-0.06461554345340129	-0.0006711165947002051
5.577024985955937	-0.06344506258484671	-0.0006711165947002051
5.591672515599137	-0.06995487447535341	-0.0006711165947002051
5.602521665122323	-0.06375914705308854	-0.0006711165947002051
5.606423292183371	-0.06328802035072581	-0.0004793689962148129
5.612275732774944	-0.06258133029718173	-0.0004793689962148129
5.623101444837306	-0.07013526929944883	-0.0006711165947002051
5.628961776008963	-0.06966350739833145	-0.0006711165947002051
5.6366012501876845	-0.05368592960644355	-0.0009587379924287376
5.643624852532902	-0.06218872471187945	-0.0009587379924287376
5.655329733716047	-0.06077534460479128	-0.001150485590914574
5.660307733438762	-0.07052840421704662	-0.001150485590914574
5.667170718168763	-0.06273837253130264	-0.0015339807878858025
5.67497397229086	-0.06179611912657718	-0.0015339807878858025
5.680826412882433	-0.061089429073033094	-0.0007669903939429012
5.684728039943481	-0.060618302370670375	-0.0007669903939429012
5.688521034446051	-0.06168870699035523	-0.0004793689962148129
5.692476517196775	-0.06047498075638862	-0.0004793689962148129
5.69838373465715	-0.05896935891240085	0.0
5.700334548187674	-0.058733795561219486	0.0
5.7041308289156305	-0.05988757685924996	0.0009587379924287376
5.7060820532243275	-0.0596624355928618	0.0009587379924287376
5.712039429370819	-0.057320415454131315	0.0015339807878853584
5.717839853739613	-0.057481929678343986	0.0015339807878853584
5.7198426834929155	-0.05637816204940587	0.0018216021856138909
5.72179349702344	-0.05614259869822451	0.0018216021856138909
5.728195359522179	-0.044651297315427316	0.0026844663787994882
5.7315475646760605	-0.05496478194231771	0.0026844663787994882
5.7373016421634855	-0.05606017533065127	0.002972087776528465
5.74120409078088	-0.055609892797874955	0.002972087776528465
5.745106539398275	-0.05515961026509864	0.0033555829734992493
5.746309093939571	-0.067622485798851	0.0033555829734992493
5.752169709375472	-0.067161423395677	0.003643204371228226
5.758995057372971	-0.055043303059378136	0.003643204371228226
5.764748864105829	-0.05628531659703943	0.004314320965927987
5.766798311495068	-0.0541010496546527	0.004314320965927987
5.7725537613406175	-0.05538475153148679	0.0047936899621419116
5.776456209958012	-0.054934468998710476	0.0047936899621419116
5.780358658575407	-0.05448418646593416	0.0052730589583567244
5.784261107192802	-0.054033903933157844	0.0052730589583567244
5.788163555810197	-0.05358362140038153	0.006423544549270854
5.792111861972572	-0.05210978671775106	0.006423544549270854
5.798711377949381	-0.03922287090088191	0.007094661143970615
5.802000015904483	-0.05433538880142525	0.007094661143970615
5.805902067680304	-0.053874919404803	0.007669903939428124
5.809804119456125	-0.05341445000818075	0.007669903939428124
5.815657197119856	-0.05272374591324737	0.00824514673488519
5.817608223007767	-0.05249351121493624	0.00824514673488519
5.819559248895677	-0.052263276516625115	0.008532768132614166
5.826108562270684	-0.0397816088498186	0.008532768132614166
5.831398428715498	-0.0542586439019882	0.008532768132614166
5.833349454603408	-0.05402840920367707	0.009395632325798875
5.836068438671992	-0.04014215693762134	0.009395632325798875
5.839335556759498	-0.05671448068397353	0.009779127522770992
5.84713966031114	-0.05579354189072903	0.009779127522770992
5.851825682294326	-0.041061442974360755	0.009779127522770992
5.856976733096924	-0.05921215306008547	0.009779127522770992
5.862830406023016	-0.058536729260920996	0.009779127522770992
5.864831917794693	-0.05709820518115873	0.009779127522770992
5.866834214630085	-0.055592950878801325	0.009683253723527852
5.869953205398764	-0.02338793907428097	0.009683253723527852
5.871477974901955	-0.04136787165327391	0.009970875121256828
5.8746678334957805	-0.060563000658414426	0.009970875121256828
5.880521506421872	-0.05988757685924995	0.009970875121256828
5.884527639674374	-0.0568492887517686	0.010162622719741776
5.892279304717799	-0.0572516949800328	0.010162622719741776
5.90802053631344	-0.058786592968773636	0.010641991715956589
5.913822401290307	-0.059437294326473614	0.010641991715956589
5.92091411491109	-0.020177829789575694	0.010641991715956589
5.927559447249083	-0.06255606925158301	0.010641991715956589
5.939267907159081	-0.06123446215471858	0.010929613113684677
5.953107050705414	-0.06168870699035521	0.010929613113684677
5.9590132583838304	-0.05955404196314401	0.010929613113684677
5.964866336047562	-0.05886333786821063	0.010929613113684677
5.973792393349251	-0.01906218034707359	0.010641991715956589
5.9811576690374215	-0.041635526388271726	0.010450244117470753
5.988307688521251	-0.06248264663509055	0.010546117916713449
5.9923137229706676	-0.05901682766708471	0.010546117916713449
6.00196755841625	-0.06094077168874872	0.01006674892049908
6.005970904186041	-0.057405184778906826	0.01006674892049908
6.011773861586915	-0.05831158799453282	0.010258496518984916
6.015627428311249	-0.05939889674240689	0.010258496518984916
6.017578838296249	-0.05917862889292949	0.010258496518984916
6.026255301222784	-0.011557344995416323	0.010258496518984916
6.040995758116247	-0.05653541469920064	0.01006674892049908
6.046895899143468	-0.054259045199545976	0.01006674892049908
6.050798347760862	-0.05380876266676965	0.009875001322013688
6.056607037996245	-0.0547732719033814	0.009875001322013688
6.062505693613047	-0.0524579150684407	0.009875001322013688
6.072299921048113	-0.05799654041623839	0.01006674892049908
6.078245569703205	-0.054033903933157816	0.010354370318227613
6.092777493429874	-0.005851820250843795	0.010354370318227613
6.099792589403415	-0.0566822599321856	0.011504855909142186
6.105739273454196	-0.052416766315499096	0.011504855909142186
6.11154646457164	-0.05358362140038148	0.011984224905356555
6.12715625904122	-0.05178249126927622	0.011984224905356555
6.133810600837367	0.004662301580167318	0.011984224905356555
6.139500068857412	-0.025547134873423926	0.01236772010232734
6.15912185248701	-0.028441169434241926	0.012847089098542153
6.192017922172754	-0.05983943244136173	0.012847089098542153
6.197872152127754	-0.05917862889292952	0.013038836697027989
6.203822665819154	-0.054412133700862134	0.013038836697027989
6.222131067929787	0.008407429078990123	0.01246359390157048
6.231221555505079	-0.05673559912981568	0.01246359390157048
6.242976208069723	-0.05318421530986945	0.01131310831065635
6.257326774066116	0.011923263057476836	0.01131310831065635
6.257326774066116	0.011923263057476836	0.01131310831065635
6.346861433421346	-0.16782667996580253	0.009683253723527852
6.350659167290797	-0.13214683610065217	0.009683253723527852
6.356510924996471	-0.13142340451615955	0.009491506125042015
6.374480406811867	-0.09514493426148826	0.009299758526556623
6.381633323016422	-0.12371277789251127	0.009108010928070787
6.383819127622948	-0.12804739045519398	0.009203884727313927
6.40699665955926	-0.12071972681446663	0.009203884727313927
6.416751788998813	-0.11956855332291101	0.009491506125042015
6.442248150034008	-0.11995227782009622	0.009779127522770992
6.4538518243541265	-0.11662317598906588	0.009779127522770992
6.463709434801023	-0.11741969613867384	0.010929613113684677
6.471513538352666	-0.11649875734542933	0.010929613113684677
6.488799464821197	-0.1424893356946098	0.011696603507627579
6.496778759145468	-0.1116700681285264	0.011696603507627579
6.504583656380258	-0.11076950306297377	0.012080098704599251
6.5092465533959185	-0.08483548218401324	0.012080098704599251
6.528104050036456	-0.14310219305243613	0.011792477306870719
6.53616344163843	-0.11565456345162185	0.011792477306870719
6.54777075441276	-0.11257063319407902	0.011792477306870719
6.559608181885524	-0.11459690459157244	0.01140898210989949
6.585176163589221	-0.1149549153765045	0.01140898210989949
6.596911293148373	-0.11527083895443661	0.010450244117470753
6.612421319840933	-0.11189520939491457	0.010450244117470753
6.622407654183568	-0.11565456345162181	0.00901213712882809
6.645387662610134	-0.06921289630695766	0.008820389530342254
6.657659144658315	-0.11488711445725137	0.008820389530342254
6.665463248209957	-0.11396617566400688	0.008532768132614166
6.6732673517615995	-0.11304523687076239	0.008532768132614166
6.6927776106407055	-0.11074288988765113	0.007861651537913517
6.700682471698862	-0.11118590175760269	0.007861651537913517
6.712287869519811	-0.10844054290453986	0.007574030140185428
6.751007080604071	-0.1250229009965609	0.008341020534127885
6.76269222755996	-0.12318432892308209	0.008341020534127885
6.7774655796310785	-0.084838515217607	0.009683253723527852
6.797053422232001	-0.08403664244415711	0.01073786551519973
6.80943281538351	-0.11583004062916674	0.01073786551519973
6.814062646554381	-0.1020038534134596	0.01073786551519973
6.82766444589125	-0.10161024685464314	0.01073786551519973
6.847307729262713	-0.10268467544676171	0.010450244117470753
6.857062858702266	-0.10153350195520608	0.010450244117470753
6.901300180293438	-0.12687574791930262	0.01006674892049908
6.9157716590330836	-0.10063814607550661	0.01006674892049908
6.9327977480132255	-0.1253308696733595	0.01006674892049908
6.96671938190233	-0.09877068557547254	0.009299758526556623
6.9753085428293	-0.08924162629470239	0.009299758526556623
6.984278614893525	-0.09669857329067241	0.007669903939428124
6.999973561486487	-0.09540315722845145	0.006998787344728363
7.007867288663715	-0.0950106814300309	0.006998787344728363
7.019481696791729	-0.09304752371663784	0.006998787344728363
7.0578307120367	-0.09713789121546523	0.006998787344728363
7.079253481455827	-0.0937671757474207	0.006231796950785462
7.1074044089348885	-0.08582358094707608	0.006231796950785462
7.150514888842996	-0.08725895065991625	0.006231796950785462
7.209983380843462	-0.08999116094450212	0.005752427954570649
7.224473387110374	-0.08776404774502285	0.005752427954570649
7.28769587336054	-0.0844102008399879	0.006040049352299626
7.297373928405719	-0.08349845058750115	0.006040049352299626
7.321563371693147	-0.08191542029724455	0.007478156340942288
7.328599341960399	-0.07571917251022764	0.007478156340942288
7.336330108354073	-0.07514470902685434	0.007478156340942288
7.357722706438588	-0.07298439936462645	0.008341020534127885
7.366542434692234	-0.07807659463492456	0.008341020534127885
7.379317015697962	-0.0738285932584339	0.00824514673488519
7.379317015697962	-0.0738285932584339	0.00824514673488519
7.379317015697962	-0.0738285932584339	0.00824514673488519
7.379317015697962	-0.0738285932584339	0.00824514673488519
7.606631201722979	-0.06964823083262256	0.00824514673488519
7.6163852693756	-0.06847041407671574	0.008149272935642049
7.627968531707623	-0.06934351004755257	0.008149272935642049
7.6396758775598075	-0.06799266244922363	0.008149272935642049
7.652857602127731	-0.03550798299945072	0.008149272935642049
7.668406360999069	-0.03251783706265488	0.00824514673488519
7.678830445354334	-0.06686695611728284	0.00824514673488519
7.692603100335614	-0.06265985141424217	0.00824514673488519
7.7041963613674005	-0.06394011965423678	0.006231796950785462
7.7579486322619875	-0.048525912797598394	0.006231796950785462
7.772243000307498	-0.02852762372286281	0.006231796950785462
7.83381736458622	-0.0676890013034704	0.005177185159114028
7.850244090047767	-0.04607474471306674	0.004601942363656963
7.862895938474786	-0.06258927205590781	0.004601942363656963
7.91167654619222	-0.05696074039620386	0.004314320965927987
7.91167654619222	-0.05696074039620386	0.004314320965927987
8.036773085959164	-0.051395831544727884	0.004410194765171127
8.04856323674874	-0.04573996006447644	0.004410194765171127
8.04856323674874	-0.04573996006447644	0.004410194765171127
8.164870578861718	-0.14396288531403165	0.005848301753813789
8.178498759464864	-0.1734386322648369	0.005848301753813789
8.178498759464864	-0.1734386322648369	0.005848301753813789
8.178498759464864	-0.1734386322648369	0.005848301753813789
8.178498759464864	-0.1734386322648369	0.005848301753813789
8.178498759464864	-0.1734386322648369	0.005848301753813789
8.178498759464864	-0.1734386322648369	0.005848301753813789
8.178498759464864	-0.1734386322648369	0.005848301753813789
8.410886294311032	-0.1241576444887637	0.005560680356084813
8.420855701772728	-0.12601512487562244	0.005560680356084813
8.436463908876014	-0.12417324728913341	0.005081311359870888
8.436463908876014	-0.12417324728913341	0.005081311359870888
8.467946372067297	-0.12724304326661506	0.005081311359870888
8.467946372067297	-0.12724304326661506	0.005081311359870888
8.467946372067297	-0.12724304326661506	0.005081311359870888
8.585528356930006	-0.14311797182552183	0.0033555829734992493
8.59748227619793	-0.10281691590779858	0.0033555829734992493
8.606843021964595	-0.11872392899540626	0.0026844663787994882
8.622343466196948	-0.11580805325049581	0.0026844663787994882
8.634154411391933	-0.1154260420788672	0.0022050973825855635
8.634154411391933	-0.1154260420788672	0.0022050973825855635
8.67433988363919	-0.1375467130926088	0.0016298545871284986
8.67433988363919	-0.1375467130926088	0.0016298545871284986
8.67433988363919	-0.1375467130926088	0.0016298545871284986
8.67433988363919	-0.1375467130926088	0.0016298545871284986
8.67433988363919	-0.1375467130926088	0.0016298545871284986
8.67433988363919	-0.1375467130926088	0.0016298545871284986
8.67433988363919	-0.1375467130926088	0.0016298545871284986
8.67433988363919	-0.1375467130926088	0.0016298545871284986
9.109952710285006	-0.08350178965137123	0.0016298545871284986
9.109952710285006	-0.08350178965137123	0.0016298545871284986
9.109952710285006	-0.08350178965137123	0.0016298545871284986
9.109952710285006	-0.08350178965137123	0.0016298545871284986
9.109952710285006	-0.08350178965137123	0.0016298545871284986
9.257340651639542	-0.07414144439079651	0.0022050973825855635
9.272745840193782	-0.07356975497273432	0.0022050973825855635
9.288410672593047	-0.070172167471109	0.003834951969714062
9.288410672593047	-0.070172167471109	0.003834951969714062
9.288410672593047	-0.070172167471109	0.003834951969714062
9.383104142191032	-0.05232755389392735	0.003834951969714062
9.43044008249864	-0.08262684476445391	0.003834951969714062
9.461789753058378	-0.08240170349806572	0.003834951969714062
9.478382834466798	-0.060672878424801686	0.003834951969714062
9.492593319243372	-0.04148827487304243	0.003834951969714062
9.492593319243372	-0.04148827487304243	0.003834951969714062
9.492593319243372	-0.04148827487304243	0.003834951969714062
9.492593319243372	-0.04148827487304243	0.003834951969714062
9.492593319243372	-0.04148827487304243	0.003834951969714062
9.492593319243372	-0.04148827487304243	0.003834951969714062
9.492593319243372	-0.04148827487304243	0.003834951969714062
9.492593319243372	-0.04148827487304243	0.003834951969714062
9.492593319243372	-0.04148827487304243	0.003834951969714062
9.951365125440905	-0.11080866422948105	0.0034514567727423895
9.961132817834072	-0.11004022689085774	0.002972087776528465
9.980579405416833	-0.10512222792366856	0.002972087776528465
9.989187154887817	-0.07251973468606791	0.002972087776528465
10.002222668949722	-0.10826935630643646	0.002972087776528465
10.002222668949722	-0.10826935630643646	0.002972087776528465
10.221254775249802	-0.13614545160131192	-0.00028762139772897655
10.22113678841978	-0.1346344773001185	-0.00028762139772897655
10.225023802533267	-0.13230820662945983	-0.00028762139772897655
10.227969938186419	-0.08343999165894339	-0.00028762139772897655
10.227969938186419	-0.08343999165894339	-0.00028762139772897655
10.227969938186419	-0.08343999165894339	-0.00028762139772897655
10.227969938186419	-0.08343999165894339	-0.00028762139772897655
10.227969938186419	-0.08343999165894339	-0.00028762139772897655
10.227969938186419	-0.08343999165894339	-0.00028762139772897655
10.227969938186419	-0.08343999165894339	-0.00028762139772897655
10.227969938186419	-0.08343999165894339	-0.00028762139772897655
10.227969938186419	-0.08343999165894339	-0.00028762139772897655
10.227969938186419	-0.08343999165894339	-0.00028762139772897655
10.567924350985422	-0.10383838003157342	0.0010546117916709896
10.582960652790057	-0.11102885952348178	0.0010546117916709896
10.593102515672001	-0.09759154200516006	0.001342233189399522
10.60878965967823	-0.09671118972906073	0.001342233189399522
10.60878965967823	-0.09671118972906073	0.001342233189399522
10.60878965967823	-0.09671118972906073	0.001342233189399522
10.60878965967823	-0.09671118972906073	0.001342233189399522
10.60878965967823	-0.09671118972906073	0.001342233189399522
10.60878965967823	-0.09671118972906073	0.001342233189399522
10.774577777777779	-0.10153846153846154	-0.004506068564414267
10.80013008162058	-0.10514097140326974	-0.004506068564414267
10.813878888702638	-0.10352886934056901	-0.004506068564414267
10.813878888702638	-0.10352886934056901	-0.004506068564414267
10.87765548930556	-0.1018257778387399	-0.004506068564414267
10.905661504943973	-0.0924193547801542	-0.001821602185614779
10.927089743306489	-0.09388390808386184	-0.001821602185614779
10.952667775729003	-0.09393575691093879	-0.001821602185614779
10.97155920303417	-0.08855788820589737	-0.001246359390156826
10.97155920303417	-0.08855788820589737	-0.001246359390156826
10.97155920303417	-0.08855788820589737	-0.001246359390156826
10.97155920303417	-0.08855788820589737	-0.001246359390156826
10.97155920303417	-0.08855788820589737	-0.001246359390156826
10.97155920303417	-0.08855788820589737	-0.001246359390156826
10.97155920303417	-0.08855788820589737	-0.001246359390156826
10.97155920303417	-0.08855788820589737	-0.001246359390156826
10.97155920303417	-0.08855788820589737	-0.001246359390156826
10.97155920303417	-0.08855788820589737	-0.001246359390156826
10.97155920303417	-0.08855788820589737	-0.001246359390156826
11.250082407206193	-0.08375255109639468	-0.0027803401780426285
11.263871058987656	-0.08555368122749996	-0.0027803401780426285
11.277529629148537	-0.08397769236278284	-0.003067961575771605
11.277529629148537	-0.08397769236278284	-0.003067961575771605
11.277529629148537	-0.08397769236278284	-0.003067961575771605
11.277529629148537	-0.08397769236278284	-0.003067961575771605
11.277529629148537	-0.08397769236278284	-0.003067961575771605
11.277529629148537	-0.08397769236278284	-0.003067961575771605
11.277529629148537	-0.08397769236278284	-0.003067961575771605
11.277529629148537	-0.08397769236278284	-0.003067961575771605
11.277529629148537	-0.08397769236278284	-0.003067961575771605
11.524826343510577	-0.1012956070123478	0.0005752427954566208
11.536548602435278	-0.10041349722704435	0.0005752427954566208
11.536548602435278	-0.10041349722704435	0.0005752427954566208
11.536548602435278	-0.10041349722704435	0.0005752427954566208
11.536548602435278	-0.10041349722704435	0.0005752427954566208
11.536548602435278	-0.10041349722704435	0.0005752427954566208
11.744528754456281	-0.1261182395632137	-0.0015339807878858025
11.764196749291193	-0.16156927985235484	-0.0016298545871289427
11.784028017305646	-0.19147554574551295	-0.0016298545871289427
11.784028017305646	-0.19147554574551295	-0.0016298545871289427
11.784028017305646	-0.19147554574551295	-0.0016298545871289427
11.784028017305646	-0.19147554574551295	-0.0016298545871289427
11.784028017305646	-0.19147554574551295	-0.0016298545871289427
11.88668803355764	-0.14032194609361667	0.001917475984856587
11.906150137573878	-0.13636076211634704	0.0007669903939429012
11.916160920611862	-0.10604153646882246	0.0007669903939429012
11.926009238721804	-0.10667541021748798	0.000671116594699761
11.943064937685953	-0.15698266168178174	0.0010546117916709896
11.943064937685953	-0.15698266168178174	0.0010546117916709896
11.943064937685953	-0.15698266168178174	0.0010546117916709896
11.943064937685953	-0.15698266168178174	0.0010546117916709896
11.943064937685953	-0.15698266168178174	0.0010546117916709896
11.943064937685953	-0.15698266168178174	0.0010546117916709896
11.943064937685953	-0.15698266168178174	0.0010546117916709896
11.943064937685953	-0.15698266168178174	0.0010546117916709896
11.943064937685953	-0.15698266168178174	0.0010546117916709896
12.219271966430671	-0.11375632513934412	0.003739078170470922
12.228864335590764	-0.11074192486701422	0.001246359390156826
12.236652931769191	-0.10948794694919947	0.001246359390156826
12.243006604009818	-0.09301481811769448	0.002972087776528465
12.26993559567119	-0.10752860645261395	0.002972087776528465
12.28556331827793	-0.10725003761959882	0.004889563761385052
12.30007376162104	-0.09728766403790236	0.004889563761385052
12.30007376162104	-0.09728766403790236	0.004889563761385052
12.353587760081458	-0.08375966990994053	0.005560680356084813
12.353587760081458	-0.08375966990994053	0.005560680356084813
12.353587760081458	-0.08375966990994053	0.005560680356084813
12.353587760081458	-0.08375966990994053	0.005560680356084813
12.353587760081458	-0.08375966990994053	0.005560680356084813
12.353587760081458	-0.08375966990994053	0.005560680356084813
12.353587760081458	-0.08375966990994053	0.005560680356084813
12.353587760081458	-0.08375966990994053	0.005560680356084813
12.353587760081458	-0.08375966990994053	0.005560680356084813
12.615959343149681	-0.07997994586493543	0.008053399136399353
12.632741977638888	-0.080783193601676	0.007957525337156213
12.632741977638888	-0.080783193601676	0.007957525337156213
12.632741977638888	-0.080783193601676	0.007957525337156213
12.632741977638888	-0.080783193601676	0.007957525337156213
12.632741977638888	-0.080783193601676	0.007957525337156213
12.632741977638888	-0.080783193601676	0.007957525337156213
12.632741977638888	-0.080783193601676	0.007957525337156213
12.835606887897642	-0.05344885862022576	0.0059441755530564855
12.849358652741673	-0.048631192100330484	0.007286408742456452
12.867306821438333	-0.06611478056490214	0.007286408742456452
12.897375642299837	-0.0561887130647156	0.007957525337156213
12.897375642299837	-0.0561887130647156	0.007957525337156213
12.897375642299837	-0.0561887130647156	0.007957525337156213
12.897375642299837	-0.0561887130647156	0.007957525337156213
12.897375642299837	-0.0561887130647156	0.007957525337156213
13.034829104903944	-0.05393144748871261	0.009108010928070787
13.052807348987779	-0.03737850185226376	0.01006674892049908
13.067182017159675	-0.0669982972085371	0.01006674892049908
13.067182017159675	-0.0669982972085371	0.01006674892049908
13.067182017159675	-0.0669982972085371	0.01006674892049908
13.067182017159675	-0.0669982972085371	0.01006674892049908
13.168716845174993	-0.05988757685924993	0.006807039746242527
13.187373206667178	-0.018872120308970838	0.006807039746242527
13.208969674404042	-0.018213790530750954	0.006423544549270854
13.220634302770723	-0.0160193579366846	0.006423544549270854
13.2305885542265	-0.014950729683979327	0.008724515731099114
13.244409673223247	-0.015698266168178297	0.010450244117470753
13.279802707529253	-0.018506381543293128	0.010450244117470753
13.279802707529253	-0.018506381543293128	0.010450244117470753
13.279802707529253	-0.018506381543293128	0.010450244117470753
13.279802707529253	-0.018506381543293128	0.010450244117470753
13.279802707529253	-0.018506381543293128	0.010450244117470753
13.279802707529253	-0.018506381543293128	0.010450244117470753
13.279802707529253	-0.018506381543293128	0.010450244117470753
13.279802707529253	-0.018506381543293128	0.010450244117470753
13.279802707529253	-0.018506381543293128	0.010450244117470753
13.279802707529253	-0.018506381543293128	0.010450244117470753
13.279802707529253	-0.018506381543293128	0.010450244117470753
13.279802707529253	-0.018506381543293128	0.010450244117470753
13.279802707529253	-0.018506381543293128	0.010450244117470753
13.696477801418432	-0.1033753795416952	0.011888351106113415
13.71093370026383	-0.07453842184646092	0.011888351106113415
13.722612398438658	-0.07243447797448	0.010641991715956589
13.750050004295657	-0.07371184947402992	0.008724515731099114
13.750050004295657	-0.07371184947402992	0.008724515731099114
13.750050004295657	-0.07371184947402992	0.008724515731099114
13.819525456849155	-0.09224736912332415	0.011121360712170514
13.849598153393918	-0.06266634297792147	0.011121360712170514
13.861394679293202	-0.063687856650845	0.012080098704599251
13.871123855511774	-0.06193604949303865	0.010450244117470753
13.889559720844769	-0.07924972576863164	0.010450244117470753
13.923062853400772	-0.08342170568806433	0.009587379924285155
13.923062853400772	-0.08342170568806433	0.009587379924285155
13.923062853400772	-0.08342170568806433	0.009587379924285155
13.923062853400772	-0.08342170568806433	0.009587379924285155
13.923062853400772	-0.08342170568806433	0.009587379924285155
13.923062853400772	-0.08342170568806433	0.009587379924285155
13.923062853400772	-0.08342170568806433	0.009587379924285155
14.090492742073598	-0.06557490425531441	0.013997574689456282
14.10798287774095	-0.06077865826062114	0.013997574689456282
14.116678360508757	-0.07153273764207349	0.014572817484913791
14.125601938038875	-0.05988818197169818	0.014572817484913791
14.141156290158973	-0.08151002859089511	0.013134710496270241
14.168515676371399	-0.07806012538396756	0.013134710496270241
14.168515676371399	-0.07806012538396756	0.013134710496270241
14.2018390343351	-0.05661142813408437	0.011984224905356555
14.2018390343351	-0.05661142813408437	0.011984224905356555
14.2018390343351	-0.05661142813408437	0.011984224905356555
14.2018390343351	-0.05661142813408437	0.011984224905356555
14.317546503282486	-0.06423824553548178	0.013326458094756077
14.331215827935868	-0.07226047751407438	0.013326458094756077
14.351609637144305	-0.06664181485089474	0.014956312681884576
14.351609637144305	-0.06664181485089474	0.014956312681884576
14.351609637144305	-0.06664181485089474	0.014956312681884576
14.409449216152751	-0.06022826937598413	0.014189322287942119
14.437564502401722	-0.056535204283526784	0.013134710496270241
14.448297858653426	-0.05663749333453943	0.011888351106113415
14.4599087950236	-0.0549399075242583	0.011888351106113415
14.469712072375003	-0.053107677885927906	0.012559467700813176
14.494274198056493	-0.05308027513286682	0.012559467700813176
14.51135309402323	-0.045738339837127516	0.012559467700813176
14.525623317814452	-0.052687669547564535	0.014476943685670651
14.525623317814452	-0.052687669547564535	0.014476943685670651
14.525623317814452	-0.052687669547564535	0.014476943685670651
14.641454669141249	-0.05498080042143917	0.015819176875070617
14.654959976336457	-0.055384751531486816	0.015819176875070617
14.664763081288955	-0.05356793980705489	0.016106798272798706
14.678467289543194	-0.051195768323415915	0.016106798272798706
14.692659816940642	-0.03891644222196877	0.014476943685670651
14.710614147871693	-0.022673706927806875	0.014476943685670651
14.726092026329459	-0.022426094525968884	0.012751215299299012
14.726092026329459	-0.022426094525968884	0.012751215299299012
14.764822340845967	-0.033425704283542086	0.011696603507627579
14.764822340845967	-0.033425704283542086	0.011696603507627579
14.80665831339006	-0.05680546197998619	0.013518205693241914
14.80665831339006	-0.05680546197998619	0.013518205693241914
14.860397768049442	-0.04405157227686167	0.013518205693241914
14.860397768049442	-0.04405157227686167	0.013518205693241914
14.860397768049442	-0.04405157227686167	0.013518205693241914
14.946733051297002	-0.04885565480623019	0.015148060280370856
14.9584811604144	-0.046046939662224715	0.013997574689456282
14.966245294383977	-0.046604242142348616	0.013997574689456282
14.979865719238317	-0.046476516239732486	0.013230584295513381
14.998186757349144	-0.005585503682538164	0.013230584295513381
15.025397227481422	0.007184530303864258	0.011696603507627579
15.030669118267092	-0.03752825582471308	0.011696603507627579
15.042653146040944	-0.015393416446368057	0.013134710496270241
15.048196715349267	-0.03714830895404597	0.015052186481127716
15.072045612322242	-0.014367188683276844	0.015052186481127716
15.085369124296895	-0.037959492726606196	0.015052186481127716
15.085369124296895	-0.037959492726606196	0.015052186481127716
15.085369124296895	-0.037959492726606196	0.015052186481127716
15.160398527439623	0.013678629836346783	0.016010924473556454
15.165920581974007	-0.04052542794986832	0.013901700890213142
15.171867492979821	-0.04515490914286809	0.013901700890213142
15.176358168645299	0.013081888473481686	0.011888351106113415
15.193460268683406	-0.04610940315727018	0.011792477306870719
15.203740330298725	-0.020880327470156085	0.011792477306870719
15.217379911908479	-0.018871223796051717	0.012751215299299012
15.217379911908479	-0.018871223796051717	0.012751215299299012
15.217379911908479	-0.018871223796051717	0.012751215299299012
15.352039232341708	-0.08213555361686546	0.013038836697027989
15.368936153102737	-0.14944306281625835	0.011888351106113415
15.373093616596424	-0.15317020737087092	0.011888351106113415
15.381346660713234	-0.08054397069104488	0.010546117916713449
15.392929362278451	-0.07555216954833806	0.012751215299299012
15.406472293086534	-0.070478596150022	0.012751215299299012
15.425103115168799	-0.13587859076094852	0.015339807878855805
15.441527733954196	-0.06496287992958551	0.01764077906068451
15.44737030743214	-0.06404359389284608	0.01764077906068451
15.453141290794557	-0.06053397354172044	0.01764077906068451
15.484445367374969	-0.06081792901401487	0.01764077906068451
15.499266046860718	-0.08991297574819913	0.017065536265227443
15.499266046860718	-0.08991297574819913	0.017065536265227443
15.499266046860718	-0.08991297574819913	0.017065536265227443
15.499266046860718	-0.08991297574819913	0.017065536265227443
15.570844445912405	-0.0605044345345612	0.01486043888264188
15.587335709472402	-0.08036017205138822	0.015819176875070617
15.596201916384215	-0.055514448507939164	0.015819176875070617
15.606074258859012	-0.058231599558521974	0.017832526659170345
15.625726879448763	-0.05846672041811224	0.017832526659170345
15.635462624671797	-0.056899248020843826	0.01975000264402782
15.6492745741528	-0.09923545221489831	0.01975000264402782
15.657062394306156	-0.056820874400980395	0.020612866837212973
15.662837335391464	-0.05393144748871251	0.020612866837212973
15.668823589699235	-0.0975238766735207	0.020133497840998604
15.684317924062286	-0.093781953347918	0.020133497840998604
15.693820679592681	-0.04565787315805774	0.020133497840998604
15.701665692188428	-0.04624043571941853	0.020037624041755908
15.713348586456068	-0.044359468842696426	0.01888713845084178
15.726882711741306	-0.03880767115669702	0.019462381246298843
15.722640043484436	-0.07850423639120221	0.021188109632670482
15.71311887683801	-0.03922287090088182	0.021188109632670482
15.697409133811846	-0.040127293370071676	0.02310558561752707
15.689571535245085	-0.03952929957979495	0.02310558561752707
15.688186687151777	-0.057560309283319934	0.02387257601146997
15.69410036449462	-0.05862271003259353	0.02387257601146997
15.718784402634805	-0.034932869396097854	0.024351945007684783
15.731097316040115	-0.053478674271102776	0.024351945007684783
15.830177529132476	-0.02554980007547533	0.024351945007684783
15.843988702588407	-0.026725404373426638	0.023584954613741882
15.845935851633014	-0.026411909893972952	0.023009711818284373
15.849830149722226	-0.02578492093506559	0.021859226227370243
15.85502585207381	-0.0559729364121406	0.021859226227370243
15.86408859750234	-0.04034356129223544	0.02281796421979898
15.869516571786058	-0.02727584664836182	0.02281796421979898
15.879218515535014	-0.024452569397387425	0.024735440204655568
15.886284770817872	-0.05184122940678759	0.02703641138648427
15.904712583258586	-0.023747206818616636	0.02703641138648427
15.916369614797997	-0.020837150166093464	0.02703641138648427
15.930534254901028	-0.03255967988772469	0.028858013572098606
15.962437263095762	-0.04164315012895553	0.028858013572098606
15.972044109850575	-0.03796493040767753	0.028378644575884238
15.973914574100469	-0.036279627691468204	0.028474518375126934
15.973043929963508	-0.016144965691864775	0.028474518375126934
15.980832526141935	-0.014890987774050034	0.02703641138648427
15.986673973275755	-0.013950504335688983	0.02703641138648427
15.99640971849879	-0.012383031938420557	0.026077673394055534
16.011986910855644	-0.009875076102791074	0.026077673394055534
16.01605281993404	-0.016575261616189742	0.02694053758724113
16.018256862921767	-0.023387020785016973	0.02694053758724113
16.018256862921767	-0.023387020785016973	0.02694053758724113
16.026004030103294	-0.021516059122215613	0.028091023178155705
16.06280307421554	-0.012628991223909175	0.028091023178155705
16.07442382498783	-0.009822548729707142	0.029912625363769596
16.080250680931854	-0.009094481062645486	0.03029612056074127
16.086058384628	-0.007658510368543572	0.030871363356198334
16.215224084345092	0.007094062971455136	0.030679615757712497
16.21328729254971	0.006626322555754798	0.03029612056074127
16.21328729254971	0.006626322555754798	0.03029612056074127
16.21328729254971	0.006626322555754798	0.03029612056074127
16.150772797242194	-0.0019146275921359012	0.02876213977285591
16.16072366405645	-0.002650529022301929	0.029241508769069835
16.16072366405645	-0.002650529022301929	0.029241508769069835
16.16072366405645	-0.002650529022301929	0.029241508769069835
16.266097199208513	0.012923736246917231	0.0322135965455983
16.27190490290466	0.014359706941019146	0.032405344144084136
16.263914129247585	0.015435433718111184	0.032309470344840996
16.250356586679917	0.012161250808208813	0.031158984753926422
16.24250842250542	0.011962335034325639	0.03135073235241226
16.234592002298903	0.011771467128458526	0.03125485855316956
16.219096658124002	0.009947661718814295	0.031542479950898095
16.218805897682756	0.011487765552815301	0.031542479950898095
16.224637793304037	0.012784904695809255	0.031638353750141235
16.236258544076325	0.015591347190011288	0.032405344144084136
16.261672282106687	0.018667619023324877	0.03355582973499782
16.277201421797294	0.022061756273865984	0.03432282012894072
16.29107011665348	0.021735484572173377	0.03432282012894072
16.30850691262494	0.02560914895868343	0.0361444223145555
16.352083958107688	0.020530721487180336	0.03691141270849796
16.359357427257194	0.031650434795722944	0.03796602450016895
16.357607873526423	0.027591653613776072	0.0385412672956269
16.349461226237437	0.031859000787885935	0.0385412672956269
16.320394311644613	0.024806520256445114	0.0386371410948696
16.31039713233674	0.026661203694919318	0.03930825768956936
16.29877638156445	0.023854761200717285	0.039883500485026424
16.29107011665348	0.021735484572173377	0.0402669956819981
16.28490309689127	0.024411501799732532	0.0402669956819981
16.290710800587416	0.025847472493834445	0.0402669956819981
16.30066686406652	0.02489015869776651	0.040650490878969325
16.31233392413212	0.02712894411061966	0.039979374284269564
16.331641283779298	0.03254866906631005	0.039979374284269564
16.343533248490452	0.03207001216827609	0.04055461707972663
16.343533248490452	0.03207001216827609	0.04055461707972663
16.343533248490452	0.03207001216827609	0.04055461707972663
16.398015040306674	0.04212180702698949	0.03978762668578373
16.398015040306674	0.04212180702698949	0.03978762668578373
16.398015040306674	0.04212180702698949	0.03978762668578373
16.333577185011347	0.03302732596434402	0.04045874328048349
16.314055561565986	0.03033464668320239	0.04045874328048349
16.318089975154958	0.02919807078007225	0.04160922887139762
16.318089975154958	0.02919807078007225	0.04160922887139762
16.318089975154958	0.02919807078007225	0.04160922887139762
16.4042431253062	0.037956417206620095	0.045348307041868985
16.4042431253062	0.037956417206620095	0.045348307041868985
16.4042431253062	0.037956417206620095	0.045348307041868985
16.4042431253062	0.037956417206620095	0.045348307041868985
16.322017883109027	0.02946764618912135	0.048991511413097655
16.30453866653062	0.025847472493834452	0.048991511413097655
16.30453866653062	0.025847472493834452	0.04947088040931158
16.30850691262494	0.02560914895868343	0.04870389001536868
16.312282271458812	0.027762100085970336	0.048512142416883286
16.328147368400394	0.02682863224243026	0.048512142416883286
16.33971925928542	0.03032517028457198	0.04908738521234035
16.35259804216129	0.04225172863827123	0.04995024940552595
16.36710459443872	0.0335213964585243	0.04908738521234035
16.361294219052574	0.03211817521142328	0.04985437560628281
16.348752911301087	0.04101358274410943	0.04985437560628281
16.337725544794306	0.030634041474174173	0.05004612320476909
16.330035300308513	0.027986468206070283	0.05062136600022571
16.324272121520934	0.02591401977962014	0.050813113598711546
16.328098508513133	0.02751872779036994	0.05119660879568322
16.328098508513133	0.02751872779036994	0.05119660879568322
16.355425213201606	0.031591355270242115	0.05148423019341175
16.355425213201606	0.031591355270242115	0.05148423019341175
16.355425213201606	0.031591355270242115	0.05148423019341175
16.355425213201606	0.031591355270242115	0.05148423019341175
16.263655287884635	0.018362102274413775	0.05388107517448315
16.234569664858007	0.011966422450849277	0.05579855115934018
16.22878162691276	0.010368245881357508	0.05579855115934018
16.224908043321996	0.009432765049956831	0.05646966775403994
16.226826059929813	0.010051794858713393	0.05694903675025387
16.24065392587302	0.010051794858713398	0.05905826033359718
16.248419794884533	0.011693510392508474	0.05905826033359718
16.25987464992611	0.016771888015328477	0.05819539614041114
16.27386833824245	0.014421996150760454	0.05972937692829694
16.27193154644707	0.013954255735060117	0.06001699832602547
16.25633156521175	0.011336853463903378	0.06183860051163936
16.25633156521175	0.011336853463903378	0.06183860051163936
16.225189104716502	0.005944981008265796	0.06212622190936834
16.205772036805918	0.0018163752186459827	0.06212622190936834
16.205531146377282	0.004786568980339708	0.0634684550987683
16.217381413391497	0.004785966099931709	0.0634684550987683
16.229038518480728	0.0071798534705095705	0.0637560764964964
16.229038518480728	0.0071798534705095705	0.0637560764964964
16.229038518480728	0.0071798534705095705	0.0637560764964964
16.229038518480728	0.0071798534705095705	0.0637560764964964
16.229038518480728	0.0071798534705095705	0.0637560764964964
16.10207941015909	-0.009978462201607249	0.06854976645863964
16.10207941015909	-0.009978462201607249	0.066824038072268
16.107924882829778	-0.0096384274765183	0.06807039746242527
16.107924882829778	-0.0096384274765183	0.06807039746242527
16.13112629409683	-0.00259140197796202	0.06883738785636817
16.13112629409683	-0.00259140197796202	0.06883738785636817
