0.04335917189623867	-0.025415947454208047	3.1193740882630743
0.04302222222222222	-0.027076923076923064	3.141592653589793
0.04302222222222222	-0.027076923076923064	3.141592653589793
0.04302222222222222	-0.027076923076923064	3.141592653589793
0.04302222222222222	-0.027076923076923064	3.141592653589793
0.04302222222222222	-0.027076923076923064	3.141592653589793
0.04302222222222222	-0.027076923076923064	3.141592653589793
0.04302222222222222	-0.027076923076923064	3.141592653589793
0.04302222222222222	-0.027076923076923064	3.141592653589793
0.04302222222222222	-0.027076923076923064	3.141592653589793
0.04302222222222222	-0.027076923076923064	3.141592653589793
0.04302222222222222	-0.027076923076923064	3.141592653589793
0.04302222222222222	-0.027076923076923064	3.141592653589793
0.04302222222222222	-0.027076923076923064	3.141592653589793
0.04302222222222222	-0.027076923076923064	3.141592653589793
0.04302222222222222	-0.027076923076923064	3.141592653589793
0.04302222222222222	-0.027076923076923064	3.141592653589793
0.04302222222222222	-0.027076923076923064	3.141592653589793
0.04302222222222222	-0.027076923076923064	3.141592653589793
0.04302222222222222	-0.027076923076923064	3.141592653589793
0.04302222222222222	-0.027076923076923064	3.141592653589793
0.04302222222222222	-0.027076923076923064	3.141592653589793
0.04302222222222222	-0.027076923076923064	3.141592653589793
0.04302222222222222	-0.027076923076923064	3.141592653589793
0.04302222222222222	-0.027076923076923064	3.141592653589793
0.04302222222222222	-0.027076923076923064	3.141592653589793
0.04302222222222222	-0.027076923076923064	3.141592653589793
0.04302222222222222	-0.027076923076923064	3.141592653589793
0.04302222222222222	-0.027076923076923064	3.141592653589793
0.04302222222222222	-0.027076923076923064	3.141592653589793
0.04302222222222222	-0.027076923076923064	3.141592653589793
0.04302222222222222	-0.027076923076923064	3.141592653589793
0.04302222222222222	-0.027076923076923064	3.141592653589793
0.04302222222222222	-0.027076923076923064	3.141592653589793
0.04302222222222222	-0.027076923076923064	3.141592653589793
0.04302222222222222	-0.027076923076923064	3.141592653589793
0.04302222222222222	-0.027076923076923064	3.141592653589793
0.04302222222222222	-0.027076923076923064	3.141592653589793
0.04302222222222222	-0.027076923076923064	3.141592653589793
0.04302222222222222	-0.027076923076923064	3.141592653589793
0.04302222222222222	-0.027076923076923064	3.141592653589793
0.04302222222222222	-0.027076923076923064	3.141592653589793
0.04302222222222222	-0.027076923076923064	3.141592653589793
0.04302222222222222	-0.027076923076923064	3.141592653589793
0.04302222222222222	-0.027076923076923064	3.141592653589793
0.04302222222222222	-0.027076923076923064	3.141592653589793
0.04302222222222222	-0.027076923076923064	3.141592653589793
0.04302222222222222	-0.027076923076923064	3.141592653589793
0.04302222222222222	-0.027076923076923064	3.141592653589793
0.04302222222222222	-0.027076923076923064	3.141592653589793
0.04302222222222222	-0.027076923076923064	3.141592653589793
0.04302222222222222	-0.027076923076923064	3.141592653589793
0.04302222222222222	-0.027076923076923064	3.141592653589793
0.04302222222222222	-0.027076923076923064	3.141592653589793
0.04302222222222222	-0.027076923076923064	3.141592653589793
0.04302222222222222	-0.027076923076923064	3.141592653589793
0.04302222222222222	-0.027076923076923064	3.141592653589793
0.04302222222222222	-0.027076923076923064	3.141592653589793
0.04302222222222222	-0.027076923076923064	3.141592653589793
0.04302222222222222	-0.027076923076923064	3.141592653589793
0.04302222222222222	-0.027076923076923064	3.141592653589793
0.04302222222222222	-0.027076923076923064	3.141592653589793
0.04302222222222222	-0.027076923076923064	3.141592653589793
0.04302222222222222	-0.027076923076923064	3.141592653589793
0.04302222222222222	-0.027076923076923064	3.141592653589793
0.04302222222222222	-0.027076923076923064	3.141592653589793
0.04302222222222222	-0.027076923076923064	3.141592653589793
0.04302222222222222	-0.027076923076923064	3.141592653589793
0.04302222222222222	-0.027076923076923064	3.141592653589793
0.04302222222222222	-0.027076923076923064	3.141592653589793
0.04302222222222222	-0.027076923076923064	3.141592653589793
0.04302222222222222	-0.027076923076923064	3.141592653589793
0.04302222222222222	-0.027076923076923064	3.141592653589793
0.04302222222222222	-0.027076923076923064	3.141592653589793
0.04302222222222222	-0.027076923076923064	3.141592653589793
0.04302222222222222	-0.027076923076923064	3.141592653589793
0.04302222222222222	-0.027076923076923064	3.141592653589793
0.04302222222222222	-0.027076923076923064	3.141592653589793
0.04302222222222222	-0.027076923076923064	3.141592653589793
0.04302222222222222	-0.027076923076923064	3.141592653589793
0.04302222222222222	-0.027076923076923064	3.141592653589793
0.04302222222222222	-0.027076923076923064	3.141592653589793
0.04302222222222222	-0.027076923076923064	3.141592653589793
0.04302222222222222	-0.027076923076923064	3.141592653589793
0.04302222222222222	-0.027076923076923064	3.141592653589793
0.04302222222222222	-0.027076923076923064	3.141592653589793
0.04302222222222222	-0.027076923076923064	3.141592653589793
0.04302222222222222	-0.027076923076923064	3.141592653589793
0.04302222222222222	-0.027076923076923064	3.141592653589793
0.04302222222222222	-0.027076923076923064	3.141592653589793
0.04302222222222222	-0.027076923076923064	3.141592653589793
0.04302222222222222	-0.027076923076923064	3.141592653589793
0.04302222222222222	-0.027076923076923064	3.141592653589793
0.04302222222222222	-0.027076923076923064	3.141592653589793
0.04302222222222222	-0.027076923076923064	3.141592653589793
0.04302222222222222	-0.027076923076923064	3.141592653589793
0.04302222222222222	-0.027076923076923064	3.141592653589793
0.04302222222222222	-0.027076923076923064	3.141592653589793
0.04302222222222222	-0.027076923076923064	3.141592653589793
0.04302222222222222	-0.027076923076923064	3.141592653589793
0.04302222222222222	-0.027076923076923064	3.141592653589793
0.04106666666666666	-0.027076923076923064	3.141592653589793
0.023142063264947343	-0.02463019201199814	-3.1183410307793302
0.0058666666666666685	-0.02369230769230769	3.141592653589793
-0.003584169408090086	-0.023846721536343644	3.117787627404723
0.0022660814939018717	-0.02360928796248441	3.118869292748152
0.029681224273067634	-0.025916384506049658	3.118869292748152
0.035199999999999995	-0.027076923076923068	3.141592653589793
0.03715555555555555	-0.027076923076923064	3.141592653589793
0.03715555555555555	-0.027076923076923064	3.141592653589793
0.05084444444444444	-0.030461538461538446	3.141592653589793
0.06648888888888889	-0.030461538461538446	3.141592653589793
0.08213333333333332	-0.033846153846153824	3.141592653589793
0.09730820532637441	-0.03768257687823247	-3.118869292748152
0.22737418150884417	-0.0348599842214542	3.1183410307793302
0.2351837126906392	-0.03476025458971642	3.118869292748152
0.237982989830165	-0.04998709177724718	-3.118869292748152
0.24186161356410515	-0.05059372001629671	-3.117787627404723
0.25083450497586346	-0.033915695709812094	3.1183410307793302
0.2703746253018211	-0.03337599666357727	3.118869292748152
0.2796444444444444	-0.043999999999999935	3.141592653589793
0.29137777777777774	-0.043999999999999935	3.141592653589793
0.3075546872279294	-0.035567287413729054	3.1193740882630743
0.3180956355851664	-0.056523865317348744	-3.118869292748152
0.3232054271890628	-0.03468335137159756	3.118869292748152
0.32711552859030524	-0.03452954493535987	3.118869292748152
0.3349357313927901	-0.03422193206288451	3.118869292748152
0.3584407727707134	-0.03668283504268744	3.118869292748152
0.37217056064553067	-0.039528254113084575	3.118869292748152
0.3819902471191054	-0.04252747961971941	3.118869292748152
0.3859003485203478	-0.04237367318348172	3.118869292748152
0.3917655006222115	-0.042142963529125194	3.118869292748152
0.39763065272407516	-0.04191225387476867	3.118869292748152
0.40088888888888885	-0.05753846153846145	3.141592653589793
0.40587268912806473	-0.07389057603599448	-3.1183410307793302
0.428942990111788	-0.04444031048945851	3.1193740882630743
0.4915922144348102	-0.048801626916511964	3.1193740882630743
0.5052917401696484	-0.04783380166991945	3.118869292748152
0.5346038178188546	-0.04714733447866411	3.1193740882630743
0.5893625958654694	-0.04938980403934939	3.120319267565732
0.6081777777777777	-0.07107692307692294	3.141592653589793
0.6147919430288596	-0.04796191233073646	3.1198569467480004
0.6578603014557576	-0.04917760247056832	3.1193740882630743
0.6688	-0.07446153846153832	3.141592653589793
0.6931231943943756	-0.055170911423393164	3.1198569467480004
0.7029411645872319	-0.058186921247872	3.1198569467480004
0.7086789393752647	-0.10791430274415764	-3.1198569467480004
0.7411555555555555	-0.08799999999999984	3.141592653589793
0.7675442584969357	-0.06252703294651225	3.1198569467480004
0.8252444444444444	-0.09476923076923058	3.141592653589793
-0.8572381488249955	-0.08081684771449599	3.0940095503128098
-0.8308847676360771	-0.14432790776808868	3.050932766389048
-0.8248849780273864	-0.043358580826233284	3.1183410307793302
-0.8091436455134552	-0.10905450210003632	3.0735161953317935
-0.7988124849845858	-0.07027474622917591	3.0981417581982624
-0.7505484879720055	-0.04375203437275081	3.1183410307793302
-0.7192495899220753	-0.04459070071108085	3.1193740882630743
-0.6996268556404908	-0.04847347693096131	3.1183410307793302
-0.6244660168466544	-0.07513949997352694	3.0971774383428823
-0.6107906278514725	-0.07408754697389755	3.0971774383428823
-0.5666235670047542	-0.04887682202732306	3.1193740882630743
-0.5314322551450816	-0.04752331003272027	3.1193740882630743
-0.519701817858524	-0.04707213936785267	3.1193740882630743
-0.4603613489044719	-0.06251606397797439	3.0971774383428823
-0.44261400469351747	-0.06612529313995137	3.09511452223879
-0.4367536735218595	-0.065653531238834	3.09511452223879
-0.3916427521772364	-0.06879861057961645	3.09511452223879
-0.28882604104432064	-0.07981861815568587	3.070285188804503
-0.24800199525190458	-0.07336812386181181	3.0735161953317935
-0.23717733074681865	-0.06270448683166191	3.096169374168216
-0.229285160248873	-0.0629469869648763	3.0940095503128098
-0.2195184495689007	-0.06214203828246101	3.0940095503128098
-0.17171695844265036	-0.06823485072553442	3.071938079861225
-0.15695693176804915	-0.06007101540894506	3.09511452223879
-0.1479617916606515	-0.053217026938238515	3.118869292748152
-0.1384170251541681	-0.0676066817890508	3.071938079861225
-0.12462522717092746	-0.06933414636438077	3.071938079861225
-0.11682197304883082	-0.06839189295965532	3.071938079861225
-0.10598567925176806	-0.06274433284861013	3.09511452223879
-0.08329324145654919	-0.06090660900091554	3.1183410307793302
-0.05008600320229484	-0.07051196312028757	3.071938079861225
0.01631767106252475	-0.06592386861641868	3.0735161953317935
0.04283947515405799	-0.06431687251900131	3.09511452223879
0.04674636260182998	-0.06400236458492306	3.09511452223879
0.05057723231551394	-0.06386857497749777	3.0971774383428823
0.05660443906888257	-0.0665970550410686	3.09511452223879
0.07893989635144294	-0.06171759800951674	3.071938079861225
0.08977397281356558	-0.06408767404118382	3.096169374168216
0.1718019412846072	-0.05392105046603382	3.0488363334016495
0.16908562856426892	-0.061010907955972665	3.071938079861225
0.16713481503374475	-0.06124647130715402	3.071938079861225
0.16713481503374475	-0.06124647130715402	3.071938079861225
0.1682233048732521	-0.06777645979386199	3.09511452223879
0.17400304473869516	-0.0679261079760682	3.0971774383428823
0.3902080738613568	-0.05127428944047636	3.071938079861225
0.3883441618961244	-0.07951792753488228	3.118869292748152
0.3880334741896167	-0.050206502404559164	3.0750244898139694
0.3867128567660901	-0.03291692034263692	3.0488363334016495
0.38525524426426666	-0.06183980847821248	3.0971774383428823
0.3872815754913514	-0.06030689635950358	3.09511452223879
0.39442312265445667	-0.034462410679692204	3.0529367717223557
0.40683196912333136	-0.06356801697760359	3.0971774383428823
0.41962497310606395	-0.0782874760449808	3.118869292748152
0.5939526795674789	-0.053583621400381504	3.0750244898139694
0.6017130266790758	-0.054185890971441636	3.0764674902554074
0.609391400750488	-0.04992737921487851	3.0764674902554074
0.6152456307054874	-0.04926657566644629	3.0764674902554074
0.6211397382686623	-0.047054524675124915	3.0750244898139694
0.6328083205704859	-0.04728416502114965	3.0764674902554074
0.6593824698782874	-0.07000538646698147	3.099065118970009
0.7424323752912269	-0.04685718011324341	3.077849341057106
0.7474691836389792	-0.07029317839490327	3.099065118970009
0.749498144802603	-0.06770068947614749	3.0971774383428823
0.7620181333566124	-0.040975710482644645	3.0750244898139694
0.7717742549000992	-0.03985000415070385	3.0750244898139694
0.7836116823728632	-0.04187627554819728	3.0750244898139694
0.7932981280726448	-0.04462930805264442	3.077849341057106
0.837631849684496	-0.07248002069243466	3.0981417581982624
-0.6856969166056592	-0.10805681840735475	3.0735161953317935
-0.6777942824658377	-0.10898731047991	3.071938079861225
-0.6779854064620455	-0.10536611266965798	3.0750244898139694
-0.6741942855499837	-0.16325698647929549	3.0284416719993086
-0.6724838211853855	-0.1599728076185776	3.0309354324158977
-0.6330628523076598	-0.10198401430803829	3.0764674902554074
-0.6172372896512676	-0.1051409714032698	3.0750244898139694
-0.5897900677089246	-0.10536611266965798	3.0750244898139694
-0.5271317217154731	-0.1029149101450729	3.0735161953317935
-0.511430719292998	-0.10247005776389231	3.071938079861225
-0.5075784835024755	-0.10266441747300006	3.0750244898139694
-0.4989997495575254	-0.082428031470959	3.0971774383428823
-0.4806490730855012	-0.12151745678795846	3.0529367717223557
-0.43634945836385886	-0.08176173282951997	3.096169374168216
-0.42385214867265475	-0.11766861270264557	3.050932766389048
-0.4157408593731193	-0.095459896948579	3.0750244898139694
-0.4019129550445018	-0.0960313261649351	3.071938079861225
-0.3941097009224051	-0.09508907276020966	3.071938079861225
-0.3824897570253762	-0.09263109362050928	3.0735161953317935
-0.3689114759643824	-0.0900565065552632	3.0750244898139694
-0.35500663414420114	-0.09139352350756783	3.070285188804503
-0.3511918032508735	-0.08990667903421969	3.071938079861225
-0.3523013041566487	-0.07579641211285741	3.09511452223879
-0.3474480085687114	-0.08757995262499346	3.0750244898139694
-0.33595285942421427	-0.10637580192861094	3.046640947247037
-0.32635123638328	-0.10353155183957947	3.0488363334016495
-0.31984268349291545	-0.08951407344891742	3.071938079861225
-0.304993999366034	-0.10128952008466079	3.0529367717223557
-0.2303975427664949	-0.09828051930873025	3.0488363334016495
-0.2266210318717619	-0.09683146253655209	3.050932766389048
-0.24609627679824148	-0.09989574932568349	3.050932766389048
-0.2519388502761854	-0.1008150353624229	3.050932766389048
-0.2629968845685718	-0.08943555233185696	3.071938079861225
-0.26698015616158005	-0.08917757314584236	3.0735161953317935
-0.25129200338542673	-0.0880221722247688	3.071938079861225
-0.23062844573122754	-0.09664458647131094	3.0529367717223557
-0.21799207009694446	-0.08739400328828516	3.071938079861225
-0.09373484935665181	-0.08307603705522651	3.0488363334016495
-0.09589979724810875	-0.07228439168089375	3.0940095503128098
-0.10282793259237737	-0.07659140963816749	3.0735161953317935
-0.11144032090179715	-0.08252742171618258	3.0488363334016495
-0.11728176803561748	-0.08346790515454364	3.0488363334016495
-0.12533840079538283	-0.07107879310168365	3.09511452223879
-0.12312321516943782	-0.08440838859290468	3.0488363334016495
-0.11728176803561748	-0.08346790515454364	3.0488363334016495
-0.10949317185719037	-0.08221392723672889	3.0488363334016495
-0.09495471440435063	-0.0759299201974589	3.071938079861225
-0.08430985850362922	-0.0708565484750358	3.0971774383428823
-0.07026828571842009	-0.07958129375051434	3.046640947247037
-0.054884781156442346	-0.0766071697282849	3.050932766389048
-0.00884671252214447	-0.07231794881267802	3.071938079861225
0.002037714116448952	-0.07445493887025019	3.0488363334016495
0.005932012205662506	-0.07382794991134281	3.0488363334016495
0.004078897851728875	-0.07412612442084197	3.046640947247037
0.003895048985295905	-0.07415574029697979	3.050932766389048
0.00292653883186586	-0.07428906265505619	3.0735161953317935
0.006019621159093673	-0.07722002708611118	3.050932766389048
0.006113142349346857	-0.07719801556546993	3.0488363334016495
0.010933629322240087	-0.07671513136806343	3.071938079861225
0.0147657186516868	-0.07628443004041928	3.0735161953317935
0.019924315805278647	-0.07837361986342124	3.0488363334016495
0.023724389274075074	-0.07783288444393748	3.050932766389048
0.030373925754971335	-0.07444255245393028	3.0735161953317935
0.03434339168853007	-0.07388837115388709	3.071938079861225
0.04214664581062672	-0.07294611774916164	3.071938079861225
0.04994989993272339	-0.07200386434443619	3.071938079861225
0.06851745260497802	-0.07078502482893526	3.050932766389048
0.19668615471689194	-0.055824230160186415	3.0258334358689827
0.19869425008471026	-0.06814947070009279	3.0735161953317935
0.18784758969995266	-0.06220502181936738	3.050932766389048
0.17508986130044388	-0.06799266244922367	3.0750244898139694
0.1497135965285987	-0.06674294950138578	3.071938079861225
0.1369682052910762	-0.07029252326648797	3.09511452223879
0.13000927053076777	-0.06607735841529272	3.0735161953317935
0.12507036421404458	-0.06144491797292225	3.0488363334016495
0.13675325848168524	-0.05956395109620015	3.0488363334016495
0.14454185466011235	-0.058309973178385405	3.0488363334016495
0.15152830678955145	-0.06313097811660491	3.071938079861225
0.16512773651315799	-0.06193313384569246	3.0735161953317935
0.23906216764682778	-0.04597349377823616	3.0309354324158977
0.24426357343493188	-0.054165919394385836	3.0529367717223557
0.23958712220228173	-0.05928344338064266	3.071938079861225
0.2356854951412334	-0.05975457008300539	3.071938079861225
0.2356307174626535	-0.06039823585695161	3.0735161953317935
0.2363586543350017	-0.051173589378494345	3.050932766389048
0.24348874926333008	-0.05881231667827994	3.071938079861225
0.2618535204205749	-0.050560732020668075	3.050932766389048
0.2715911428838147	-0.049028588626102376	3.050932766389048
0.27478425971322235	-0.05917031746595892	3.0735161953317935
0.2767886825518123	-0.058184147741796303	3.071938079861225
0.2767886825518123	-0.058184147741796303	3.071938079861225
0.28063733737695407	-0.05847961337102554	3.0735161953317935
0.28598167244525413	-0.03913276080402577	3.0284416719993086
0.29324970262496475	-0.0479646553564138	3.0488363334016495
0.2976944785448594	-0.035496079121463124	3.0258334358689827
0.3028729795010134	-0.04854704808791427	3.0529367717223557
0.30808472430005956	-0.05863310316989962	3.0735161953317935
0.31003575018797014	-0.05840286847158849	3.0735161953317935
0.3048761069399797	-0.04719001655262354	3.050932766389048
0.2990911497587851	-0.04702417191805275	3.0488363334016495
0.29324970262496475	-0.0479646553564138	3.0488363334016495
0.29319095998409195	-0.049028588626102376	3.050932766389048
0.29181082327335384	-0.037986293202345325	3.0284416719993086
0.2892959109987961	-0.04964144598392865	3.050932766389048
0.291243435491444	-0.049335017305015515	3.050932766389048
0.29324970262496475	-0.0479646553564138	3.0488363334016495
0.2944821075961013	-0.059440485614763575	3.071938079861225
0.29838373465714957	-0.05896935891240085	3.071938079861225
0.30563297637331743	-0.0386741737633536	3.0284416719993086
0.3180279732319627	-0.05999013343418675	3.071938079861225
0.3258312273540594	-0.05904788002946129	3.071938079861225
0.3363905941846466	-0.049028588626102376	3.050932766389048
0.34418069215523844	-0.04780287391044982	3.050932766389048
0.36303278770358993	-0.05794858439061494	3.071938079861225
0.39817984059484296	-0.05921215306008548	3.0750244898139694
0.4314312945097434	-0.05983943244136168	3.0764674902554074
0.4432883489942236	-0.055043303059378136	3.071938079861225
0.4522787737771065	-0.021422743786962403	3.0258334358689827
0.4561310522988002	-0.022700058513272694	3.0284416719993086
0.4561310522988002	-0.022700058513272694	3.0284416719993086
0.45807410257483344	-0.022317902646045877	3.0284416719993086
0.4619602031268999	-0.021553590911592257	3.0284416719993086
0.4677584960460966	-0.022426094525968908	3.0309354324158977
0.4732484517134528	-0.037690727506316225	3.050932766389048
0.4804401248979771	-0.05525632759466973	3.0735161953317935
0.4901952543375299	-0.054105154103114096	3.0735161953317935
0.5029591584909322	-0.019062180347073604	3.0309354324158977
0.5174646866665421	-0.052232773802052566	3.0750244898139694
0.5241052767218073	-0.013751777589482655	3.0333220627293374
0.5280239125120296	-0.008560291425880533	3.0284416719993086
0.5408375195383204	-0.050881873229280575	3.0764674902554074
0.5486431594783197	-0.050000801831370956	3.0764674902554074
0.5554362196816993	-0.008970437810387628	3.0309354324158977
0.561254582280913	-0.010167537685840935	3.0333220627293374
0.5649591505490564	-0.02665929506544322	3.050932766389048
0.5688228989027893	-0.028019438248271446	3.0529367717223557
0.5746967730122963	-0.02512715167087752	3.050932766389048
0.5819443950919037	-0.04963368874890863	3.0764674902554074
0.5925715736566776	-0.007680514079232418	3.0333220627293374
0.598411261562204	-0.004111450663094383	3.0309354324158977
0.6042362020233593	-0.00548608148516606	3.0333220627293374
0.6172779860364318	-0.045893449863350616	3.0735161953317935
0.6416040331928811	0.00015286234689088036	3.0284416719993086
0.6593050815950483	-0.0053397859788949864	3.0333220627293374
0.6731251304207907	-0.006144411263385992	3.0333220627293374
0.6826653936987968	-0.027495010259667402	3.0529367717223557
0.6918596835948284	-0.054185890971441664	3.0764674902554074
0.6986098076132146	-0.004754603953810616	3.0333220627293374
0.7024980170687751	-0.0040231264224551725	3.0333220627293374
0.7036114857162711	-0.05110706747011176	3.0750244898139694
0.7102744359798961	-0.0025601713597442595	3.0333220627293374
0.725817598565503	0.00649664974285603	3.0284416719993086
0.7355477974410397	0.0021944325940661644	3.0333220627293374
0.7490161730802629	-0.02554431814218405	3.0566908601400713
0.7587587313729436	-0.024109244089252364	3.0566908601400713
0.7920492603475078	-0.0226024163336741	3.0566908601400713
0.805335313009694	-0.04615395960957227	3.0750244898139694
0.8169662742648148	-0.048797584811184465	3.077849341057106
0.8253992463814931	0.012288822526771383	3.0333220627293374
0.8346036776401545	-0.0427768406137499	3.0750244898139694
0.8407770037699234	-0.012754545055562085	3.054854314913808
0.8485810904870467	-0.008765439238095491	3.0529367717223557
0.8523366676753937	0.02797380948100304	3.0284416719993086
0.868064780677538	-0.0027578581102183537	3.050932766389048
0.8599004571524423	-0.03187957352654424	3.071938079861225
0.8599004571524423	-0.03187957352654424	3.071938079861225
0.8620430737119738	-0.003296404499796492	3.0529367717223557
0.8657233962628617	-0.03353752105398683	3.0735161953317935
-0.7783263047839587	-0.09524042020136884	3.0735161953317935
-0.7708656037262901	-0.12808718778569225	3.050932766389048
-0.7728131282189381	-0.1283936164646054	3.050932766389048
-0.7765311295230842	-0.1323771892904762	3.050932766389048
-0.7761092299113331	-0.10176373665351736	3.0735161953317935
-0.7722071781355119	-0.10130326725689512	3.0735161953317935
-0.7683051263596907	-0.10084279786027286	3.0735161953317935
-0.7507837807505839	-0.09831288348341487	3.0764674902554074
-0.7429781408105847	-0.09743181208550525	3.0764674902554074
-0.733053635884943	-0.10007534886590244	3.0735161953317935
-0.7216463483666419	-0.13053861721699742	3.050932766389048
-0.6997531712981059	-0.09953813456984315	3.0735161953317935
-0.6860504669379948	-0.09951243974356587	3.0750244898139694
-0.6723057843750003	-0.09969162436871722	3.0735161953317935
-0.6206499571100108	-0.07029252326648817	3.09511452223879
-0.6118239818497727	-0.09255434872107231	3.0735161953317935
-0.6098729559618622	-0.0923241140227612	3.0735161953317935
-0.6098729559618622	-0.0923241140227612	3.0735161953317935
-0.6001178265223094	-0.09117294053120556	3.0735161953317935
-0.5923137229706671	-0.09025200173796108	3.0735161953317935
-0.5826355785770343	-0.08757995262499349	3.0750244898139694
-0.5728794570335475	-0.08645424629305269	3.0750244898139694
-0.5421199996807305	-0.10908860969307763	3.050932766389048
-0.5297478700651714	-0.08626126696723489	3.0735161953317935
-0.5238161168240002	-0.0870013977029829	3.071938079861225
-0.5160906888497975	-0.084649624079057	3.0735161953317935
-0.5082865852981552	-0.08372868528581251	3.0735161953317935
-0.483517217220142	-0.103266464793728	3.050932766389048
-0.4700923957220734	-0.0640876740411839	3.096169374168216
-0.4572938632277654	-0.08449613428018289	3.0735161953317935
-0.4524217522107979	-0.06608561112160449	3.096169374168216
-0.4396016057442127	-0.08580079757061261	3.0735161953317935
-0.43374852808048103	-0.08511009347567923	3.0735161953317935
-0.42693695478498844	-0.06746879833112644	3.096169374168216
-0.4148227169340142	-0.10265360743590171	3.050932766389048
-0.390692934054091	-0.0834217056880643	3.0735161953317935
-0.37386221579966444	-0.0982927887212093	3.0529367717223557
-0.36324554713098556	-0.08357519548693837	3.0735161953317935
-0.35443646357577985	-0.06919174549721425	3.09511452223879
-0.3317389308859274	-0.08512378310863176	3.070285188804503
-0.3201899531045955	-0.08188680769932344	3.0735161953317935
-0.3143368754408638	-0.08119610360439006	3.0735161953317935
-0.3083319000632328	-0.08223005677066128	3.070285188804503
-0.2996984934368636	-0.0653618330121222	3.0940095503128098
-0.29188512489288576	-0.06471787406618996	3.0940095503128098
-0.2799819196000861	-0.0892675530244368	3.0488363334016495
-0.2732213538291909	-0.07788946726370556	3.070285188804503
-0.2596396705858092	-0.07545879349509618	3.071938079861225
-0.24995302113981513	-0.07359835856012292	3.0735161953317935
-0.2410844077040856	-0.06301186176711124	3.096169374168216
-0.22906719526413727	-0.08535735539369686	3.046640947247037
-0.2126840425836578	-0.07318168110034301	3.071938079861225
-0.2067621056004688	-0.07306659003375474	3.070285188804503
-0.19602580624576904	-0.06321609474972753	3.09511452223879
-0.17831223212863673	-0.06552282274860524	3.0940095503128098
-0.16949393837298327	-0.0747521034415521	3.071938079861225
-0.16263554724446191	-0.06730469789274471	3.09511452223879
-0.15367830355614356	-0.07668374795621784	3.070285188804503
-0.14594807273712185	-0.07530175126097527	3.071938079861225
-0.13027531951548288	-0.07643791983929343	3.0735161953317935
-0.12533840079538283	-0.07107879310168365	3.09511452223879
-0.11154003912438282	-0.0821228859487214	3.050932766389048
-0.1027579685264473	-0.07687217360218435	3.071938079861225
-0.08231500771332867	-0.07084992262106896	3.096169374168216
-0.0725473153201613	-0.07008148528244564	3.096169374168216
-0.061654781115868376	-0.07530175126097526	3.071938079861225
-0.052879267316355776	-0.07202231690391836	3.09511452223879
-0.032256474888434444	-0.07514470902685436	3.071938079861225
-0.022502407235813624	-0.07396689227094755	3.071938079861225
-0.016649966644241128	-0.07326020221740347	3.071938079861225
-0.00884671252214447	-0.07231794881267802	3.071938079861225
0.006759795722048852	-0.07043344200322711	3.071938079861225
0.01645069555488229	-0.0693006441916485	3.0735161953317935
0.02809763004524211	-0.06799266244922368	3.0750244898139694
0.03316311438225063	-0.06848410264553807	3.09511452223879
0.03400992854607739	-0.06722853190684837	3.0735161953317935
0.030169558088338835	-0.06760668178905078	3.071938079861225
0.03400992854607739	-0.06722853190684837	3.0735161953317935
0.03791198032189853	-0.06676806251022613	3.0735161953317935
0.05541477036700527	-0.06484068471978946	3.0750244898139694
0.06717736864055704	-0.06331454203555924	3.0735161953317935
0.0846831349974658	-0.0614635657239671	3.0750244898139694
0.0925955910651121	-0.06006865455124721	3.071938079861225
0.0984480316566846	-0.05936196449770312	3.071938079861225
0.10820209930930542	-0.05818414774179632	3.071938079861225
0.11318012416012431	-0.06244092447800075	3.0971774383428823
0.1226940430368211	-0.05546359088327828	3.050932766389048
0.127019270976401	-0.06431687251900128	3.09511452223879
0.13968732233683498	-0.06116795019009355	3.071938079861225
0.14469112233899759	-0.06628254710699032	3.09511452223879
0.15038330179393267	-0.05736948974002435	3.0488363334016495
0.1534791203200756	-0.06289541476542355	3.071938079861225
0.16427482661236037	-0.06839092313747432	3.096169374168216
0.17111383866924726	-0.06461920532598892	3.0735161953317935
0.17495977967986406	-0.06461554345340129	3.0750244898139694
0.17702498595593702	-0.06344506258484671	3.071938079861225
0.1916725155991365	-0.06995487447535341	3.0971774383428823
0.2025216651223226	-0.06375914705308854	3.071938079861225
0.20642329218337097	-0.06328802035072581	3.071938079861225
0.21227573277494344	-0.06258133029718173	3.071938079861225
0.22310144483730518	-0.07013526929944883	3.09511452223879
0.22896177600896317	-0.06966350739833145	3.09511452223879
0.2366012501876839	-0.05368592960644355	3.0488363334016495
0.24362485253290153	-0.06218872471187945	3.071938079861225
0.25532973371604656	-0.06077534460479128	3.071938079861225
0.26030773343876173	-0.07052840421704662	3.09511452223879
0.267170718168763	-0.06273837253130264	3.071938079861225
0.2749739722908596	-0.06179611912657718	3.071938079861225
0.2808264128824321	-0.061089429073033094	3.071938079861225
0.28472803994348045	-0.060618302370670375	3.071938079861225
0.2885210344460509	-0.06168870699035523	3.0750244898139694
0.29247651719677503	-0.06047498075638862	3.0735161953317935
0.29838373465714957	-0.05896935891240085	3.071938079861225
0.30033454818767374	-0.058733795561219486	3.071938079861225
0.3041308289156298	-0.05988757685924996	3.0750244898139694
0.3060820532243272	-0.0596624355928618	3.0750244898139694
0.31203942937081874	-0.057320415454131315	3.071938079861225
0.3178398537396124	-0.057481929678343986	3.0735161953317935
0.31984268349291545	-0.05637816204940587	3.071938079861225
0.32179349702343957	-0.05614259869822451	3.071938079861225
0.32819535952217854	-0.044651297315427316	3.0529367717223557
0.3315475646760604	-0.05496478194231771	3.071938079861225
0.33730164216348507	-0.05606017533065127	3.0750244898139694
0.3412040907808798	-0.055609892797874955	3.0750244898139694
0.34510653939827457	-0.05515961026509864	3.0750244898139694
0.3463090939395705	-0.067622485798851	3.096169374168216
0.35216970937547093	-0.067161423395677	3.096169374168216
0.35899505737297016	-0.055043303059378136	3.071938079861225
0.3647488641058281	-0.05628531659703943	3.0750244898139694
0.3667983114950668	-0.0541010496546527	3.071938079861225
0.3725537613406176	-0.05538475153148679	3.0750244898139694
0.37645620995801227	-0.054934468998710476	3.0750244898139694
0.380358658575407	-0.05448418646593416	3.0750244898139694
0.38426110719280177	-0.054033903933157844	3.0750244898139694
0.3881635558101965	-0.05358362140038153	3.0750244898139694
0.3921118619725715	-0.05210978671775106	3.0735161953317935
0.3987113779493811	-0.03922287090088191	3.050932766389048
0.40200001590448187	-0.05433538880142525	3.0735161953317935
0.40590206768030296	-0.053874919404803	3.0735161953317935
0.40980411945612416	-0.05341445000818075	3.0735161953317935
0.4156571971198558	-0.05272374591324737	3.0735161953317935
0.41760822300776634	-0.05249351121493624	3.0735161953317935
0.419559248895677	-0.052263276516625115	3.0735161953317935
0.4261085622706839	-0.0397816088498186	3.0529367717223557
0.4313984287154979	-0.0542586439019882	3.0735161953317935
0.4333494546034084	-0.05402840920367707	3.0735161953317935
0.4360684386719919	-0.04014215693762134	3.050932766389048
0.4393355567594977	-0.05671448068397353	3.0735161953317935
0.44713966031114	-0.05579354189072903	3.0735161953317935
0.45182568229432535	-0.041061442974360755	3.050932766389048
0.45697673309692366	-0.05921215306008547	3.0750244898139694
0.4628304060230158	-0.058536729260920996	3.0750244898139694
0.46483191779469263	-0.05709820518115873	3.0735161953317935
0.46683421463008506	-0.055592950878801325	3.071938079861225
0.46995320539876384	-0.02338793907428097	3.0284416719993086
0.4714779749019547	-0.04136787165327391	3.050932766389048
0.4746678334957798	-0.060563000658414426	3.0750244898139694
0.4805215064218719	-0.05988757685924995	3.0750244898139694
0.484527639674374	-0.0568492887517686	3.071938079861225
0.49227930471779807	-0.0572516949800328	3.0735161953317935
0.5080205363134401	-0.058786592968773636	3.0735161953317935
0.513822401290307	-0.059437294326473614	3.0750244898139694
0.5209141149110899	-0.020177829789575694	3.0284416719993086
0.5275594472490824	-0.06255606925158301	3.0764674902554074
0.5392679071590813	-0.06123446215471858	3.0764674902554074
0.5531070507054141	-0.06168870699035521	3.0750244898139694
0.55901325838383	-0.05955404196314401	3.0735161953317935
0.5648663360475616	-0.05886333786821063	3.0735161953317935
0.5737923933492515	-0.01906218034707359	3.0309354324158977
0.5811576690374214	-0.041635526388271726	3.054854314913808
0.5883076885212509	-0.06248264663509055	3.0764674902554074
0.5923137229706671	-0.05901682766708471	3.0735161953317935
0.6019675584162497	-0.06094077168874872	3.0764674902554074
0.6059709041860412	-0.057405184778906826	3.0735161953317935
0.6117738615869149	-0.05831158799453282	3.0750244898139694
0.6156274283112484	-0.05939889674240689	3.0764674902554074
0.6175788382962482	-0.05917862889292949	3.0764674902554074
0.6262553012227836	-0.011557344995416323	3.0333220627293374
0.6409957581162461	-0.05653541469920064	3.0764674902554074
0.6468958991434676	-0.054259045199545976	3.0750244898139694
0.6507983477608623	-0.05380876266676965	3.0750244898139694
0.6566070379962446	-0.0547732719033814	3.0764674902554074
0.6625056936130466	-0.0524579150684407	3.0750244898139694
0.6722999210481125	-0.05799654041623839	3.077849341057106
0.6782455697032053	-0.054033903933157816	3.0750244898139694
0.6927774934298737	-0.005851820250843795	3.0333220627293374
0.6997925894034147	-0.0566822599321856	3.0764674902554074
0.7057392734541952	-0.052416766315499096	3.0735161953317935
0.7115464645716404	-0.05358362140038148	3.0750244898139694
0.7271562590412193	-0.05178249126927622	3.0750244898139694
0.7338106008373668	0.004662301580167318	3.0284416719993086
0.739500068857412	-0.025547134873423926	3.0529367717223557
0.7591218524870091	-0.028441169434241926	3.054854314913808
0.7920179221727541	-0.05983943244136173	3.0764674902554074
0.7978721521277536	-0.05917862889292952	3.0764674902554074
0.8038226658191536	-0.054412133700862134	3.0735161953317935
0.8221310679297864	0.008407429078990123	3.0284416719993086
0.8312215555050789	-0.05673559912981568	3.0750244898139694
0.8429762080697224	-0.05318421530986945	3.0735161953317935
0.8573267740661156	0.011923263057476836	3.0284416719993086
-0.8531385665786545	-0.16782667996580253	3.046640947247037
-0.8493408327092034	-0.13214683610065217	3.070285188804503
-0.8434890750035297	-0.13142340451615955	3.070285188804503
-0.8255195931881331	-0.09514493426148826	3.0940095503128098
-0.8183666769835779	-0.12371277789251127	3.0735161953317935
-0.8161808723770527	-0.12804739045519398	3.070285188804503
-0.7930033404407405	-0.12071972681446663	3.0735161953317935
-0.7832482110011877	-0.11956855332291101	3.0735161953317935
-0.7577518499659927	-0.11995227782009622	3.0735161953317935
-0.7461481756458738	-0.11662317598906588	3.0750244898139694
-0.7362905651989764	-0.11741969613867384	3.0735161953317935
-0.7284864616473342	-0.11649875734542933	3.0735161953317935
-0.7112005351788029	-0.1424893356946098	3.050932766389048
-0.7032212408545316	-0.1116700681285264	3.0750244898139694
-0.6954163436197421	-0.11076950306297377	3.0750244898139694
-0.6907534466040818	-0.08483548218401324	3.096169374168216
-0.6718959499635441	-0.14310219305243613	3.050932766389048
-0.6638365583615705	-0.11565456345162185	3.0735161953317935
-0.6522292455872403	-0.11257063319407902	3.0750244898139694
-0.6403918181144763	-0.11459690459157244	3.0750244898139694
-0.6148238364107788	-0.1149549153765045	3.071938079861225
-0.6030887068516277	-0.11527083895443661	3.0735161953317935
-0.5875786801590676	-0.11189520939491457	3.0750244898139694
-0.5775923458164328	-0.11565456345162181	3.0735161953317935
-0.5546123373898656	-0.06921289630695766	3.118869292748152
-0.5423408553416852	-0.11488711445725137	3.0735161953317935
-0.5345367517900429	-0.11396617566400688	3.0735161953317935
-0.5267326482384006	-0.11304523687076239	3.0735161953317935
-0.507222389359295	-0.11074288988765113	3.0735161953317935
-0.4993175283011386	-0.11118590175760269	3.071938079861225
-0.48771213048018924	-0.10844054290453986	3.0735161953317935
-0.4489929193959284	-0.1250229009965609	3.050932766389048
-0.43730777244004054	-0.12318432892308209	3.050932766389048
-0.42253442036892186	-0.084838515217607	3.09511452223879
-0.40294657776799914	-0.08403664244415711	3.0940095503128098
-0.39056718461648965	-0.11583004062916674	3.050932766389048
-0.3859373534456189	-0.1020038534134596	3.070285188804503
-0.3723355541087507	-0.10161024685464314	3.0735161953317935
-0.3526922707372875	-0.10268467544676171	3.0735161953317935
-0.34293714129773467	-0.10153350195520608	3.0735161953317935
-0.2986998197065625	-0.12687574791930262	3.0284416719993086
-0.2842283409669167	-0.10063814607550661	3.0750244898139694
-0.2672022519867744	-0.1253308696733595	3.0258334358689827
-0.23328061809767028	-0.09877068557547254	3.0735161953317935
-0.22469145717070074	-0.08924162629470239	3.09511452223879
-0.21572138510647518	-0.09669857329067241	3.0735161953317935
-0.20002643851351265	-0.09540315722845145	3.071938079861225
-0.19213271133628468	-0.0950106814300309	3.070285188804503
-0.180518303208271	-0.09304752371663784	3.071938079861225
-0.14216928796330067	-0.09713789121546523	3.050932766389048
-0.12074651854417316	-0.0937671757474207	3.050932766389048
-0.0925955910651121	-0.08582358094707608	3.071938079861225
-0.04948511115700437	-0.08725895065991625	3.0735161953317935
0.00998338084346189	-0.08999116094450212	3.0258334358689827
0.02447338711037323	-0.08776404774502285	3.046640947247037
0.0876958733605398	-0.0844102008399879	3.071938079861225
0.0973739284057183	-0.08349845058750115	3.0735161953317935
0.12156337169314667	-0.08191542029724455	3.096169374168216
0.1285993419603994	-0.07571917251022764	3.070285188804503
0.13633010835407247	-0.07514470902685434	3.071938079861225
0.15772270643858835	-0.07298439936462645	3.0735161953317935
0.1665424346922339	-0.07807659463492456	3.09511452223879
0.1793170156979621	-0.0738285932584339	3.0735161953317935
0.40663120172297884	-0.06964823083262256	3.071938079861225
0.4163852693755997	-0.06847041407671574	3.071938079861225
0.42796853170762283	-0.06934351004755257	3.0750244898139694
0.439675877559807	-0.06799266244922363	3.0750244898139694
0.45285760212773063	-0.03550798299945072	3.0309354324158977
0.46840636099906907	-0.03251783706265488	3.0309354324158977
0.47883044535433417	-0.06686695611728284	3.0750244898139694
0.4926031003356136	-0.06265985141424217	3.071938079861225
0.5041963613674001	-0.06394011965423678	3.0750244898139694
0.5579486322619872	-0.048525912797598394	3.054854314913808
0.572243000307497	-0.02852762372286281	3.0333220627293374
0.6338173645862192	-0.0676890013034704	3.0735161953317935
0.6502440900477665	-0.04607474471306674	3.0529367717223557
0.662895938474786	-0.06258927205590781	3.0750244898139694
0.7116765461922202	-0.05696074039620386	3.0750244898139694
0.836773085959163	-0.051395831544727884	3.0764674902554074
0.8485632367487391	-0.04573996006447644	3.0735161953317935
-0.8351294211382817	-0.14396288531403165	3.070285188804503
-0.821501240535137	-0.1734386322648369	3.050932766389048
-0.5891137056889683	-0.1241576444887637	3.0764674902554074
-0.5791442982272709	-0.12601512487562244	3.0735161953317935
-0.5635360911239863	-0.12417324728913341	3.0735161953317935
-0.5320536279327021	-0.12724304326661506	3.0735161953317935
-0.414471643069995	-0.14311797182552183	3.046640947247037
-0.40251772380207	-0.10281691590779858	3.096169374168216
-0.39315697803540495	-0.11872392899540626	3.071938079861225
-0.3776565338030523	-0.11580805325049581	3.0735161953317935
-0.36584558860806665	-0.1154260420788672	3.071938079861225
-0.32566011636080966	-0.1375467130926088	3.0309354324158977
0.10995271028500572	-0.08350178965137123	3.0258334358689827
0.2573406516395422	-0.07414144439079651	3.0488363334016495
0.27274584019378095	-0.07356975497273432	3.0529367717223557
0.28841067259304703	-0.070172167471109	3.050932766389048
0.38310414219103206	-0.05232755389392735	3.0309354324158977
0.43044008249863946	-0.08262684476445391	3.0750244898139694
0.4617897530583772	-0.08240170349806572	3.0750244898139694
0.4783828344667974	-0.060672878424801686	3.050932766389048
0.49259331924337324	-0.04148827487304243	3.0309354324158977
-0.8486348745590963	-0.11080866422948105	3.096169374168216
-0.8388671821659289	-0.11004022689085774	3.096169374168216
-0.8194205945831683	-0.10512222792366856	3.096169374168216
-0.8108128451121828	-0.07251973468606791	3.118869292748152
-0.7977773310502781	-0.10826935630643646	3.09511452223879
-0.5787452247501982	-0.13614545160131192	3.0735161953317935
-0.5788632115802193	-0.1346344773001185	3.0750244898139694
-0.5749761974667345	-0.13230820662945983	3.0735161953317935
-0.5720300618135818	-0.08343999165894339	3.118869292748152
-0.23207564901457936	-0.10383838003157342	3.0940095503128098
-0.21703934720994433	-0.11102885952348178	3.071938079861225
-0.20689748432799984	-0.09759154200516006	3.096169374168216
-0.191210340321771	-0.09671118972906073	3.09511452223879
-0.025422222222222214	-0.10153846153846154	3.141592653589793
0.0001300816205798292	-0.10514097140326974	3.0750244898139694
0.013878888702636547	-0.10352886934056901	3.0735161953317935
0.07765548930556006	-0.1018257778387399	3.1183410307793302
0.10566150494397164	-0.0924193547801542	3.071938079861225
0.1270897433064886	-0.09388390808386184	3.0750244898139694
0.15266777572900186	-0.09393575691093879	3.0735161953317935
0.17155920303416977	-0.08855788820589737	3.050932766389048
0.450082407206193	-0.08375255109639468	3.0750244898139694
0.4638710589876544	-0.08555368122749996	3.0750244898139694
0.4775296291485359	-0.08397769236278284	3.0750244898139694
0.7248263435105773	-0.1012956070123478	3.0981417581982624
0.7365486024352768	-0.10041349722704435	3.0981417581982624
-0.8554712455437185	-0.1261182395632137	3.070285188804503
-0.8358032507088068	-0.16156927985235484	3.046640947247037
-0.8159719826943543	-0.19147554574551295	3.0258334358689827
-0.7133119664423607	-0.14032194609361667	3.0529367717223557
-0.6938498624261211	-0.13636076211634704	3.050932766389048
-0.6838390793881376	-0.10604153646882246	3.0750244898139694
-0.6739907612781959	-0.10667541021748798	3.0735161953317935
-0.6569350623140471	-0.15698266168178174	3.0309354324158977
-0.3807280335693289	-0.11375632513934412	3.046640947247037
-0.37113566440923584	-0.11074192486701422	3.0488363334016495
-0.36334706823080876	-0.10948794694919947	3.0488363334016495
-0.3569933959901812	-0.09301481811769448	3.0735161953317935
-0.3300644043288092	-0.10752860645261395	3.0488363334016495
-0.3144366817220697	-0.10725003761959882	3.050932766389048
-0.29992623837895943	-0.09728766403790236	3.071938079861225
-0.24641223991854055	-0.08375966990994053	3.096169374168216
0.015959343149681282	-0.07997994586493543	3.0928508022798615
0.03274197763888825	-0.080783193601676	3.070285188804503
0.23560688789764145	-0.05344885862022576	3.0309354324158977
0.2493586527416728	-0.048631192100330484	3.0258334358689827
0.2673068214383344	-0.06611478056490214	3.071938079861225
0.2973756422998373	-0.0561887130647156	3.0529367717223557
0.43482910490394316	-0.05393144748871261	3.050932766389048
0.4528073489877787	-0.03737850185226376	3.0333220627293374
0.4671820171596758	-0.0669982972085371	3.0735161953317935
0.568716845174993	-0.05988757685924993	3.0750244898139694
0.5873732066671783	-0.018872120308970838	3.0333220627293374
0.6089696744040417	-0.018213790530750954	3.0333220627293374
0.6206343027707233	-0.0160193579366846	3.0333220627293374
0.6305885542265015	-0.014950729683979327	3.0309354324158977
0.6444096732232467	-0.015698266168178297	3.0309354324158977
0.6798027075292532	-0.018506381543293128	3.0333220627293374
-0.7035221985815694	-0.1033753795416952	3.0735161953317935
-0.689066299736171	-0.07453842184646092	3.096169374168216
-0.6773876015613424	-0.07243447797448	3.0971774383428823
-0.6499499957043425	-0.07371184947402992	3.0971774383428823
-0.5804745431508462	-0.09224736912332415	3.0735161953317935
-0.550401846606082	-0.06266634297792147	3.0971774383428823
-0.5386053207067991	-0.063687856650845	3.09511452223879
-0.5288761444882261	-0.06193604949303865	3.096169374168216
-0.5104402791552316	-0.07924972576863164	3.0750244898139694
-0.4769371465992286	-0.08342170568806433	3.0735161953317935
-0.30950725792640194	-0.06557490425531441	3.09511452223879
-0.29201712225905063	-0.06077865826062114	3.09511452223879
-0.2833216394912421	-0.07153273764207349	3.071938079861225
-0.27439806196112587	-0.05988818197169818	3.0940095503128098
-0.25884370984102806	-0.08151002859089511	3.050932766389048
-0.231484323628601	-0.07806012538396756	3.0488363334016495
-0.19816096566490027	-0.05661142813408437	3.09511452223879
-0.08245349671751352	-0.06423824553548178	3.09511452223879
-0.06878417206413241	-0.07226047751407438	3.0488363334016495
-0.04839036285569474	-0.06664181485089474	3.0750244898139694
0.009449216152750866	-0.06022826937598413	3.09511452223879
0.03756450240172113	-0.056535204283526784	3.071938079861225
0.048297858653425944	-0.05663749333453943	3.046640947247037
0.0599087950235992	-0.0549399075242583	3.0488363334016495
0.06971207237500252	-0.053107677885927906	3.046640947247037
0.09427419805649337	-0.05308027513286682	3.071938079861225
0.11135309402322888	-0.045738339837127516	3.0258334358689827
0.12562331781445146	-0.052687669547564535	3.071938079861225
0.24145466914124825	-0.05498080042143917	3.070285188804503
0.2549599763364561	-0.055384751531486816	3.0750244898139694
0.2647630812889544	-0.05356793980705489	3.0735161953317935
0.2784672895431936	-0.051195768323415915	3.071938079861225
0.2926598169406425	-0.03891644222196877	3.050932766389048
0.3106141478716924	-0.022673706927806875	3.0258334358689827
0.326092026329458	-0.022426094525968884	3.0309354324158977
0.36482234084596615	-0.033425704283542086	3.054854314913808
0.4066583133900592	-0.05680546197998619	3.0971774383428823
0.46039776804944127	-0.04405157227686167	3.0735161953317935
0.5467330512970026	-0.04885565480623019	3.0750244898139694
0.5584811604143999	-0.046046939662224715	3.0735161953317935
0.5662452943839763	-0.046604242142348616	3.0750244898139694
0.5798657192383169	-0.046476516239732486	3.0764674902554074
0.598186757349143	-0.005585503682538164	3.0356082956001935
0.625397227481422	0.007184530303864258	3.0284416719993086
0.6306691182670908	-0.03752825582471308	3.0735161953317935
0.6426531460409438	-0.015393416446368057	3.054854314913808
0.6481967153492658	-0.03714830895404597	3.0750244898139694
0.6720456123222417	-0.014367188683276844	3.054854314913808
0.6853691242968942	-0.037959492726606196	3.0764674902554074
0.7603985274396224	0.013678629836346783	3.0333220627293374
0.7659205819740071	-0.04052542794986832	3.0750244898139694
0.7718674929798212	-0.04515490914286809	3.0764674902554074
0.7763581686452989	0.013081888473481686	3.0309354324158977
0.7934602686834061	-0.04610940315727018	3.0764674902554074
0.8037403302987247	-0.020880327470156085	3.0566908601400713
0.8173799119084776	-0.018871223796051717	3.0566908601400713
-0.8479607676582908	-0.08213555361686546	3.0488363334016495
-0.8310638468972612	-0.14944306281625835	3.002952916455635
-0.826906383403575	-0.15317020737087092	2.999695598985629
-0.8186533392867649	-0.08054397069104488	3.046640947247037
-0.8070706377215484	-0.07555216954833806	3.0488363334016495
-0.7935277069134664	-0.070478596150022	3.050932766389048
-0.7748968848312006	-0.13587859076094852	3.002952916455635
-0.7584722660458033	-0.06496287992958551	3.050932766389048
-0.7526296925678594	-0.06404359389284608	3.050932766389048
-0.746858709205443	-0.06053397354172044	3.0529367717223557
-0.7155546326250299	-0.06081792901401487	3.0488363334016495
-0.7007339531392806	-0.08991297574819913	3.0258334358689827
-0.6291555540875944	-0.0605044345345612	3.0488363334016495
-0.6126642905275975	-0.08036017205138822	3.0309354324158977
-0.6037980836157831	-0.055514448507939164	3.0529367717223557
-0.593925741140988	-0.058231599558521974	3.0488363334016495
-0.5742731205512359	-0.05846672041811224	3.0488363334016495
-0.5645373753282019	-0.056899248020843826	3.0488363334016495
-0.5507254258472	-0.09923545221489831	3.0060649396042924
-0.5429376056938431	-0.056820874400980395	3.0488363334016495
-0.5371626646085357	-0.05393144748871251	3.050932766389048
-0.5311764103007642	-0.0975238766735207	3.002952916455635
-0.5156820759377131	-0.093781953347918	3.002952916455635
-0.5061793204073183	-0.04565787315805774	3.050932766389048
-0.49833430781157156	-0.04624043571941853	3.0488363334016495
-0.48665141354393093	-0.044359468842696426	3.0488363334016495
-0.47311728825869315	-0.03880767115669702	3.0529367717223557
-0.4773599565155644	-0.07850423639120221	3.0060649396042924
-0.4868811231619885	-0.03922287090088182	3.050932766389048
-0.5025908661881539	-0.040127293370071676	3.0488363334016495
-0.5104284647549139	-0.03952929957979495	3.050932766389048
-0.5118133128482222	-0.057560309283319934	3.0309354324158977
-0.5058996355053785	-0.05862271003259353	3.0284416719993086
-0.4812155973651945	-0.034932869396097854	3.050932766389048
-0.4689026839598847	-0.053478674271102776	3.0258334358689827
-0.3698224708675243	-0.02554980007547533	3.0488363334016495
-0.35601129741159254	-0.026725404373426638	3.0488363334016495
-0.3540641483669858	-0.026411909893972952	3.0488363334016495
-0.35016985027777225	-0.02578492093506559	3.0488363334016495
-0.3449741479261895	-0.0559729364121406	3.002952916455635
-0.3359114024976592	-0.04034356129223544	3.0258334358689827
-0.3304834282139414	-0.02727584664836182	3.046640947247037
-0.3207814844649862	-0.024452569397387425	3.0488363334016495
-0.31371522918212696	-0.05184122940678759	3.002952916455635
-0.29528741674141373	-0.023747206818616636	3.0488363334016495
-0.28363038520200207	-0.020837150166093464	3.050932766389048
-0.26946574509897175	-0.03255967988772469	3.0284416719993086
-0.23756273690423776	-0.04164315012895553	2.999695598985629
-0.2279558901494249	-0.03796493040767753	3.002952916455635
-0.22608542589953023	-0.036279627691468204	3.0060649396042924
-0.2269560700364922	-0.016144965691864775	3.0488363334016495
-0.2191674738580651	-0.014890987774050034	3.0488363334016495
-0.21332602672424478	-0.013950504335688983	3.0488363334016495
-0.2035902815012109	-0.012383031938420557	3.0488363334016495
-0.18801308914435666	-0.009875076102791074	3.0488363334016495
-0.18394718006595862	-0.016575261616189742	3.0258334358689827
-0.18174313707823148	-0.023387020785016973	3.002952916455635
-0.18174313707823148	-0.023387020785016973	3.002952916455635
-0.17399596989670588	-0.021516059122215613	3.002952916455635
-0.13719692578445927	-0.012628991223909175	3.002952916455635
-0.12557617501217083	-0.009822548729707142	3.002952916455635
-0.11974931906814312	-0.009094481062645486	2.999695598985629
-0.11394161537199761	-0.007658510368543572	2.999695598985629
0.015224084345091014	0.007094062971455136	3.002952916455635
0.013287292549709612	0.006626322555754798	3.002952916455635
-0.04922720275780479	-0.0019146275921359012	2.999695598985629
-0.039276335943548416	-0.002650529022301929	3.002952916455635
0.06609719920851317	0.012923736246917231	2.999695598985629
0.07190490290465869	0.014359706941019146	2.999695598985629
0.06391412924758624	0.015435433718111184	3.002952916455635
0.050356586679916424	0.012161250808208813	3.002952916455635
0.042508422505419224	0.011962335034325639	3.0258334358689827
0.03459200229890502	0.011771467128458526	3.002952916455635
0.019096658124003348	0.009947661718814295	3.046640947247037
0.018805897682756888	0.011487765552815301	2.999695598985629
0.024637793304037824	0.012784904695809255	3.002952916455635
0.03625854407632623	0.015591347190011288	3.002952916455635
0.06167228210668803	0.018667619023324877	2.999695598985629
0.07720142179729586	0.022061756273865984	3.002952916455635
0.0910701166534805	0.021735484572173377	3.0258334358689827
0.1085069126249401	0.02560914895868343	3.0060649396042924
0.15208395810769024	0.020530721487180336	3.050932766389048
0.1593574272571953	0.031650434795722944	3.002952916455635
0.15760787352642247	0.027591653613776072	3.0284416719993086
0.1494612262374378	0.031859000787885935	3.0060649396042924
0.12039431164461363	0.024806520256445114	3.0231026944316555
0.11039713233673985	0.026661203694919318	3.002952916455635
0.09877638156445145	0.023854761200717285	3.002952916455635
0.0910701166534805	0.021735484572173377	3.0258334358689827
0.08490309689127007	0.024411501799732532	2.999695598985629
0.09071080058741557	0.025847472493834445	2.999695598985629
0.10066686406652217	0.02489015869776651	2.999695598985629
0.11233392413212127	0.02712894411061966	3.002952916455635
0.1316412837792982	0.03254866906631005	2.999695598985629
0.14353324849045332	0.03207001216827609	2.999695598985629
0.1980150403066755	0.04212180702698949	2.999695598985629
0.13357718501134672	0.03302732596434402	2.999695598985629
0.11405556156598817	0.03033464668320239	3.0060649396042924
0.1180899751549587	0.02919807078007225	2.999695598985629
0.20424312530619815	0.037956417206620095	3.0060649396042924
0.12201788310902828	0.02946764618912135	3.002952916455635
0.10453866653061916	0.025847472493834452	2.999695598985629
0.10453866653061916	0.025847472493834452	2.999695598985629
0.1085069126249401	0.02560914895868343	3.0060649396042924
0.11228227145881318	0.027762100085970336	2.999695598985629
0.128147368400396	0.02682863224243026	3.0060649396042924
0.13971925928542106	0.03032517028457198	3.002952916455635
0.1525980421612908	0.04225172863827123	2.957649197052618
0.1671045944387209	0.0335213964585243	3.002952916455635
0.16129421905257668	0.03211817521142328	3.002952916455635
0.14875291130108836	0.04101358274410943	2.957649197052618
0.13772554479430782	0.030634041474174173	2.999695598985629
0.13003530030851407	0.027986468206070283	3.002952916455635
0.12427212152093384	0.02591401977962014	3.0060649396042924
0.12809850851313268	0.02751872779036994	3.002952916455635
0.1554252132016084	0.031591355270242115	2.999695598985629
0.06365528788463434	0.018362102274413775	2.976443976175166
0.03456966485800899	0.011966422450849277	2.999695598985629
0.02878162691276082	0.010368245881357508	3.002952916455635
0.024908043321998016	0.009432765049956831	3.002952916455635
0.026826059929814974	0.010051794858713393	2.999695598985629
0.04065392587301857	0.010051794858713398	2.999695598985629
0.04841979488453503	0.011693510392508474	3.002952916455635
0.0598746499261119	0.016771888015328477	2.9488918949274074
0.07386833824245344	0.014421996150760454	3.002952916455635
0.07193154644707203	0.013954255735060117	3.002952916455635
0.05633156521175109	0.011336853463903378	3.0258334358689827
0.025189104716503954	0.005944981008265796	3.0060649396042924
0.0057720368059194565	0.0018163752186459827	2.961739153797315
0.005531146377281438	0.004786568980339708	2.999695598985629
0.017381413391498002	0.004785966099931709	2.983823915993839
0.029038518480727547	0.0071798534705095705	2.999695598985629
-0.09792058984091084	-0.009978462201607249	3.002952916455635
-0.09792058984091084	-0.009978462201607249	3.002952916455635
-0.09207511717021995	-0.0096384274765183	2.996282642954091
-0.06887370590316814	-0.00259140197796202	3.0060649396042924
