0.0	0.18748444444444445	-0.013538461538461586
0.1	0.19148444444444446	-0.013538461538461586
0.2	0.19548444444444446	-0.013538461538461586
0.3	0.19948444444444446	-0.013538461538461586
0.4	0.20348444444444447	-0.013538461538461586
0.5	0.20748444444444447	-0.013538461538461586
0.6	0.21148444444444447	-0.013538461538461586
0.7	0.21548444444444448	-0.013538461538461584
0.8	0.21948444444444448	-0.013538461538461584
0.9	0.22348444444444446	-0.013538461538461584
1.0	0.22748444444444446	-0.013538461538461584
1.1	0.2388450628372034	-0.01287865100967556
1.2	0.24284505393955844	-0.012882025764906624
1.3	0.24107669331165402	-0.011944480850868739
1.4	0.24312103218301986	-0.011952791474839145
1.5	0.23243519299086293	-0.011146564757953432
1.6	0.23643487267980104	-0.011166812763864522
1.7	0.22645370483008498	-0.01191863999145538
1.8	0.23005111641592788	-0.01188312546530397
1.9	0.23158880497611506	-0.01076225170299238
2.0	0.23558845993983596	-0.010783266635522717
2.1	0.23377194050089145	-0.01103409184144329
2.2	0.23777157502268684	-0.011055720311800521
2.3	0.2315468302465049	-0.010110194139713202
2.4	0.23554629897307078	-0.010136270658565774
2.5	0.22254661884753296	-0.007760175002542316
2.6	0.22654567992500732	-0.007794840255761581
2.7	0.22094840418413572	-0.008279262557131581
2.8	0.22494704417111158	-0.008320982105658148
2.9	0.2198969386962319	-0.007225044787125631
3.0	0.22389541398621263	-0.007269217820371976
3.1	0.21188876754275274	-0.00697008751760451
3.2	0.21588727443011788	-0.0070138005302093935
3.3	0.21163173627451537	-0.008288899286071925
3.4	0.21563025362083524	-0.008332458957657506
3.5	0.20790366050473527	-0.007614943608946739
3.6	0.21190204991789388	-0.007660343345935013
3.7	0.20967066035548065	-0.005119277905728148
3.8	0.20919525512034617	-0.002646517174410775
3.9	0.21007747013098813	-0.0023719950816504624
4.0	0.2122261712232141	-0.004419655239552919
4.1	0.20962850567000732	-0.0066295567159291415
4.2	0.21362587923935525	-0.006687528498138989
4.3	0.21028873969034714	-0.004334349701479017
4.4	0.21428590070211728	-0.004394620883295569
4.5	-0.15402896758553272	0.003743789530760923
4.6	-0.1500316780471793	0.0036848979740547487
4.7	0.1958107769679344	-0.004132263587659614
4.8	0.1998081920567508	-0.004189775475408613
4.9	0.19733228804653075	-0.0012355608759661288
5.0	0.2013296337525178	-0.0012938392518212398
5.1	0.19035689874632306	-0.005412402604661895
5.2	0.17632359396624891	-0.004342508939193902
5.3	0.17384515501695846	-0.0025094523846327845
5.4	0.18701144608919384	-0.0008762702140112898
5.5	0.1605420219420284	-0.004746120429942151
5.6	0.16591847402938545	-0.0028914420554807963
5.7	0.16791934008236975	-0.0031140027908411645
5.8	0.17084879307151662	-0.0013871520270746125
5.9	0.16606886964041861	-0.0026550999886733873
6.0	0.16731566756314903	-0.0025954113301841133
6.1	0.16799073174336365	-0.003929389969407343
6.2	0.168471421609225	-0.003749662779255647
6.3	0.1669680807069515	-0.00352225999093698
6.4	0.1707104865790356	-0.0021699983743309545
6.5	0.17155682813820367	-0.002497017193497153
6.6	0.17160876976865244	-0.004982096787655675
6.7	0.17387266875706864	-0.0038837287535531274
6.8	0.17605965759762662	-0.002690891260546535
6.9	0.1734072601403043	-0.004818022560845061
7.0	0.17392636956443236	-0.004653532894120974
7.1	0.17552074590402592	-0.002991909354972535
7.2	0.17489896318039133	-0.004861220341832499
7.3	0.17620182018754404	-0.0023668259082278396
7.4	0.17698988153804907	-0.0031789168907455697
7.5	0.17710585723821784	-0.0028900316650398473
7.6	0.1811016576215074	-0.0029633302837476696
7.7	0.18392535655903203	-0.0030151279743011964
7.8	0.17850652817066448	-0.002716723962277021
7.9	0.1777798060052147	-0.002523786403875846
8.0	0.1782402221354965	-0.0024330411279428043
8.1	0.1790644148868572	-0.002210465839690187
8.2	0.18026729373669587	-0.0019368836389073649
8.3	0.18173164953074597	-0.0026557348395897518
8.4	0.1830440827640288	-0.0025783106342053778
8.5	0.18475363376922138	-0.002530925313382346
8.6	0.18404913603740175	-0.0024575588715647946
8.7	0.18494725802962683	-0.002613415205499448
8.8	0.18421572410856774	-0.002954883330643218
8.9	0.18553823374075232	-0.0031710907306840685
9.0	0.18567964990669447	-0.0034288516673162944
9.1	0.18738340213933513	-0.003288225866848772
9.2	0.18594926579696028	-0.0026650429264273474
9.3	0.18760981983618807	-0.002672194001025278
9.4	0.1860974351759409	-0.0024472095022508474
9.5	0.18695203804304514	-0.002385636214296478
9.6	0.18582627420314782	-0.002147782530857468
9.7	0.18627451597192468	-0.0020000950289542473
9.8	0.18561996167369563	-0.0010520397984079
9.9	0.18833439005270344	-0.0016910762767454075
10.0	0.18879407001550352	-0.0020498598072926522
10.1	0.19047882783555442	-0.001488138703235194
10.2	0.18909600430839532	-0.0007895496645809515
10.3	0.18960907398277685	-0.0007347224888768194
10.4	0.18919708496940424	-0.001654212357147463
10.5	0.1900975740650492	-0.0017391160171592764
10.6	0.18940565817069555	-0.0020832380854252062
10.7	0.19107173715515102	-0.0021257327018471116
10.8	0.1900075502684555	-0.002064795397183336
10.9	0.19131306926452696	-0.0017584968298043537
11.0	0.1898551289369974	-0.0016641903767248192
11.1	0.19052391543594197	-9.156489738270518e-06
11.2	0.18962621193253004	-0.0013579338288684413
11.3	0.18970864697115067	-0.0012215610372498312
11.4	0.18901549270598456	-0.0010765154054697846
11.5	0.19065689724375537	-0.0009967831517508578
11.6	0.19268273432581298	-0.004202467471220042
11.7	0.19390218991645236	-0.0011660009906048034
11.8	0.19238957383102237	-0.0012637689865526713
11.9	0.19287218349649346	-0.0012217339174260978
12.0	0.19154371561056915	-0.0029402334599258634
12.1	0.19183279990927882	-0.0012606896730183708
12.2	0.19175459884605195	-0.003525700787120341
12.3	0.19341003689758623	-0.0035795051658215164
12.4	0.19220755544698537	-0.0014760207234073962
12.5	0.19345063812257798	-0.005650329135183471
12.6	0.19129275297900505	-0.0011764649674334306
12.7	0.19207566032005896	-0.005495546319606057
12.8	0.1903054290733612	-0.0009139684577392539
12.9	0.19064581356765928	-0.005494304477560772
13.0	0.1895105167534217	-0.005374043212438565
13.1	0.19052799484659444	-0.0004277551719585222
13.2	-0.1661555901492112	0.00772674559536889
13.3	-0.16216154055657314	0.007639505373867183
13.4	0.1853024871282772	0.003588421290069043
13.5	0.186770411361168	0.006348684620382002
13.6	0.18492889838432533	0.006193423732867141
13.7	0.1871729598853158	0.0031656146188319065
13.8	0.19120465019730287	0.0028256697913843862
13.9	0.19519902965267674	0.0027408803897002714
14.0	0.21199919406929577	0.007167278555115163
14.1	0.21599407011823127	0.007086318956656125
14.2	0.19062592965036845	0.006079001425667904
14.3	0.19578778584644416	0.00356152453024586
14.4	0.20323872393138928	0.0009555866394829558
14.5	0.2079970358376395	0.0008436194058358496
14.6	0.20186354083714733	0.0011794259296588165
14.7	0.2058592351480732	0.001105207900976084
14.8	0.20985492945899906	0.0010309898722933534
14.9	0.18964793446647715	0.005672755178895458
15.0	0.19317025306963473	0.0018285498661638078
15.1	0.19880296920875415	0.0032908390104268315
15.2	0.20231800615580983	0.0011718224843582474
15.3	0.20282212308356184	0.001102537121909157
15.4	0.2013794114823028	0.001080703371903467
15.5	0.20190066012128063	0.003988262997066615
15.6	0.20159407538822446	0.003446996879686127
15.7	0.19700976295785647	0.0016470512331013942
15.8	0.1975018324232614	0.001542521967580493
15.9	0.19054832800392632	0.0029883510000445895
16.0	0.1933708375812192	0.002922010732684827
16.1	0.19266874338459367	0.002793992548833459
16.2	0.19314344738517894	0.0027306319591619685
16.3	0.1920355309090656	0.00282447540909727
16.4	0.1929081305597546	0.002781468050278641
16.5	0.19221526159003394	0.002659425938532219
16.6	0.19314982118721602	0.0014814047009933905
16.7	0.1927574818896069	0.00179475994090554
16.8	0.19490551814309517	4.5462856727856646e-05
16.9	0.19538365281862383	0.00015211027439874895
17.0	0.1966002495327569	0.00068887697701084
17.1	0.19591668338067372	0.0001593989232879364
17.2	0.1970836428489533	0.0006107875963381297
17.3	0.19530728457928062	-0.00025621315933656557
17.4	0.1919129899965627	9.495751588504096e-06
17.5	0.1931898407354218	-0.0001265535549684867
17.6	0.1938314758205263	0.0004894890016156625
17.7	0.1945451557392037	-0.0001858999213435325
17.8	0.19281570533189704	-0.00018778336584666933
17.9	0.19459101064832152	0.000228407248553243
18.0	0.19388189930742913	0.00024119586765597358
18.1	0.1936836981307442	0.00015624734322733543
18.2	0.1956916602300096	-8.872592475400384e-05
18.3	0.19718722715814868	-0.00023607323674247269
18.4	0.19923296394339596	-0.00033818155719474337
18.5	0.19670164538214802	-0.00029889080189993145
18.6	0.19978474630609724	-0.0008114204980187809
18.7	0.19673754658423995	-0.0012600355286857823
18.8	0.19501433435097018	-0.001180373107282735
18.9	0.19512315282153297	-0.0013171384465581575
19.0	0.19407893093034628	-0.0011270965675196564
19.1	0.1967674773587875	-0.002070745290409573
19.2	0.19817888927818467	-0.0012842125068216349
19.3	0.19748047102179092	-0.0012354986554169991
19.4	0.19871670208203623	-0.001081336845055781
19.5	0.19548097402350467	-0.001569876790510863
19.6	0.19322809740538838	0.00034678727176520353
19.7	0.19500180600317873	-0.000523186997603585
19.8	0.19562959631165072	-0.0018869953141340736
19.9	0.19767440377455006	-0.001977421652971432
20.0	0.19773124900350897	-0.002263318680886703
20.1	0.19822404537100277	-0.0024318005135142255
20.2	0.1989143446173006	-0.0011666630513988696
20.3	0.1982065187463097	-0.0015029653264375283
20.4	0.19851064982517538	-0.003198590515961766
20.5	0.197059712465442	-0.0034351243623226887
20.6	0.19756517194322562	-0.003304132562439506
20.7	0.19766253867843672	-0.0034439492296220627
20.8	0.1987247692324622	-0.0015467479822201622
20.9	0.19777678168343393	-0.0032617577986576926
21.0	0.19885220639888676	-0.0012231130508281226
21.1	0.19534158592037865	0.0008708519939062409
21.2	0.1958023399576069	0.0011091209604469476
21.3	0.1960550730250484	-0.00292602465470611
21.4	0.19768247370659248	-0.00290282074808286
21.5	0.19776078014072906	-0.0032832778988117362
21.6	0.19940635788874572	-0.0032989582102908154
21.7	0.19701919841714563	-0.0013899345740864804
21.8	0.19760545569005067	-0.0036956307993639484
21.9	0.19731488579174025	-0.003914808535019965
22.0	0.19622930006429548	-0.004293703406778654
22.1	0.19580296360440372	0.0005726055695859048
22.2	0.1960200536659907	-0.004156596920279927
22.3	0.20001676476286	-0.004221466522604855
22.4	0.20401347585972948	-0.004286336124929785
22.5	0.1891808719191778	0.007624642457465612
22.6	0.18968349218870256	0.005062916410292943
22.7	0.18777967732727102	0.008022562421498881
22.8	0.18793577113303828	0.005363366683268641
22.9	0.1891491022952824	0.002646689950278178
23.0	0.19199738572276448	0.0024229627630471384
23.1	0.19201133753867614	0.006776408296521754
23.2	0.19292659728853226	0.0018531292096011596
23.3	0.19224010326214733	0.004050561906935614
23.4	0.19190943298166352	0.0016309741875733573
23.5	0.19200681805267697	0.001233431011236295
23.6	0.1916939296388318	0.0007748601716583113
23.7	0.19142699218377196	0.0007344474126984571
23.8	0.19192399631713883	0.0006841014527973321
23.9	0.1947443798121843	0.00047879248979089666
24.0	0.19370024958137247	0.0005414204243150795
24.1	0.19246188885954088	0.003995287672753187
24.2	0.19333319012401975	0.0038755559127189067
24.3	0.1911769314036306	0.002378659283333996
24.4	0.19133057690952623	0.0009216830635774935
24.5	0.19252352471313658	0.002398276880691169
24.6	0.19343789048206783	0.0006217110191550253
24.7	0.19579423987568306	0.0021768571545898166
24.8	0.19632809535468262	0.00048040827261116095
24.9	0.19478067505836275	0.0018626609848942897
25.0	0.19565319464107497	0.0018307786872029629
25.1	0.19503565856125935	0.00021802542182963042
25.2	0.19571902843559402	0.0023932021702460166
25.3	0.19554449005569435	0.0006921215092525511
25.4	0.19641512744764408	0.000680631690172611
25.5	0.19617081121411398	0.0006076880754154823
25.6	0.19729412189313447	0.0012844262968906778
25.7	0.19542455748409307	0.0011955897787382583
25.8	0.19669394691312134	0.0011708985919267108
25.9	0.19418456018880553	0.0005938071348497954
26.0	0.19479998308324356	0.00011122531714049481
26.1	0.1961311732416895	0.0016228140595384343
26.2	0.19809903918210892	0.00032926661805683394
26.3	0.20075709717516857	0.0008751423428392021
26.4	0.20099004589256464	0.0001009597055991792
26.5	0.20342671974706722	9.398609983234628e-05
26.6	0.19966976839388573	0.0006809766182729318
26.7	0.20366773003125266	0.0006299037352264572
26.8	0.20198500710166675	-0.00010212610422833009
26.9	0.20598311298965646	-0.00015135911497748435
27.0	0.2071003238675911	-0.0003672769624996934
27.1	0.21109862505177804	-0.0004139033765224011
27.2	0.2061116813563173	-0.0006296476775521564
27.3	0.2101100598694865	-0.000675200750645099
27.4	0.20845051155584932	-0.0008026368901563304
27.5	0.21244898684582997	-0.0008468099234026742
27.6	0.20449996317416186	-0.00011358413811874898
27.7	0.20849824193358876	-0.0001605172171424557
27.8	0.20620516627157828	-0.0007318753433120991
27.9	0.20728137581885275	-0.0003370654056003824
28.0	0.20988620143487485	-0.0007514275312323349
28.1	0.21388435423042362	-0.0008000472366141986
28.2	0.21317328020639778	-0.0011439176604707566
28.3	0.21717144463696111	-0.0011923840383900198
28.4	0.22116960906752428	-0.0012408504163092813
28.5	0.21657097009735124	-0.0014130115523576531
28.6	0.2170569386110654	-0.0015481282039852013
28.7	0.21636558999457475	-0.0020142153796180017
28.8	0.21728776641748773	-0.0007679892225393985
28.9	0.21543312933383688	-0.0006747225759363889
29.0	0.2194315619794283	-0.0007195089643470317
29.1	0.20796885934165152	-0.0013390608146101567
29.2	0.21196733463163214	-0.0013832338478564996
29.3	0.2059351058065387	-0.0021839003570672264
29.4	0.20993346240947264	-0.0022297601011119573
29.5	0.2088326496001397	-0.002203165653496161
29.6	0.21126078473078802	-0.0022186965608380323
29.7	0.20976482505218513	-0.0025206045940501373
29.8	0.21376308123984633	-0.002567844336349244
29.9	0.21282952724281345	0.00029076075746317914
30.0	0.21682776071170473	0.00024321435362553972
30.1	0.21010162158138415	-0.003057907044602023
30.2	0.2140999339228241	-0.0031043801254806583
30.3	0.20898386954152368	-0.0017792552135241337
30.4	0.2129822806444039	-0.0018243482770525666
30.5	0.20529343184828255	-0.0016561255011105667
30.6	0.20929194919460253	-0.0016996851726961484
30.7	0.20282982294964394	-0.003355594473912262
30.8	0.2068282663114622	-0.003400227524145809
30.9	0.20287831362523398	-0.0009022530248000869
31.0	0.20499929967769306	-0.00325126122414952
31.1	0.2031079451767146	-0.003602513567837429
31.2	0.20514694440351625	-0.003601116162512922
31.3	-0.16129655578399665	0.0008521036007475254
31.4	-0.15729850935732348	0.0008021039684819563
31.5	0.18959218929909238	0.001629665430586573
31.6	0.19359034209464113	0.0015810457252047085
31.7	0.190197347772254	0.0014269358657730009
31.8	0.19419568231794468	0.001380769452462612
31.9	0.18850971585504311	0.006393068987386227
32.0	0.19250802819648308	0.006346595906507589
32.1	0.18275811950070261	0.002128837383524979
32.2	0.18675634155508272	0.0020811376495729213
32.3	0.18530228769545273	0.0026703602364355978
32.4	0.18930038176467828	0.002620973900472443
32.5	0.19098347049085854	0.006759513643428796
32.6	0.19498154081230654	0.0067098206584009015
32.7	0.18718243896106881	0.0028653039144823328
32.8	0.19118033893219133	0.002813464437790553
32.9	0.19130445144795075	0.006472331460074162
33.0	0.19530237619581534	0.006420798619420877
33.1	0.20942191224110915	0.0020495582900384593
33.2	0.21341997063354426	0.0019997119811626402
33.3	0.19046239076881852	0.0013443667313308818
33.4	0.1944608554528313	0.0013000403586808955
33.5	0.20084181929822204	0.004222266072262155
33.6	0.2048405283814072	0.004181619954510799
33.7	0.20531565532134294	0.004068383127840548
33.8	0.20931437412839482	0.00402789035884851
33.9	0.20124076599019725	0.0014462719851624506
34.0	0.1762049918243703	0.0034101551812783593
34.1	0.1718482052948826	0.0009874849843197996
34.2	0.15568443003901059	0.0011230201435255193
34.3	0.1480608205840917	0.0003894773462839573
34.4	0.1413799614283455	0.0008580692261894434
34.5	0.14421066691862253	0.0007755039363221182
34.6	0.14376889642010146	0.00037402040446599203
34.7	0.14542064860349949	0.0003820955988958533
34.8	0.14838328377234844	0.0002194585775055092
34.9	0.14925951235832924	9.764274771897983e-05
35.0	0.15155109903929884	-0.00012702533481422388
35.1	0.15412682523127474	-0.000303022416631184
35.2	0.15563180426431444	-0.0005125903665647779
35.3	0.1557220608029706	-0.0005341265698665019
35.4	0.15728406435758663	-0.0009366659992751172
35.5	0.15565768811945352	-0.0007266576102265411
35.6	0.1569329139817245	-0.0009553837395450612
35.7	0.15649191657013203	-0.0008939801706677546
35.8	0.15854285939624582	-0.0010117400662098914
35.9	0.1589155782154574	-0.0018863866631294419
36.0	0.1612083260917412	-0.0013807640989320323
36.1	0.1611579601586529	-0.0006137231535202131
36.2	0.16280448888532384	-0.0005221506308990564
36.3	0.16288146296726025	-0.00033743903069067757
36.4	0.1642566616808631	-0.0010972032782207981
36.5	0.1639399913359627	-0.0009981719572404622
36.6	0.1654662779530979	-0.0004021700720934218
36.7	0.16605701154864144	-0.001257208303338704
36.8	0.16771229328605036	-0.00136662265799591
36.9	0.16884489789368132	-0.0006588514624148965
37.0	0.17128593864770375	-0.0007592679261798673
37.1	0.17150688658533125	-0.0019993578686552434
37.2	0.17263909546359665	-0.001242698508206738
37.3	0.17170032911766037	-0.002346560235825236
37.4	0.17218045782875147	-0.002425607608237332
37.5	0.1714958942641255	-0.0026160700240527397
37.6	0.17224114433707635	-0.0011914058087204014
37.7	0.17284038032674318	-0.0026895564021299544
37.8	0.17409024142495885	-0.002620446239415498
37.9	0.17416967661200466	-0.002281940323946164
38.0	0.17580997828115613	-0.002203323929904922
38.1	0.17471315288190947	-0.0021703732207651004
38.2	0.17596293333946778	-0.0020867133201721497
38.3	0.17566104448633257	-0.0021878205100338832
38.4	0.17533742957592685	-0.002361357354307719
38.5	0.17385726836077492	-0.0024114022118598387
38.6	0.17590021301268982	-0.002457758152355812
38.7	0.1763747043362872	-0.002498366761388888
38.8	0.17839732861063906	-0.0023456450122893513
38.9	0.17886261147268365	-0.003250326925603405
39.0	0.18089785172531264	-0.0035746789319780793
39.1	0.180197243912188	-0.003600968634211923
39.2	0.17910610638853783	-0.00356684209876034
39.3	0.1771233014432046	0.0008296774199882629
39.4	0.1788992984608842	-0.0034526466102793125
39.5	0.17822013712301232	-0.0037155381101140897
39.6	0.18066175858210679	-0.003853926029454364
39.7	0.17908966148431799	-0.001273259365014619
39.8	0.18042635905813056	-0.003508555659318586
39.9	0.18442540344464045	-0.003543527636041823
40.0	0.18842444783115014	-0.0035784996127650546
40.1	0.172671897640781	0.008774202183950834
40.2	0.17393448230924363	0.0087952304878739
40.3	0.17471380699693362	0.006195566731931318
40.4	0.17598181664133006	0.00601402528198156
40.5	0.1776277706196126	0.005529375947095249
40.6	0.18084063813114967	0.005215299787753994
40.7	0.18179029482727463	0.00707182196569415
40.8	0.1821825786598609	0.004142504502702611
40.9	0.17923161603957008	0.00819506430963936
41.0	0.17696677165508595	0.0053738102568718004
41.1	0.177366705000033	0.0026206834504707917
41.2	0.1794944315635637	0.004277585740241105
41.3	0.17872976685701464	0.0017631539731026399
41.4	0.18038107328517497	0.001756515565961794
41.5	0.17929859039539192	0.001997263612954845
41.6	0.1801629815107198	0.002018888259988934
41.7	0.17867990702413333	0.002022994179124985
41.8	0.17838149876119308	0.0018959246830297632
41.9	0.17846556055851448	0.0016231277713467265
42.0	0.18011986128889676	0.00151607850562542
42.1	0.18098911020093592	0.0014814170464142185
42.2	0.18343127546276616	0.0014538505989141284
42.3	0.18557082916266893	0.0023416334541980994
42.4	0.18791459578065803	0.0004442202539367665
42.5	0.1887888347443238	2.1524190178015025e-05
42.6	0.18653320940205387	-0.000143806262109586
42.7	0.18556452802423612	0.0010376229505402593
42.8	0.18499343589735598	-0.0018442175138060207
42.9	0.1864150184934744	-0.0007818594711996221
43.0	0.186512238276584	-0.0009375981956662835
43.1	0.18855320129650935	-0.0009194905089109193
43.2	0.18652471879772237	-0.0018909842869566902
43.3	0.1872723302919822	0.00015346998491574037
43.4	0.1869739840969311	0.0002533598210020158
43.5	0.18756346028869228	-0.0017387761559709836
43.6	0.18702610988943844	-0.0009668215035383066
43.7	0.18907211211812303	-0.001048814476598805
43.8	0.1891453774081316	-0.0010044920324700497
43.9	0.19132420253696422	-0.00038681904495359775
44.0	0.19072882079875578	-0.0019084647063878518
44.1	0.19190099255912288	-0.0010174219997070612
44.2	0.19082406901568708	-0.0014225265405095394
44.3	0.19130521117001878	-0.0015552738768702247
44.4	0.18944383859991584	-0.0018080740614476775
44.5	0.19151061113638737	-0.001979772046859775
44.6	0.1904839670997372	-0.0027417087945528057
44.7	0.19271327022252532	-0.0027706501451059567
44.8	0.19218210941856811	-0.0025318132619687734
44.9	0.19186525283587427	-0.002666098343275482
45.0	0.1898221333369639	-0.002489616957077512
45.1	0.19108009913848883	-0.0024460816148963653
45.2	0.19015702629271478	-0.0027301712032663616
45.3	0.19140494475140976	-0.002649455491022728
45.4	0.1924917161339332	-0.0026132538964360238
45.5	0.1960920728729228	-0.002464591995001801
45.6	0.19672074917778645	-0.002758554768741442
45.7	0.19702882811394812	-0.0026718156408628915
45.8	0.19457687971160062	-0.0034783143105156095
45.9	0.19525848308531113	-0.003223934447744171
46.0	0.19321861059968265	-0.0025969343159815074
46.1	0.1946687594335125	-0.003573238865620593
46.2	0.1947644084259439	-0.003693420012071299
46.3	0.19603305157166426	-0.003821899744073115
46.4	0.19533003839308277	-0.0038503784270097576
46.5	0.19521932382310458	-0.004595146298070035
46.6	0.19431312677523105	-0.0034714084618322626
46.7	0.19436672376918646	-0.0031978642695638343
46.8	0.19384494981160552	-0.004399667671043397
46.9	0.19548182680352286	-0.0043475593140378955
47.0	0.19577378917316254	-0.003385024168764829
47.1	0.19740959357213855	-0.0032875933327802306
47.2	0.19654759103435823	-0.0020778120708119093
47.3	0.19757962818652178	-0.0036785814374819146
47.4	0.19629868854077456	-0.005302016996477523
47.5	0.19618559791597315	-0.00409313109407944
47.6	0.19515613542816207	-0.007253974751731155
47.7	0.19596916606615217	-0.0042191711430577625
47.8	0.19605175739428285	-0.0042400249915739065
47.9	0.19732083028989644	-0.00436867906922778
48.0	0.1997529751307426	-0.004391399492368113
48.1	0.2001994635969948	-0.0073711368541238016
48.2	0.1968872251474627	-0.005469783339593955
48.3	0.19827909092103777	-0.00938515727412521
48.4	0.19453060392492383	-0.007502335312102077
48.5	0.19657400343392414	-0.0036066915600742617
48.6	0.19445701077616379	-0.005487129866476361
48.7	0.19710062711196133	-0.00347261080195728
48.8	0.19404141265508007	-0.0037311153589165043
48.9	0.19608128230799546	-0.003729171982277544
49.0	0.19536425925539988	-0.003998791974570674
49.1	0.19504613662665402	-0.004000714268140923
49.2	0.1970858538886237	-0.004032127645678555
49.3	0.20108457269567556	-0.004072620414670593
49.4	0.187706362708197	0.005790587752495805
49.5	0.18807148016986427	-5.841290792649861e-06
49.6	0.18543325134657118	0.0001052800735045949
49.7	0.18542705803339388	0.002923378104349437
49.8	0.1856528769004112	0.0005508030190280577
49.9	0.18613040884341694	0.0005476330898383612
50.0	0.18726431147231035	0.0027676754846227215
50.1	0.18930816398494615	0.002747998114832389
50.2	0.1911465000209426	-0.002063903393884065
50.3	0.19121504857485538	0.00499903478173395
50.4	0.18932204154477117	0.0004392462841705516
50.5	0.1909904804726486	0.004523186269627083
50.6	0.18905881788814946	-0.0001022724746276597
50.7	0.1887779901149827	-0.00010350010027460489
50.8	0.18965268652224798	-0.00018381457685131587
50.9	0.1907805094904418	0.0014335066206914047
51.0	0.19298211233864285	-0.0006976647781410999
51.1	0.19621020158152155	-0.00094533196833212
51.2	0.19731217115278413	0.0007208076010733807
51.3	0.19857183357417776	0.0007492850895995623
51.4	0.2000147894676778	-0.0008679113060446183
51.5	0.19424055227413742	-0.0005745355862984561
51.6	0.18944446151685448	0.0009786184749879497
51.7	0.1922670318895787	0.0010136017023417753
51.8	0.19469617346554932	0.0010900080483535772
51.9	0.1976767794215194	0.002351357242938808
52.0	0.1922973031327324	-0.00013594707816215554
52.1	0.19357952238785558	-0.0002330254942759548
52.2	0.1934624042850325	0.0005007200511332956
52.3	0.19277441416034602	0.00042881162122260534
52.4	0.19302720087030162	0.0011901162122850309
52.5	0.19433642421986383	-0.001044831547884862
52.6	0.19517051373000474	0.0005002589143743418
52.7	0.1960785231451971	-0.001499187298726579
52.8	0.19402008985788533	-0.0007824184975776952
52.9	0.19431968077465192	-0.0013731920528464777
53.0	0.1926376943631564	-0.0003852437730380142
53.1	0.19333515223036357	-0.0007015777007315007
53.2	0.19381858950762385	-0.000649850239322027
53.3	0.19562441731386174	-0.00015563130372534765
53.4	0.1955493305231587	-0.0004439996650037973
53.5	0.19618513908675667	-4.41436758783385e-05
53.6	0.19548518369615037	5.8097990964709606e-05
53.7	0.19619619654052803	-0.0004717106896673243
53.8	0.1944929173788132	-0.0004370550769885991
53.9	0.19520257200077312	-0.0007831754422553024
54.0	0.19544845058811802	-0.0008312413399653253
54.1	0.19632231666537903	-0.0008763776849811523
54.2	0.19741790352648111	-0.0010248384928877403
54.3	0.19845335854183138	-0.0012974983525029082
54.4	0.1959607684679389	-0.0016502163063585717
54.5	0.19683402455528226	-0.001713950117265048
54.6	0.1942754735794984	-0.0006778785652312414
54.7	0.19567952131170027	-0.0008329695243103749
54.8	0.19811901891234734	-0.0009089090051472054
54.9	0.19767778094357566	-0.0005451647167526064
55.0	0.20078113913186502	-0.001552695177930654
55.1	0.2036083825195245	-0.0016119816062962209
55.2	0.20042096190176273	-0.0008110024678333991
55.3	0.20442024121389715	-0.0008413734633014145
55.4	0.20841952052603124	-0.0008717444587694255
55.5	0.20238124513940392	-0.002097220987793519
55.6	0.20638055327528038	-0.0021269784992802394
55.7	0.20685536364524962	-0.0021649259573114444
55.8	0.21085467178112607	-0.0021946834687981637
55.9	0.1981664337046018	-0.0003752339240190258
56.0	0.20216569838430132	-0.00040591165980834133
56.1	0.19566519551725228	-0.00032872091477949023
56.2	0.19966460650371767	-0.00035617782309570406
56.3	0.1901841335464241	-0.0028956916766766385
56.4	0.19418351791481517	-0.0029237620849203983
56.5	0.19190048269899557	-0.0027725839168053204
56.6	0.19589978368407743	-0.002802494799701175
56.7	0.18971519496730388	-0.0030867799762807676
56.8	0.19371448876483044	-0.0031168442303108213
56.9	0.19283272179962355	0.0004974248077641644
57.0	0.19683191881373652	0.00046536675464997667
57.1	0.19981953014564588	-0.0033524030685729437
57.2	0.19974389013918512	3.691874011472508e-05
57.3	0.200218770096012	0.00029117122850489665
57.4	0.20421800506971835	0.0002598800154680501
57.5	0.18923674875225854	-0.004136352397535758
57.6	0.19323608512370485	-0.004165496420664791
57.7	0.18981792658987237	-0.004103600808870934
57.8	0.19381729060871225	-0.004132131339356113
57.9	0.19194686715156598	-0.004218665072904353
58.0	0.19594621742023124	-0.004247502350241591
58.1	0.19705664284811544	0.000850447832928375
58.2	0.20105588530346077	0.000819309988775501
58.3	0.20505512775880577	0.0007881721446226296
58.4	0.18692426252267666	0.004195163047857805
58.5	0.18778239761335036	0.003943136420880302
58.6	0.19178152398433673	0.003909698074309567
58.7	0.1895253218579593	0.004048967119922088
58.8	0.1935244076961914	0.0040147619543450235
58.9	0.19527999936114587	0.006422359152132949
59.0	0.19927910152275663	0.006388460713225063
59.1	0.19260860488945164	0.002670785610396833
59.2	0.1913233782973166	7.053972126916256e-05
59.3	0.18752162478737483	-0.00021482664223350335
59.4	0.190738912721275	-0.0002372843448548989
59.5	0.19258060097696114	0.0021171376822949777
59.6	0.19658000536405038	0.002089527398614785
59.7	0.1935343294491926	0.0019512696695098222
59.8	0.1975337338362822	0.0019236593858296272
59.9	0.1917600655423755	0.0017351735007001647
60.0	0.1957595089742945	0.0017084834729613173
60.1	0.1997589524062135	0.00168179344522247
60.2	0.19280624207187005	0.000758198174028312
60.3	0.19680575364871894	0.0007331953049004936
60.4	0.19729408774470455	0.0004627935423783362
60.5	0.20129366301820215	0.0004394778596698906
60.6	0.20178181912584126	0.0002833676784031727
60.7	0.19873960661264767	9.608468979537595e-05
60.8	0.19297184819404636	-0.0007130427755951923
60.9	0.19484854388168496	-0.002123901402202979
61.0	0.18532958621163517	-0.000856682627023242
61.1	0.18932930354918054	-0.0008757035407388459
61.2	0.18864768110857358	-0.0010184195215937621
61.3	0.19264742513846425	-0.001036520108780155
61.4	0.18920965998073871	-0.0012029415549035635
61.5	0.19164484147440353	-0.001161083243887771
61.6	0.1860970682566055	-0.0026472269224825716
61.7	0.18696539988989996	-0.002611655855404296
61.8	0.1821366607504806	-0.0021352010847023118
61.9	0.18613642183997353	-0.002152688117522901
62.0	0.1864481196942305	-0.002958906981536969
62.1	0.1892845676088112	-0.0031080304891873915
62.2	0.18525452307690118	-0.0029319637591423324
62.3	0.18925434652238668	-0.0029469965496841197
62.4	0.18520097516117523	-0.002703961323905329
62.5	0.18826290149944983	-0.0028730068924221596
62.6	0.18342800092285116	-0.0030318271751733584
62.7	0.17180793913111642	-0.002754847764962678
62.8	0.16111015100069537	-0.003411144064888375
62.9	0.14675010423023793	-0.004278966597649833
63.0	0.1470412560542352	-0.004873092461091798
63.1	0.14906924922640769	-0.004754175119148442
63.2	0.14955709407005777	-0.003237927488483145
63.3	0.15080393107750206	-0.0030329493825409838
63.4	0.15127154593714348	-0.002866939505955687
63.5	0.15213325759224416	-0.0027453682909485628
63.6	0.15220647947167878	-0.0025357982875761236
63.7	0.15346384091696993	-0.0024801894496748345
63.8	0.15488802437232643	-0.003699203413296369
63.9	0.15713368193537475	-0.004979714730082462
64.0	0.15779833288426415	-0.004059144382806317
64.1	0.15984814208441078	-0.004151190360702781
64.2	0.15992786740090606	-0.0041303931872440375
64.3	0.1611748838597599	-0.004045995526447778
64.4	0.16085911267851788	-0.004277673797976668
64.5	0.16251358482434936	-0.004337605313387907
64.6	0.1622838675260135	-0.007452195873938753
64.7	0.16268210905252406	-0.004695783171944119
64.8	0.16237829138517	-0.004468691874409424
64.9	0.16363718370263355	-0.00449831770563946
65.0	0.16450049354326554	-0.004490455953852312
65.1	0.1665348977121328	-0.004452171600057089
65.2	0.1670180940392501	-0.0045503542701727144
65.3	0.1674602614188275	-0.004260942728681387
65.4	0.1695057670098694	-0.004324662293062246
65.5	0.17192682447872076	-0.0042434982888426434
65.6	0.17004084697244148	-0.004176123994986743
65.7	0.17049725602288465	-0.0040264593408336595
65.8	0.17371471736727057	-0.004398692813104793
65.9	0.1761215450888314	-0.004196067106727219
66.0	0.1777645015323584	-0.004189677863566648
66.1	0.1754808481597458	-0.004056332832873663
66.2	0.17342290703218513	0.00036632688988360185
66.3	0.1728856793507771	-0.004278100154437283
66.4	0.174560947235134	-0.0045404965582551
66.5	0.17278695673120392	-0.00971358459849482
66.6	0.17380279365191614	-0.007543641065835661
66.7	0.17780194390144577	-0.007576619317303018
66.8	0.18180109415097537	-0.007609597568770378
66.9	0.16771692906929414	0.005231185088135628
67.0	0.16890644104525104	-5.428666451611809e-06
67.1	0.1698446973002999	0.005775391326045247
67.2	0.16914906157587403	0.00564714273226997
67.3	0.16845102492788785	0.005722503569216178
67.4	0.17007299889995678	0.0008345801114219382
67.5	0.16963658730867076	0.0031066179087857323
67.6	0.17181896311060457	0.00034174370096785953
67.7	0.17348940813124913	0.00488744518836703
67.8	0.17395374111913253	1.2055689340391591e-05
67.9	0.174667607078809	0.0021953705559052466
68.0	0.17531209873583994	0.004218956457464538
68.1	0.1744444699316651	0.0018258061142436208
68.2	0.17546503498836163	-0.0006260926366165849
68.3	0.17422444967352418	0.0008830750476714671
68.4	0.17588078758977263	0.0008097939302087651
68.5	0.17494297134841297	-0.001288226020512647
68.6	0.17698617882389955	-0.0013547254180859905
68.7	0.17788138954348476	0.0024243807567415204
68.8	0.17897465130871626	0.000765856518893823
68.9	0.179618886245894	0.0023505369494757128
69.0	0.17955116897527362	0.0006217915646915513
69.1	0.17940156171079968	0.0021051996300854676
69.2	0.17988208109560738	0.0022148450858270087
69.3	0.18038749129357246	-0.0010002467020659529
69.4	0.18321359601426782	-0.0011847199035200165
69.5	0.18327358491826976	0.0015663241406160267
69.6	0.18455037836459573	-0.0012692992989906927
69.7	0.1842447969064888	-0.0011005481891340364
69.8	0.18394238325189854	-0.0009712538688943831
69.9	0.18399597580229216	0.001237401548244606
70.0	0.18469969623487437	-0.00016972407727487357
70.1	0.1837862415275376	-0.0014021109909559014
70.2	0.18566851864864556	-0.0007632231944430619
70.3	0.1853757289799018	-0.0008992486967016708
70.4	0.18703682744638758	-0.0010282911937997017
70.5	0.18712570480535004	-0.0010288638551988918
70.6	0.1876056425437479	-0.0010319562267547713
70.7	0.1868117087732953	0.0003868322722703891
70.8	0.18715984053531484	-0.0002231122222813857
70.9	0.18630623650270783	-0.0005559015453785211
71.0	0.18795676326071148	-0.0005279217856347732
71.1	0.18921750993393271	-0.000517050145076337
71.2	0.19101448675027866	-0.00011793686188160506
71.3	0.19055531497276035	-0.0007776236863838372
71.4	0.19079612774668456	-0.0005388772279469232
71.5	0.1895585544069248	-0.0007511043977146128
71.6	0.19026388202595151	-0.0012303277595937978
71.7	0.18973575406405865	-0.001179596744065362
71.8	0.1913936298788561	-0.0016759404407616814
71.9	0.1905563818535253	-0.001745626553833349
72.0	0.19237088371983516	-0.0019155529451733815
72.1	0.1926257404389324	-0.0018513094305674205
72.2	0.19333513770127553	-0.0015726989396681644
72.3	0.19264050136449878	-0.0015490972653374332
72.4	0.19349759795338686	-0.0013601357418319524
72.5	0.1920109893444723	-0.0011948676585403378
72.6	0.1944390985159807	-0.001114292338468146
72.7	0.1945251199266581	-0.0010761446557614996
72.8	0.19672005123858774	-0.0017667342259412434
72.9	0.19626421368324842	-0.0014749175472159246
73.0	0.1961059142798696	-0.0021810507025065077
73.1	0.19409563355520024	-0.0014602792927833497
73.2	0.19509676747052024	-0.0021997151101214108
73.3	0.193478306262048	-0.0017075094729218977
73.4	0.19512636319617363	-0.0020668938091785273
73.5	0.19443793930888648	-0.0021204477001533434
73.6	0.1953089347204501	-0.00212612658648124
73.7	0.19617993013201335	-0.0021318054728090446
73.8	0.19346509394008862	-0.004270799536416594
73.9	0.19557235479294421	-0.0020891832435818328
74.0	0.194386869867604	-0.0007296895575184589
74.1	0.19393032937680424	-0.003124472670251993
74.2	0.1943973773003676	-0.0030667867989574845
74.3	0.1960494428767698	-0.0031153013492209542
74.4	0.19678429749574186	-0.0019236285035433495
74.5	0.19881862719261767	-0.0018225246215150892
74.6	0.19667881525042225	-0.003376072233640224
74.7	0.19583188140965566	-0.001801475001992109
74.8	0.195247364014336	-0.003433640086451404
74.9	0.1957374209436317	-0.003607845163564605
75.0	0.19599369029420494	-0.0003982789919011586
75.1	0.198129444170795	-0.002495419954857505
75.2	0.19835795369871706	-0.004173134768002027
75.3	0.20040113824370934	-0.004217766995845577
75.4	0.1968604190555224	-0.0023886622161422982
75.5	0.19727975227750996	-0.00013105933752419934
75.6	0.1955940245905027	-0.003936050810379556
75.7	0.19449136076408124	-0.003903806976538721
75.8	0.194096806372809	-0.0016529662302739584
75.9	0.19662000095338	-0.004022766294551592
76.0	0.19696376802438284	0.0007896367220970855
76.1	0.19783729603247485	-0.001586071980592442
76.2	0.19487303818650906	-0.0041038300379738065
76.3	0.19887215652446222	-0.004137421748966161
76.4	0.18576490201730667	0.005319238774031138
76.5	0.18466820423349967	0.004732222056026521
76.6	0.18632028246534188	0.0044081343617681
76.7	0.18562565929215633	0.003948334773665999
76.8	0.18884670125754244	0.0036568246758539296
76.9	0.19050312821987458	0.003334691561620169
77.0	0.1882410258473634	0.0029803421729744893
77.1	0.18950320680495128	0.0028702791791557127
77.2	0.18802782289806338	0.002695503086828445
77.3	0.18771964558927803	0.0026804908423157963
77.4	0.18741982863362433	0.0029525786579833596
77.5	0.19024450628172335	0.002974439133222338
77.6	0.19150548825191444	0.0029230491358607866
77.7	0.19106993575736433	0.0004925171777944389
77.8	0.19090042982756436	0.00232576512789941
77.9	0.18941964863623584	0.0019188510494238108
78.0	0.1879441879737933	0.001901116649103022
78.1	0.18999597761179673	0.0017008784842153589
78.2	0.19134246048814696	0.002750276588231395
78.3	0.19331337123094533	0.0006760418285940513
78.4	0.19348923107190882	0.0019924041881284197
78.5	0.1943644230602053	0.001900583500967001
78.6	0.193587185929345	-1.7913964645118168e-05
78.7	0.19484879718110537	-6.778979683164836e-05
78.8	0.19196002894281572	0.0023912215009093615
78.9	0.19267519952815895	-5.59122496798241e-05
79.0	0.1947116074316262	-0.00011534063672055412
79.1	0.19450873111869316	0.001171211987298748
79.2	0.19515028282905372	-0.0014871953449485551
79.3	0.19733059049718626	-0.0004494019018191895
79.4	0.19642699126495208	0.001476424266732584
79.5	0.19554827319934562	-0.0007100040471972411
79.6	0.1934107644822641	0.00012991729904028929
79.7	0.19478701176892488	-0.0018721761968940281
79.8	0.19486898203938638	-0.0021627278524808478
79.9	0.19708491508665052	-0.0016460958600123502
80.0	0.19639211261524706	-0.0019891957106682565
80.1	0.19713869773272813	-0.0007336576461815518
80.2	0.19607033004259805	-0.000980227936659678
80.3	0.19627070366902422	-0.002327906072320781
80.4	0.1944044797014501	-0.0024315615032614144
80.5	0.19581287688165971	-0.0018910048348276896
80.6	0.19575246765696316	-0.0022088413999697453
80.7	0.19700554015782926	-0.002184605383556852
80.8	0.1978795134647113	-0.0022355806811171987
80.9	0.19849502327019297	-0.002101726276581703
81.0	0.1971635094165394	-0.0021755910601559776
81.1	0.19693680510481423	-0.0022830413445130413
81.2	0.19639437874017282	-0.0023993770990036562
81.3	0.19789337091456627	-0.0025645969027219364
81.4	0.19834033293341063	-0.003190994147288138
81.5	0.20080671747658776	-0.00301687187455928
81.6	0.19875224373072858	-0.003652096338069401
81.7	0.19765004225666055	-0.003517482977562653
81.8	0.19716570167291433	-0.004342025146275949
81.9	0.1974544832019025	-0.003967310511023908
82.0	0.1955849328872387	-0.004104190630319061
82.1	0.19821927588716343	-0.0033236364794234584
82.2	0.19673585340825242	-0.003325108698553517
82.3	0.19853388107127182	-0.0036899945962531574
82.4	0.1984309644953545	-0.004665858209683126
82.5	0.19891407732607136	-0.0030132403829368462
82.6	0.19719446313837138	-0.0038993651061166048
82.7	0.197499716652895	-0.00507602900069397
82.8	0.19639104913714878	-0.0030491778009697525
82.9	0.19804695208616058	-0.003136246907794594
83.0	0.19891366856058454	-0.0034622629629961496
83.1	0.20038232501401065	-0.004940776981322266
83.2	0.19852126011035812	-0.005170301573578935
83.3	0.19841524272398398	-0.0038670828946937483
83.4	0.19733306404551842	-0.003978495981338669
83.5	0.19747262846906047	-0.007030221016087494
83.6	0.19633289025411904	-0.006889014487078611
83.7	0.19915105163286848	-0.006896422054416618
83.8	0.20136149993336624	-0.0053725214210042106
83.9	0.1998082588477906	-0.004935057370952585
84.0	0.2038074711560207	-0.004966808688909982
84.1	0.19978483118691778	-0.0068755841782956705
84.2	0.20378392520521843	-0.006909635980694644
84.3	0.1971837076282511	-0.0031805575040089887
84.4	0.20118269243850065	-0.003216603002796285
84.5	0.19890362047518506	-0.0034928929631137962
84.6	0.2029025527865139	-0.003529858610767043
84.7	0.20301422931139518	-0.008501354331303258
84.8	0.20701312588829474	-0.00853893340475698
84.9	0.2046945240502981	-0.004407909462081016
85.0	0.2024306908561555	-0.004461857028750998
85.1	0.2009599757445115	-0.004587764860502793
85.2	0.20495889917736826	-0.004624883865119349
85.3	0.20113796454134503	-0.00942468315750081
85.4	0.20513674091973122	-0.00946425582617005
85.5	0.2091355172981181	-0.0095038284948393
85.6	0.21313429367650427	-0.00954340116350854
85.7	0.1963899424969491	0.0037617926995666606
85.8	0.19940509110387133	0.006425297756037288
85.9	0.19713749650872614	0.006444020676696961
86.0	0.19878435823267013	0.006619448161532819
86.1	0.19513961076829844	0.004645435352869629
86.2	0.19913768108974644	0.004595742367841735
86.3	0.20164460072517104	0.0020831891345524864
86.4	0.20291746598696336	0.0021615862302741323
86.5	0.2014353326189428	0.001822112980566881
86.6	0.20195071015166038	-0.0006719826381225971
86.7	0.20045811749729972	0.0011772210343811932
86.8	0.20445648507372735	0.0011315146256022932
86.9	0.1979230732558003	0.0006593629729402103
87.0	0.20192168307879343	0.0006171833883768076
87.1	0.20280468127558668	0.00044213427507859646
87.2	0.20432924554402526	0.0026173818770096067
87.3	0.19715499018519914	0.000792405833556502
87.4	0.20115370899225102	0.0007519130645644639
87.5	0.1992812300096501	0.0008293937122728625
87.6	0.2032799293322133	0.0007885942461357976
87.7	0.19864058570597926	0.0008592592268862201
87.8	0.20263918540080267	0.0008169262977507389
87.9	0.2021471788792597	0.00205591260315904
88.0	0.20614575820748166	0.002013272986048145
88.1	0.19837869065900957	0.0010529526535781987
88.2	0.2023773899815728	0.001012153187441133
88.3	0.194433916182648	-0.000457813259389382
88.4	0.19843275805519642	-0.0004963124611530754
88.5	0.19876178814514348	0.0002021852765541664
88.6	0.20276076429746684	0.0001659864187860188
88.7	0.19755530434923851	-0.00043874226903593567
88.8	0.20155421886686742	-0.00047601463027462185
88.9	0.19577994048917946	-0.00022508520238403475
89.0	0.1997788280405792	-0.00026281763142785644
89.1	0.19458963267992396	0.0004142057774206313
89.2	0.19858852925682355	0.00037662670396690877
89.3	0.19944893959623688	0.0005027593281895209
89.4	0.2034477722227452	0.00046410677293784106
89.5	0.2039191358345286	9.369359101965222e-05
89.6	0.20419848113564218	-0.0005047006110906341
89.7	0.1996009996794696	-0.0009313255561459524
89.8	0.2020625727199138	-0.0011521753256898415
89.9	0.19804105983139292	-0.0010268542698141248
90.0	0.20204021796691848	-0.001059679155638888
90.1	0.19784942436124836	-0.0008506506823667964
90.2	0.20184862137536133	-0.0008827087354809846
90.3	0.19839317122792552	-0.0005475286494509429
90.4	0.20239224059574432	-0.0005820405404395627
90.5	0.19544117309314632	-0.0005027232581446316
90.6	0.19944023417062057	-0.0005373885113638954
90.7	0.19507461404194612	-0.00020767046385955067
90.8	0.1990736584284558	-0.00024264244058278418
90.9	0.1942134143690627	-0.0011500023869511966
91.0	0.19821252463722394	-0.0011837474620564042
91.1	0.19464552844379232	-0.0007893357394966587
91.2	0.19864469442855448	-0.0008220072593771062
91.3	0.19758004608942323	-0.0009252571083155962
91.4	0.20157929598964666	-0.0009562415832982808
91.5	0.19867925455485066	-0.0018618404260307398
91.6	0.1870333534826765	-0.0013055949286795267
91.7	0.17028068694977497	-0.0012797669191036377
91.8	0.1543218781636458	-0.0018349398344459037
91.9	0.15051642634377793	-0.001993767772796804
92.0	0.1515129239237177	-0.003555562628225154
92.1	0.15199980435628813	-0.003697569745495225
92.2	0.15313030675311148	-0.0015964242081965563
92.3	0.15360331285507908	-0.0015164588611149788
92.4	0.15538185360099704	-0.0034604667639805556
92.5	0.15506560737764746	-0.003392293333871683
92.6	0.15631506839040565	-0.0033396220190327446
92.7	0.15624916536666422	0.0010955798069441302
92.8	0.15760981140735775	-0.003277364111083385
92.9	0.1599315780740525	-0.001197380971754234
93.0	0.16168180311830455	-0.0036431222779479506
93.1	0.16201902890373535	0.001027422936212395
93.2	0.1637930378474426	-0.003907523828785028
93.3	0.16259954192029968	-0.0017433503299048667
93.4	0.16318614167193118	-0.004384300749939849
93.5	0.16718506510478798	-0.004421419754556403
93.6	0.15526915223566307	-0.0029658372077811237
93.7	0.15653979012875402	-1.0914469589627489e-05
93.8	0.15898141867104856	-0.000234952385190371
93.9	0.15827254097815466	-0.005802921438151625
94.0	0.16034502589105937	-6.013511302039275e-05
94.1	0.16010774035698197	-0.002396648825143289
94.2	0.1609588937663597	-0.002016617626256016
94.3	0.16140248775851598	0.0009214303147785739
94.4	0.16234846013001822	-0.0014056770853705918
94.5	0.16165943531764865	-0.0011484455139596766
94.6	0.16369121345237547	-0.0011884970167581818
94.7	0.1634305123136678	-0.0008329183286265142
94.8	0.16586982133092776	-0.0008086737413074063
94.9	0.16633115168198037	-0.0030936626103318116
95.0	0.1680057010363278	-0.003081105925782514
95.1	0.16767568616281392	-0.003084309378289897
95.2	0.1688226913823107	0.0010128935309482029
95.3	0.16750172398377203	-0.002647204344853371
95.4	0.16870025067144098	-0.0009173147071413314
95.5	0.16953191026845754	-0.001176738163095714
95.6	0.17050261741511272	-0.0028111603725092475
95.7	0.17404601473777115	-0.001372761517827047
95.8	0.17961983466051462	-0.0016339978042831183
95.9	0.18469808715508926	0.000337007368465949
96.0	0.18767286249294662	-0.0012501145465527788
96.1	0.18663924291209302	-0.0027424080994364356
96.2	0.18637455317074464	-0.002374987711669955
96.3	0.18454592640628784	-0.0021662362761627673
96.4	0.1853835634132249	-0.0021629385273374546
96.5	0.18344105955719908	-0.00027968129098703345
96.6	0.18169018891804703	-0.0012102376495300455
96.7	0.17591736617957793	-0.00047775961432433307
96.8	0.17431314775117668	0.0006867324014670079
96.9	0.17566192179945958	-0.0004352559778045637
97.0	0.177976554020409	0.00046943614631815653
97.1	0.17663720088263601	-0.0005972396371027033
97.2	0.17934639660385746	0.00015672262964687173
97.3	0.17956774159903155	-0.000760146130762313
97.4	0.18009211161147126	-0.0008784362251969191
97.5	0.181607066796793	-0.00036556606415363326
97.6	0.18093037969727346	-0.0002515532637688009
97.7	0.18042692414674147	-0.0006235069436322542
97.8	0.18053640496026704	0.0008340715618248441
97.9	0.18242272338289917	0.00047628947102749
98.0	0.18271862913290426	0.0002092472678792215
98.1	0.18479264930212536	0.0003925915446805518
98.2	0.18372585795694718	0.0007609545436439028
98.3	0.18420375474895584	0.0010467161302739787
98.4	0.18367354085727597	0.0014900596069308716
98.5	0.1845459230968851	0.0015130713892046537
98.6	0.1842287259390527	0.001288650218222134
98.7	0.1856405826446478	0.0011899712994322435
98.8	0.18597986877865594	0.0009268267390605853
98.9	0.18816173935326014	0.0006730046296096778
99.0	0.18862692516711924	0.0003777037929429605
99.1	0.190683281948814	0.0003234035041212724
99.2	0.19000762119681938	0.00022729586609505567
99.3	0.18947243700395094	0.0006470246881745403
99.4	0.1858076881226739	0.0008448250074641495
99.5	0.18777982416085112	0.001431007053408373
99.6	0.18797806076223236	0.0014585255294442077
99.7	0.18925099301554663	0.0014444067413864024
99.8	0.1902225231213138	0.0011185176765883533
99.9	0.19148413596644132	0.0012105516716757157
100.0	0.18845506401190523	0.0013110658050785881
100.1	0.18885247514345777	0.002837993545181182
100.2	0.18862381774827539	0.0010639820972573716
100.3	0.18981053862411051	0.0028222810909559887
100.4	0.18996359935240148	0.0008086606492414381
100.5	0.1916190611758723	0.0008322477802634688
100.6	0.19165789219686755	0.0016203947147541324
100.7	0.19296856999020534	0.00042207336180795233
100.8	0.19189169938027664	0.0004810610008209376
100.9	0.19238976758968349	0.0002700343929694228
101.0	0.18973283330144647	0.0016296051389020358
101.1	0.19065103501591069	0.0005180533292656331
101.2	0.19074004523287277	0.0019472475522765282
101.3	0.19281300330050305	0.0007867675280292547
101.4	0.1929049919300995	0.0008823178890882389
101.5	0.1890914737695922	0.0009350438750367991
101.6	0.19113470211250944	0.001009666626164475
101.7	0.19239566844290093	0.0011589357040846567
101.8	0.1906257143142443	0.004811722754801573
101.9	0.1921623614432645	0.0011718442917320248
102.0	0.19303694631388893	0.0011519368259063937
102.1	0.19389323336537032	0.0009074903625140374
102.2	0.18969393126431824	0.0007932529985528879
102.3	0.19018250726681588	0.0008123325612883472
102.4	0.19224931696588968	0.0025040051858517733
102.5	0.19244087333575413	0.004519290317683453
102.6	0.19008041450012697	2.100133940311508e-05
102.7	0.1952579330299817	0.002065347280595346
102.8	0.2008171131318343	-0.00011282369551177032
102.9	0.20442663623408547	-9.32919618401671e-05
103.0	0.2053193501565393	0.0002182805544391716
103.1	0.2061893638725372	0.0001806827554980254
103.2	0.20588549020490698	0.0005408212065071603
103.3	0.2059696436470507	0.000658887799772192
103.4	-0.15698447736554202	0.005390475297621019
103.5	0.19280011871797448	0.0016412075879265195
103.6	0.18712038283509047	0.004010136582290696
103.7	0.18368627540386917	0.0033256346460340987
103.8	0.18366262900052316	0.0005858647199706198
103.9	0.19169856227251073	0.005300254466397019
104.0	0.20303066547474088	-0.0002223557868165013
104.1	0.20321000153963945	0.0021687974056773247
104.2	0.195870350552141	0.0014700763967616947
104.3	0.19257702731045426	-0.0031717637929678097
104.4	0.1860067008719451	-0.1185691864206278
104.5	0.18595424154174867	-0.11864564440672196
104.6	0.18644447281580337	-0.12298207255469853
104.7	0.1869897220294642	-0.12480055319447797
104.8	0.18665987246329213	-0.1231463888559919
104.9	0.18832492206333715	-0.12447242351913236
105.0	0.18797992397240273	-0.12315457250417548
105.1	0.18882786678250496	-0.12245981143658001
105.2	0.1888935029294041	-0.12195434385513824
105.3	0.1854316555979681	-0.1212771963418793
105.4	0.18279328650593712	-0.11940341221678796
105.5	0.18524889325717603	-0.12320272226053439
105.6	0.18647109104668252	-0.12142220509971902
105.7	0.18582430618888365	-0.12329207196931315
105.8	0.18619654504483377	-0.12028820800311579
105.9	0.1840590802208593	-0.1219737014689439
106.0	0.18412671788810103	-0.12179720825499982
106.1	0.1822557415150838	-0.121170986257888
106.2	0.17967798091031065	-0.11815099246430742
106.3	0.180466517449789	-0.11683369457445744
106.4	0.18341273687401352	-0.12103545066543957
106.5	0.18391188622119983	-0.12043863003605554
106.6	0.18471698613169055	-0.12013992010551201
106.7	0.183834821536638	-0.12079926392363609
106.8	0.18416884721842736	-0.11988199126839513
106.9	0.18123743018931585	-0.1169161762808661
107.0	0.184103731845145	-0.12003061069304571
107.1	0.184012327822148	-0.11926465105492381
107.2	0.18527519736199463	-0.11966160608803206
107.3	0.18187065880867165	-0.1164485503697118
107.4	0.1838410567908028	-0.11935402406918516
107.5	0.18152876877254942	-0.1187138827848405
107.6	0.17754752580798286	-0.11526870340049093
107.7	0.1800764044512057	-0.11793107477760666
107.8	0.18075515548892582	-0.1180384502002906
107.9	0.17867301728770243	-0.1150069190907315
108.0	0.17866126072985863	-0.11507246837762336
108.1	0.17760424801823607	-0.11470642579623222
108.2	0.1783382008074026	-0.11707638136475398
108.3	0.17712581734810717	-0.11420672017137297
108.4	0.18102424876154288	-0.11672533873884137
108.5	0.18077963545062453	-0.11430010897232781
108.6	0.18194768876619397	-0.11754171730546342
108.7	0.11456542920623475	-0.0294868986073164
108.8	0.12155353477127812	-0.03000177006678146
108.9	0.12470494220490985	-0.0324462384254813
109.0	0.17954472727223153	-0.11490441344289136
109.1	0.13586199050723202	-0.02937297440876103
109.2	0.13611988186702834	-0.03326742503054443
109.3	0.13529602623127818	-0.03760261506159504
109.4	0.19427238304174152	-0.1244968129884728
109.5	0.19767858963271975	-0.1276644926371191
109.6	0.15872336007885918	-0.034522348823969144
109.7	0.18301655775926368	-0.1278050901248794
109.8	0.15251407679457468	-0.04256459052176854
109.9	0.15336476731725385	-0.04597093654050777
110.0	0.17094108184787815	-0.033555239890938275
110.1	0.1719151430595836	-0.03485466052638046
110.2	0.18088700811017125	-0.03811227599024936
110.3	0.18347980855197607	-0.037553990169077366
110.4	0.18776458824802073	-0.039308493694053426
110.5	0.19169594567617396	-0.039985582407497555
110.6	0.19473271476776036	-0.041230608568016525
110.7	0.19228480950315582	-0.041773417280168826
110.8	0.19903164293538192	-0.042815004635262804
110.9	0.22227522186790252	-0.13560611373189452
111.0	0.2174158898719543	-0.13771552601196907
111.1	0.22461074598051914	-0.1368630977787668
111.2	0.21281276165677535	-0.13905807693106428
111.3	0.2133636607578042	-0.1380461430218961
111.4	0.2157626504992417	-0.13814603220120666
111.5	0.212795151602915	-0.14032036864052497
111.6	0.21421842794064172	-0.14105958869369079
111.7	0.21424823883568517	-0.14175684877610056
111.8	0.22295646583362044	-0.14110766491466406
111.9	0.21347887373150606	-0.14194726858224807
112.0	0.21302334480856033	-0.14162735607376187
112.1	0.20916116366556767	-0.1408717904482975
112.2	0.2016289122871284	-0.14068358052196017
112.3	0.1966361788969102	-0.1383506375934772
112.4	0.1899489863703172	-0.1416028616369846
112.5	0.1764597501308509	-0.13431469493995565
112.6	0.17702926241127215	-0.13418239916643368
112.7	0.17941527548717998	-0.13778944271629187
112.8	0.18481657282312605	-0.13864063628151901
112.9	0.18473080104499212	-0.1394554777830436
113.0	0.17503739290588666	-0.13725190893437927
113.1	0.1773453755209657	-0.14090853452380586
113.2	0.17434503853704938	-0.141036922522822
113.3	0.17664570404988172	-0.1447077163188156
113.4	0.1724322055028583	-0.1406861535846339
113.5	0.1746705092790687	-0.14439388467769587
113.6	0.169332669701163	-0.14040344216806325
113.7	0.17151127025618995	-0.14415332775115636
113.8	0.16593599178348642	-0.13621524994776768
113.9	0.1680082447894009	-0.14002428095334432
114.0	0.16131014974650362	-0.13511330334945792
114.1	0.16329792175535998	-0.13896900759494826
114.2	0.16144388739935323	-0.1383012546412496
114.3	0.16035760465535212	-0.13748321467166003
114.4	0.1591941594493934	-0.13705669745133675
114.5	0.1610669678171969	-0.14095640124611894
114.6	0.16295915897734226	-0.14484402737554514
114.7	0.16304394716216586	-0.144913772243057
114.8	0.16375678144592806	-0.1451552048365474
114.9	0.1623001010708493	-0.14173165928848083
115.0	0.16410294948693468	-0.1456584342966725
115.1	0.16302123888931488	-0.14787615472228616
115.2	0.16207425071689424	-0.14787718083866805
115.3	0.1601247277695696	-0.14757925720449544
115.4	0.15779987253223618	-0.1460651038023517
115.5	0.1554231843845351	-0.14219890661455997
115.6	0.1569839220278214	-0.14620047075065476
115.7	0.15442947116473854	-0.14116175657840066
115.8	0.1547756169422912	-0.14144570284769759
115.9	0.15221704523550092	-0.13973094636570194
116.0	0.1535838502953025	-0.14378074323944812
116.1	0.15030473736353073	-0.14033559801854206
116.2	0.15162851350450238	-0.14440948458550096
116.3	0.15077952526012237	-0.13916687048184231
116.4	0.1520097089612197	-0.14325215431743074
116.5	0.1507981406468456	-0.1348857387023569
116.6	0.1502039160234169	-0.13564651748949863
116.7	0.14435932465870738	-0.1290248350526977
116.8	0.14528753403307862	-0.13317297610884113
116.9	0.142688786400757	-0.1260165023402469
117.0	0.14346070743926473	-0.13017906624081652
117.1	0.1488976911879333	-0.12995469471362084
117.2	0.1505641677277874	-0.1294709696332353
117.3	0.14087306342619532	-0.12544642900054853
117.4	0.14149657893156714	-0.12962712101478652
117.5	0.14811428548844152	-0.12982556483658492
117.6	0.14549575935177483	-0.13588625312502234
117.7	0.14398548742563386	-0.13257190698752763
117.8	0.14462552112336555	-0.1367412847866387
117.9	0.14525771937581355	-0.1290422455811028
118.0	0.14572355083273295	-0.017599207355223946
118.1	0.13990391560864882	-0.01019041397663811
118.2	0.1397494360054047	-0.011789222017257451
118.3	0.13748560716550717	-0.009246451516362816
118.4	0.13722466279926962	-0.01084304497383301
118.5	0.1382516248738208	-0.006219343974013894
118.6	0.13205613391653742	-0.008884701213768985
118.7	0.14096942509718785	-0.0029561144586677697
118.8	0.14055830878769213	-0.0045476428822941485
118.9	0.13364347494162662	0.002419835754950559
119.0	0.13308049210378392	0.0008357608090319192
119.1	0.13825280671149873	0.004937860733368722
119.2	0.13763311355519134	0.0033571765072425534
119.3	0.13108065254586004	0.013569346797107636
119.4	0.13035417841532865	0.011995954590305093
119.5	0.13307997083382755	0.01663275366336054
119.6	0.13229851048256785	0.015063583010593462
119.7	0.13538120650896557	0.01874628877054637
119.8	0.1345939092329441	0.01717758489796013
119.9	0.12639776090919835	0.014445076933080486
120.0	0.12542703975174935	0.01324261049991711
120.1	0.12462340177388907	0.011675233090839607
120.2	0.12560357046455867	0.012619607833894646
120.3	0.13708850034640635	0.016436854804421315
120.4	0.13390100492515902	0.018163559966873088
120.5	0.15789486659056517	0.024708873562956993
120.6	0.17273656882717764	0.026636921512980714
120.7	0.16600530937985902	0.03005661231584735
120.8	0.17456199285175528	0.02483055736695939
120.9	0.17371396565120684	0.022582333203893832
121.0	0.16691595304469012	0.02117863856320098
121.1	0.1743631242453048	0.022223550447466427
121.2	0.17540726749099342	0.022341265133826848
121.3	0.17631639336905075	0.025084271510722962
121.4	0.17575818540451235	0.023799528890473196
121.5	0.17507346562580145	0.022403086498130706
121.6	0.18399273936028945	0.020723027499750704
121.7	0.18059023893004708	0.020912051754100908
121.8	0.18378483316341931	0.02008000876462526
121.9	0.17583952897107133	0.019773560881524526
122.0	0.18035889691515755	0.018600073537591418
122.1	0.17788689077224584	0.019359945742033754
122.2	0.17938710670854388	0.020293380269389233
122.3	0.1849244521123499	0.018103130423088688
122.4	0.18154173692477765	0.017763793022787085
122.5	0.18458138711192845	0.016689876434186568
122.6	0.17933263750750322	0.016559118300690023
122.7	0.17955988326796168	0.01595105673077036
122.8	0.18467292823543485	0.014559713538811189
122.9	0.17993509027534457	0.015241224334888828
123.0	0.17930411257874354	0.014396705599918845
123.1	0.1795919716622556	0.014278600608178862
123.2	0.1834583105778082	0.012743031196306391
123.3	0.1838335687303405	0.012843781080050144
123.4	0.1840555100524892	0.011296403525918125
123.5	0.18345705790936082	0.01010613928025287
123.6	0.1833961107446416	0.008990936050790335
123.7	0.18407755965945882	0.009299049978962264
123.8	0.1838446869414965	0.01012789513666592
123.9	0.18569736390009448	0.009676653536723683
124.0	0.1863775402858078	0.008812189549687668
124.1	0.18712481219211585	0.009295543128062685
124.2	0.18673425769870766	0.008292937867845617
124.3	0.18632386515023436	0.006528080443803489
124.4	0.1862745207658446	0.00541035273590287
124.5	0.1867547944669346	0.004900312230073749
124.6	0.18641166217671407	0.00478442302542452
124.7	0.18678717698723774	0.006271490425429432
124.8	0.18728442825091163	0.006333922398164046
124.9	0.18672416295393998	0.005722221881626969
125.0	0.1875229625114833	0.00487044017955034
125.1	0.18755097118287825	0.005210287954597902
125.2	0.1876115089343529	0.0043491816469436485
125.3	0.18810755293783482	0.00423179921065946
125.4	0.18632300338348007	0.0036375685234906474
125.5	0.18987202533305367	0.004806711704153532
125.6	0.18893823622864053	0.004214392564632949
125.7	0.19122183585789068	0.0048533025218455254
125.8	0.19274795906669362	0.004310608931540175
125.9	0.1907309276229873	0.0037394574920790076
126.0	0.1907217016002239	0.0031312448330519695
126.1	0.18853982935536673	0.0032182843511700254
126.2	0.19070509626893636	0.003259729801048994
126.3	0.1874838417335007	0.003489509746293709
126.4	0.18980870748323905	0.0032612817193389855
126.5	0.18962679115673212	0.0033805082588223845
126.6	0.19279249907346752	0.0028456953838443128
126.7	0.19061454359080515	0.003267478148422421
126.8	0.19054251145462975	0.0023416984112927842
126.9	0.1872538205173952	0.0020726752385802176
127.0	0.19130694941483203	0.0022348174122561425
127.1	0.1960140542542104	0.002604488860643007
127.2	0.1884537215004509	0.0022423710467349214
127.3	0.18870214666353696	0.0024914639622555974
127.4	0.19305305547874443	0.002200027709242665
127.5	0.18869501147432655	0.001656347784164871
127.6	0.18839177924513223	0.001047747023336272
127.7	0.19265499738165326	0.0012974976561567937
127.8	0.1880368241630233	0.0011538187804886815
127.9	0.18761444073031308	0.0014335361008589384
128.0	0.1922724757632598	0.001257809486965876
128.1	0.19720602626903086	0.0016225788351448833
128.2	0.19734933457821238	0.0007990902018611377
128.3	0.18755474050946444	0.00044133722679136
128.4	0.18748198447425363	-3.203320527075948e-05
128.5	0.19860124174317725	0.00036455782911344603
128.6	0.18814007499377144	0.0003125971643883098
128.7	0.18853939463500566	0.0010275075574883961
128.8	0.18926707074800522	0.0008796768378519192
128.9	0.18918858626595703	2.562309575453517e-05
129.0	0.18879502127344755	-0.0015666150892753826
129.1	0.21064260044798228	0.003583470032672797
129.2	0.20362702723183235	0.0032461147748415083
129.3	0.20406849484364598	0.0029224417597697692
129.4	0.19812553423357832	0.003253325269297745
129.5	0.20421455823131052	0.0032269540247667067
129.6	0.20402272736088914	0.0033502497133546805
129.7	0.20417164713003833	0.00320046699837416
129.8	0.19741699402581706	0.0029445835838915954
129.9	0.20339667483885243	0.0022747362881427174
130.0	0.19235501329140664	0.0028313490749594487
130.1	0.2038369084927275	0.002333180990558067
130.2	0.20902556722140514	0.0018993441836150232
130.3	0.20926824243224862	0.0015446062017053196
130.4	0.20499405954590252	0.0031379118833179606
130.5	0.2058518659178362	0.002654620772225051
130.6	0.20100999246625267	0.0034486201399482226
130.7	0.2056195966311548	0.002319046739780315
130.8	0.20559419522200048	0.0019606476285777344
130.9	0.20113437096029954	0.0022016683922030343
131.0	0.20595040056369168	0.0025345101903353137
131.1	0.20170007301092827	0.002270949965447036
131.2	0.20531804201011433	0.0028300398327275583
131.3	0.20469432721959716	0.0021204269434463296
131.4	0.20470061374904064	0.0011488009338652058
131.5	0.20458998664590694	0.0007488816281265541
131.6	0.20499064239016043	0.0016495662657667332
131.7	0.20540976563887134	0.0012243597650083947
131.8	0.2058481782592237	0.001791036882684751
131.9	0.20652421346471805	0.0019477243053809025
132.0	0.2077205209517712	0.0025821364877607715
132.1	0.20759437354050828	0.001849495142298688
132.2	0.2080681381678933	0.0017935352735420577
132.3	0.20639756954753063	0.0014060498279640198
132.4	0.2106864718929741	0.001180161677125889
132.5	0.20924613079718526	0.0013308475342313705
132.6	0.20956703695919887	0.002737089866408292
132.7	0.2116776325473937	0.0015939389761492236
132.8	0.21020385732136773	0.002089579532029427
132.9	0.20927183216608866	0.0012120485153585443
133.0	0.20852429435588385	0.001574829973186604
133.1	0.20905355505070475	0.0015730970324122871
133.2	0.20831413839999388	0.0006166854104407565
133.3	0.20862162994690198	0.0001707528698233346
133.4	0.21028877353929645	0.0014636483463801968
133.5	0.2104102818632286	0.0013122383969874085
133.6	0.21095508080682118	0.00195784611870921
133.7	0.21084896940127829	0.0009732500251322801
133.8	0.21127199614266845	0.0016323070509466422
133.9	0.21187822175641058	0.002413887191002115
134.0	0.2117910590495034	0.0014384310543304538
134.1	0.2113320467853576	0.0015255130953071277
134.2	0.2106463733086729	0.0021438168562577225
134.3	0.21049341910559244	0.0010137931423380778
134.4	0.21044219885635163	0.0013537050047560933
134.5	0.2091989907108076	0.0015002183946681603
134.6	0.20736952878979364	0.001465162394293897
134.7	0.21072727777370942	0.0009620372588243012
134.8	0.2074095442931795	0.0008815472811659168
134.9	0.21280889010214427	0.002417135439502347
135.0	0.21304564089208308	0.0025020205979978446
135.1	0.2132989892954157	0.00229890235031582
135.2	0.2135050707145894	0.002190148711671329
135.3	0.21365391696030625	0.0010682646960928043
135.4	0.2107488431395193	0.0020477844970171032
135.5	0.2168752011205232	0.002059015752412135
135.6	0.21020339812450767	0.001563335835533402
135.7	0.2098341890820411	0.001943477000768426
135.8	0.21667487524138215	0.000830637268652807
135.9	0.21375312069188146	0.0002775244789275724
136.0	0.21040788015709888	0.0012050856623066156
136.1	0.2107775022700753	0.0018719962720782982
136.2	0.2118399368451297	0.002454778983528593
136.3	0.20806992975766878	0.0025133574055462536
136.4	0.21370070397548874	0.0033527135767571405
136.5	0.2137013485836523	0.002846072473987644
136.6	0.213977168811971	0.0030362120391257824
136.7	0.2139344585290608	0.0023740099044564558
136.8	0.2141868055515173	0.003595719731749299
136.9	0.2143490085307755	0.003244800391355926
137.0	0.2141215285504811	0.004317266221646181
137.1	0.21334947872999593	0.003704669910292141
137.2	0.2135309957282216	0.00344169808362323
137.3	0.21298470327310476	0.0026357678402368287
137.4	0.2133185988530917	0.0031063795295810364
137.5	0.21331405753050747	0.0022954436686443286
137.6	0.21097979463180416	0.007439253275703544
137.7	0.22485536372323614	0.006590289924625521
137.8	0.21280611008454944	0.008028819691402948
137.9	0.21959168280578845	0.00730183824089739
138.0	0.22007251487438442	0.006820471534209035
138.1	0.2264957619794702	0.006361640330768471
138.2	0.2144864679540728	0.007252788835645334
138.3	0.2152467768819809	0.006894283492723007
138.4	0.22648108281689874	0.007298250543449166
138.5	0.2152915228138292	0.007706185323361712
138.6	0.21515171182641757	0.006913249121383865
138.7	0.219517479207155	0.00564262197039302
138.8	0.2145238026979816	0.006906011880695896
138.9	0.21434514104179972	0.0064934703865077254
139.0	0.22347398390547968	0.006216828295243854
139.1	0.2236030016778787	0.006218628297541456
139.2	0.22401587378392504	0.006650827657214326
139.3	0.220450530721842	0.006478571913216302
139.4	0.22502364769103644	0.006897927478677421
139.5	0.2252219522244624	0.006308464638071879
139.6	0.21813455790202713	0.007446736677322801
139.7	0.2216259550715343	0.006789212505354467
139.8	0.22516317773758163	0.007211389311587927
139.9	0.22202185202288602	0.007498757549778716
140.0	0.22394501082458207	0.00656256308387899
140.1	0.22113350882589905	0.006486047618183594
140.2	0.22061133390772575	0.006455866825405154
140.3	0.22318618867692697	0.005696307673023122
140.4	0.22288360802374485	0.0066024868611594
140.5	0.21894063156506605	0.0067542931224826245
140.6	0.22299385818165252	0.007219532163768488
140.7	0.22309127129141057	0.006969865295094361
140.8	0.22304569657553813	0.005364624938893527
140.9	0.22177667088788788	0.0074913454751089
141.0	0.2216513255181783	0.0067895621793683325
141.1	0.2239284973611648	0.0035660671043555832
141.2	0.22121963643599743	0.00031428310053047137
141.3	0.21834511454815733	0.0005107328141346346
141.4	0.21947017227799231	-0.00032618912713144876
141.5	0.21865281783737558	0.000422780346295417
141.6	0.21843245019017804	-0.0011747913980751125
141.7	0.21929513814937598	0.0002242888546729934
141.8	0.2190770680176025	-0.001373333331333649
