0.0	-0.06257777777777776	-0.16923076923076924	-2.220446049250313e-16
0.1	-0.042577777777777756	-0.16923076923076924	-2.220446049250313e-16
0.2	-0.02257777777777776	-0.16923076923076924	-2.220446049250313e-16
0.3	-0.002577777777777762	-0.16923076923076924	-2.220446049250313e-16
0.4	0.01742222222222224	-0.16923076923076924	-2.220446049250313e-16
0.5	0.037422222222222246	-0.16923076923076924	-2.220446049250313e-16
0.6	0.057422222222222236	-0.16923076923076924	-2.220446049250313e-16
0.7	0.07742222222222225	-0.16923076923076924	-2.220446049250313e-16
0.8	0.09742222222222224	-0.16923076923076924	-2.220446049250313e-16
0.9	0.11742222222222223	-0.16923076923076924	-2.220446049250313e-16
1.0	0.13742222222222225	-0.16923076923076924	-2.220446049250313e-16
1.1	0.1945777777777778	-0.16584615384615384	0.0021092235833426454
1.2	0.21457777777777778	-0.16584615384615384	0.0021092235833426454
1.3	0.20720000000000002	-0.17261538461538461	0.01016262271974222
1.4	0.21742222222222227	-0.17261538461538461	0.01016262271974222
1.5	0.16440667014212199	-0.16890252702940292	0.012655341500056094
1.6	0.184406670142122	-0.16890252702940292	0.012655341500056094
1.7	0.1346666666666667	-0.17938461538461542	0.012847089098542597
1.8	0.1527111111111111	-0.17938461538461542	0.013134710496270685
1.9	0.16021486660091985	-0.16527391935811828	0.013134710496270685
2.0	0.18021486660091987	-0.16527391935811828	0.013134710496270685
2.1	0.17125691920918087	-0.1694210971304536	0.013518205693241914
2.2	0.1912569192091809	-0.1694210971304536	0.013518205693241914
2.3	0.16056972674461234	-0.16452690245505092	0.016298545871284764
2.4	0.1805697267446123	-0.16452690245505092	0.016298545871284764
2.5	0.11621645164211891	-0.14868362583549075	0.02166747862888463
2.6	0.13621645164211893	-0.14868362583549075	0.02166747862888463
2.7	0.10944451615864476	-0.16588024148234154	0.026077673394055756
2.8	0.12944451615864477	-0.16588024148234154	0.026077673394055756
2.9	0.10422670476762463	-0.15651557844485622	0.02761165418194156
3.0	0.12422670476762465	-0.15651557844485622	0.02761165418194156
3.1	0.06404116992920905	-0.15373541694583573	0.027324032784213026
3.2	0.08404116992920907	-0.15373541694583573	0.027324032784213026
3.3	0.06318141849836623	-0.1700161455442734	0.027228158984969886
3.4	0.08318141849836624	-0.1700161455442734	0.027228158984969886
3.5	0.044618613100240734	-0.1649242445483304	0.028378644575884016
3.6	0.06461861310024075	-0.1649242445483304	0.028378644575884016
3.7	0.05323498884196143	-0.1402854464505744	0.031158984753927088
3.8	0.05023825089060796	-0.11321767463138613	0.032692965541812447
3.9	0.05453480202631844	-0.1096437967310328	0.032692965541812447
4.0	0.06642443424852396	-0.13790316310244158	0.03393932493196927
4.1	0.055051610998721356	-0.17156837175768153	0.03624029611379842
4.2	0.07505161099872137	-0.17156837175768153	0.03624029611379842
4.3	0.05770481490010504	-0.1462832060628245	0.03767840310244086
4.4	0.07770481490010506	-0.1462832060628245	0.03767840310244086
4.5	-1.7666037563027914	-0.11031922053019727	0.036815538909255485
4.6	-1.7466037563027914	-0.11031922053019727	0.036815538909255485
4.7	-0.015200000000000102	-0.14215384615384596	0.035952674716069444
4.8	0.0047999999999999154	-0.14215384615384596	0.035952674716069444
4.9	-0.008787258153599264	-0.10689547318518985	0.03643204371228359
5.0	0.011212741846400753	-0.10689547318518985	0.03643204371228359
5.1	-0.04085753625377242	-0.16787972515343166	0.039404131488812055
5.2	-0.11074201922105154	-0.1637749513469381	0.041896850269126595
5.3	-0.12400000000000011	-0.14215384615384602	0.04218447166685446
5.4	-0.05931570438266376	-0.11677800708989683	0.041321607473669086
5.5	-0.18973176713786133	-0.16903327342521424	0.040746364678212244
5.6	-0.1637333333333333	-0.1455384615384614	0.041033986075940776
5.7	-0.15351111111111115	-0.14892307692307682	0.04141748127291223
5.8	-0.13950702064096743	-0.12927430965777287	0.04237621926534074
5.9	-0.1624000000000001	-0.14892307692307682	0.0434308310570124
6.0	-0.15608888888888894	-0.14892307692307682	0.04381432625398385
6.1	-0.15189456247005073	-0.16619477804900987	0.044101947651711715
6.2	-0.14943935286954368	-0.1651112093011533	0.044581316647926084
6.3	-0.15686018244850453	-0.16438489173502918	0.04525243324262629
6.4	-0.13866666666666672	-0.14892307692307685	0.046115297435811886
6.5	-0.13431111111111105	-0.15230769230769223	0.04592354983732605
6.6	-0.13255959069116074	-0.18382988746873496	0.046115297435811664
6.7	-0.1219167339132643	-0.1693424064211502	0.04601942363656897
6.8	-0.1114666666666666	-0.1556923076923076	0.04669054023126917
6.9	-0.12343998535981937	-0.18312224461705887	0.04678641403051165
7.0	-0.12091038916613606	-0.1811975244473759	0.04688228782975501
7.1	-0.11404444444444461	-0.159076923076923	0.046498792632783115
7.2	-0.1161628789851128	-0.18181227431827454	0.046211171235054804
7.3	-0.11112576911591132	-0.15011508176797903	0.046115297435811886
7.4	-0.10684444444444452	-0.159076923076923	0.045731802238840435
7.5	-0.10640000000000005	-0.15569230769230763	0.045827676038083354
7.6	-0.08640000000000003	-0.15569230769230763	0.045827676038083354
7.7	-0.0722666666666667	-0.15569230769230763	0.045827676038083354
7.8	-0.09919999999999995	-0.15569230769230766	0.04678641403051165
7.9	-0.10266666666666668	-0.15569230769230766	0.04764927822369747
8.0	-0.10026666666666673	-0.15569230769230766	0.048128647219911835
8.1	-0.09591111111111106	-0.15569230769230766	0.04927913281082619
8.2	-0.08960000000000012	-0.15569230769230766	0.05071723979946885
8.3	-0.08186481738111762	-0.16404854147623768	0.05062136600022593
8.4	-0.07516366192693558	-0.16422612201180578	0.051196608795682774
8.5	-0.06675555555555568	-0.16246153846153844	0.050908987397954686
8.6	-0.07022222222222219	-0.16246153846153844	0.051196608795682774
8.7	-0.06586666666666674	-0.16246153846153844	0.050525492200983235
8.8	-0.06959819879269302	-0.16469965457224311	0.04966262800779764
8.9	-0.06302222222222231	-0.16584615384615384	0.04918325901158327
9.0	-0.06257777777777784	-0.16584615384615387	0.04793689962142578
9.1	-0.05431111111111098	-0.16246153846153846	0.04745753062521163
9.2	-0.061843264663029585	-0.15502069732791157	0.04745753062521163
9.3	-0.05342222222222204	-0.1556923076923077	0.047841025822183525
9.4	-0.06080000000000019	-0.1556923076923077	0.04879976381461204
9.5	-0.05644444444444452	-0.1556923076923077	0.04918325901158327
9.6	-0.061866666666666736	-0.15569230769230774	0.0502378708032547
9.7	-0.05946666666666678	-0.15569230769230774	0.05100486119719716
9.8	-0.06296464581175654	-0.14696204982510652	0.05215534678811151
9.9	-0.048799999999999955	-0.15569230769230774	0.05273058958356858
10.0	-0.04640000000000022	-0.15907692307692312	0.052347094386597126
10.1	-0.0382908868529781	-0.15210914108368173	0.05253884198508296
10.2	-0.04574793077309103	-0.14302248302208234	0.05225122058735443
10.3	-0.043159496359857386	-0.14268991044972734	0.05244296818584049
10.4	-0.044807269086019286	-0.15281735746741332	0.0518677253903832
10.5	-0.040447484730699035	-0.15218783179298523	0.051292482594925914
10.6	-0.04390602813835898	-0.15495998450946602	0.05062136600022571
10.7	-0.03559122348996313	-0.15482673316039755	0.050525492200983235
10.8	-0.04100717094417128	-0.1538491967198511	0.05033374460249762
10.9	-0.034649235047797156	-0.14993905095766522	0.050429618401740095
11.0	-0.04202025538309817	-0.1488863194063075	0.0503337446024974
11.1	-0.039604422198944444	-0.12902687995560033	0.05071723979946863
11.2	-0.043076785886049684	-0.14730722207927094	0.051196608795682774
11.3	-0.042627514696979674	-0.14655527097115828	0.05158010399265445
11.4	-0.04608838927009451	-0.14565292964142307	0.05186772539038298
11.5	-0.03781882655665214	-0.14520175897655546	0.05225122058735465
11.6	-0.025291549568829286	-0.18685985036599687	0.05311408478054003
11.7	-0.021281880376019302	-0.14815228747561884	0.05292233718205441
11.8	-0.028737613593116773	-0.15001424606847652	0.05301821098129733
11.9	-0.02629153593547784	-0.1498441954259362	0.05320995857978317
12.0	-0.031644444444444364	-0.17261538461538475	0.05359345377675462
12.1	-0.03126064376551296	-0.1520572392581718	0.05378520137524023
12.2	-0.03075555555555587	-0.17600000000000013	0.052059472988868816
12.3	-0.02248888888888878	-0.17600000000000013	0.051963599189625675
12.4	-0.02995400043927221	-0.14932926691931786	0.051675977791897365
12.5	-0.021161216739144173	-0.2003949703120248	0.05138835639416861
12.6	-0.034840038436957155	-0.1448575593690538	0.05129248259492569
12.7	-0.028126411949398467	-0.1988158729849882	0.05138835639416839
12.8	-0.03984580545178762	-0.14256163511804823	0.051580103992654225
12.9	-0.03504816109562858	-0.2006205556444586	0.051963599189625675
13.0	-0.04046410854983673	-0.20159809208500507	0.05282646338281172
13.1	-0.03846103125887135	-0.14104172902782133	0.053401706178269226
13.2	-1.8244028898272187	-0.13941173544408803	0.05455219176918291
13.3	-1.8044028898272186	-0.13941173544408803	0.05455219176918291
13.4	-0.0665170695292896	-0.0986781494665997	0.05589442495858288
13.5	-0.0610666666666666	-0.06430769230769212	0.05608617255706827
13.6	-0.0703999999999998	-0.06430769230769214	0.0551274345646402
13.7	-0.05736282145405136	-0.09928205459142483	0.05426457037145438
13.8	-0.03736282145405179	-0.09928205459142483	0.05301821098129733
13.9	-0.01736282145405177	-0.09928205459142483	0.05301821098129733
14.0	0.06306601838333137	-0.03376051275417134	0.05062136600022593
14.1	0.08306601838333139	-0.03376051275417134	0.05062136600022593
14.2	-0.04348751211145485	-0.04692174914623033	0.048320394818397894
14.3	-0.016444444444444706	-0.0744615384615383	0.047265783026725794
14.4	0.022000535181322167	-0.10239721160181832	0.046115297435811664
14.5	0.04588202716896328	-0.10316769203305735	0.0463070450342975
14.6	0.015078288025853315	-0.10063174243626971	0.04640291883354086
14.7	0.03507828802585333	-0.10063174243626971	0.04640291883354086
14.8	0.05507828802585335	-0.10063174243626971	0.04640291883354086
14.9	-0.048147670068293014	-0.051986575448336896	0.048224521019154754
15.0	-0.028162905312331343	-0.09985910715736167	0.048512142416883286
15.1	-0.0011555555555555763	-0.07784615384615372	0.04755340442445455
15.2	0.017658867266923117	-0.10346847247630245	0.04755340442445455
15.3	0.020063211337086884	-0.10279171647900105	0.04697816162899726
15.4	0.012692191001785869	-0.10173898492764334	0.0463070450342975
15.5	0.013271800382929744	-0.061509600643615985	0.044773064246412586
15.6	0.011809444754931508	-0.0657205268490469	0.043718452454740264
15.7	-0.010222222222222133	-0.0879999999999999	0.04323908345852612
15.8	-0.007822222222221953	-0.0879999999999999	0.04275971446231219
15.9	-0.0434981809488626	-0.06948389631499788	0.04199272406836907
16.0	-0.029363261815617214	-0.06971996844290841	0.04199272406836885
16.1	-0.032845201728326945	-0.07098167032369085	0.04180097646988301
16.2	-0.030440658033918044	-0.07167379928676042	0.04180097646988301
16.3	-0.03585631714199433	-0.07267354112230538	0.04256796686382658
16.4	-0.03147439395018514	-0.07302497823365578	0.04256796686382658
16.5	-0.03493471741720455	-0.07396926674529788	0.042280345466098046
16.6	-0.02968888888888932	-0.08799999999999994	0.04208859786761243
16.7	-0.03198929808701223	-0.08223179122216627	0.04132160747366953
16.8	-0.02035499482718972	-0.10363566415272063	0.04132160747366953
16.9	-0.017950237427454052	-0.10292744776898906	0.0416092288713974
17.0	-0.012266666666666648	-0.09476923076923073	0.041129859875183694
17.1	-0.015733333333333377	-0.0981538461538461	0.03978762668578373
17.2	-0.010127590609195991	-0.09228386174261005	0.03978762668578373
17.3	-0.01875555555555586	-0.10153846153846151	0.039020636291840605
17.4	-0.03591111111111145	-0.09815384615384613	0.03873301489411207
17.5	-0.029600000000000293	-0.09815384615384613	0.03815777209865545
17.6	-0.02666644344553104	-0.09057828501453487	0.038253645897897925
17.7	-0.022844444444444445	-0.09815384615384613	0.037966024500169615
17.8	-0.03148457145123995	-0.09850559516275896	0.037966024500169615
17.9	-0.02263701310288191	-0.09490099542003116	0.038733014894112294
18.0	-0.02609733656990132	-0.09584528393167327	0.039116510091083745
18.1	-0.026933333333333476	-0.09815384615384616	0.039595879087298114
18.2	-0.0167111111111109	-0.10153846153846154	0.039883500485026646
18.3	-0.00904883610830387	-0.10428076376914942	0.04036286948124079
18.4	0.0011759103885897737	-0.10466527985974362	0.04017112188275496
18.5	-0.011466666666666736	-0.10492307692307694	0.040266995681997875
18.6	0.004074380047255577	-0.10951018260123065	0.03978762668578373
18.7	-0.011072099593457896	-0.11427818212459886	0.03921238389032666
18.8	-0.019911111111111435	-0.11169230769230773	0.03844539349638354
18.9	-0.019466666666666743	-0.11169230769230773	0.03777427690168356
19.0	-0.02488888888888896	-0.10830769230769234	0.03729490790546919
19.1	-0.011229178318928223	-0.11743121406747137	0.03643204371228359
19.2	-0.004444444444444695	-0.10830769230769234	0.03681553890925526
19.3	-0.007911111111111424	-0.10830769230769234	0.0370072865077411
19.4	-0.0016000000000002679	-0.10830769230769234	0.037870150700926475
19.5	-0.01729584211673041	-0.1174312140674714	0.03882888869335477
19.6	-0.029393246883318014	-0.09489622984381824	0.039212383890326885
19.7	-0.019822222222222408	-0.10830769230769237	0.040362869481241015
19.8	-0.015895345938133243	-0.12617739594130495	0.04074636467821202
19.9	-0.005633750697536133	-0.12689030989608893	0.04074636467821202
20.0	-0.00517799309050293	-0.1306891025899809	0.04084223847745516
20.1	-0.002735281038870774	-0.13173521263757598	0.04045874328048327
20.2	0.0	-0.11507692307692316	0.04017112188275496
20.3	-0.003466666666667173	-0.11846153846153855	0.03978762668578373
20.4	-0.001342369087038442	-0.13742605077837028	0.03892476249259813
20.5	-0.008713078895735471	-0.13850269583203406	0.03806189829941231
20.6	-0.0063529681717948705	-0.13581108319787463	0.03767840310244108
20.7	-0.005903475178008044	-0.13658011537906303	0.03729490790546963
20.8	-0.0012444444444446034	-0.11507692307692319	0.038253645897897925
20.9	-0.005004489190431727	-0.1381181797414399	0.03882888869335521
21.0	-0.00035555555555522034	-0.11507692307692319	0.039883500485026646
21.1	-0.018805593067664717	-0.09106878445621448	0.04045874328048371
21.2	-0.0164014357509652	-0.09040673351913375	0.041417481272912005
21.3	-0.013022977800233981	-0.14099083277112437	0.04151335507215492
21.4	-0.004712074922113452	-0.14204024386550085	0.042184471666854906
21.5	-0.004260697833696092	-0.1455777345306116	0.04170510267064054
21.6	0.003968208488959846	-0.14543052251206515	0.04170510267064054
21.7	-0.008977777777777973	-0.121846153846154	0.04160922887139762
21.8	-0.004906790850808029	-0.15004132888921864	0.04141748127291245
21.9	-0.006330312775575386	-0.15211970917119177	0.04112985987518325
22.0	-0.011787906431015571	-0.15515310161049242	0.04036286948124057
22.1	-0.016372413359057703	-0.09445980014522797	0.04036286948124079
22.2	-0.01284584367902486	-0.15396362347888334	0.04055461707972663
22.3	0.007154156320974714	-0.15396362347888334	0.04055461707972663
22.4	0.027154156320975176	-0.15396362347888334	0.04055461707972663
22.5	-0.052882273570729055	-0.009915029372241917	0.04122573367442661
22.6	-0.048888888888889426	-0.043999999999999824	0.04208859786761199
22.7	-0.05985106780029703	-0.009151482956142003	0.04275971446231219
22.8	-0.057777777777778816	-0.04061538461538444	0.04208859786761221
22.9	-0.05028765257133205	-0.07428850870280128	0.042088597867611766
23.0	-0.03615280467319604	-0.07405779904844474	0.041129859875183694
23.1	-0.03841372287799594	-0.01822606269416534	0.04055461707972641
23.2	-0.03140950631270378	-0.07880447613020705	0.040266995681997875
23.3	-0.036000000000000476	-0.050769230769230615	0.03997937428426912
23.4	-0.03644318231007215	-0.08105599189725933	0.03997937428426912
23.5	-0.036013803516818044	-0.08309059744644925	0.03882888869335521
23.6	-0.03758811296405451	-0.08620850751122172	0.037774276901684
23.7	-0.0390688529648866	-0.08482008499510839	0.0370072865077411
23.8	-0.036664508894723724	-0.084143328997807	0.03652791751152673
23.9	-0.022580134967763676	-0.08498596604778921	0.03604854851531214
24.0	-0.027945674992210456	-0.08294020722482674	0.03547330571985552
24.1	-0.035696111758865	-0.03952825411308455	0.03528155812136968
24.2	-0.031336517363834915	-0.040143479858035284	0.03499393672364115
24.3	-0.04133333333333322	-0.06092307692307681	0.03566505331834113
24.4	-0.03985732111561635	-0.07982554040735781	0.035952674716069444
24.5	-0.03457777777777782	-0.06092307692307682	0.03585680091682675
24.6	-0.029252622379788207	-0.08246786335007691	0.03566505331834091
24.7	-0.01804444444444453	-0.0643076923076922	0.03633616991304067
24.8	-0.014687606673947862	-0.08443973349448831	0.035952674716069444
24.9	-0.023022222222222055	-0.06769230769230761	0.036048548515312584
25.0	-0.018666666666667275	-0.06769230769230761	0.035952674716069444
25.1	-0.02122982077858726	-0.08553680101291372	0.034993936723640706
25.2	-0.018852239066334597	-0.057038779890984034	0.03451456772742634
25.3	-0.01928888888889002	-0.07446153846153838	0.0329805869395412
25.4	-0.014933333333333465	-0.0744615384615384	0.0329805869395412
25.5	-0.016444444444445594	-0.07107692307692301	0.031254858553169784
25.6	-0.011224961635051045	-0.0605228326595284	0.030487868159226883
25.7	-0.020550722144370148	-0.06167638093131103	0.030391994359984187
25.8	-0.014197327290324857	-0.061792011548566075	0.030391994359983965
25.9	-0.026400000000000645	-0.07107692307692304	0.031063110954683726
26.0	-0.023047327647986116	-0.07821856504768741	0.03154247995089832
26.1	-0.016842132439066404	-0.061291864840716824	0.03240534414408369
26.2	-0.0064840870307651954	-0.07713392777319829	0.03240534414408369
26.3	0.0066666666666659324	-0.07107692307692304	0.03288471314029828
26.4	0.008055820890690235	-0.07951792753488239	0.03240534414408347
26.5	0.020235618088204177	-0.07921031466240702	0.03240534414408347
26.6	0.0011346040757809206	-0.07128928319616627	0.03192597514786977
26.7	0.021134604075780494	-0.07128928319616627	0.03192597514786977
26.8	0.012800000000000367	-0.07784615384615383	0.030775489556955415
26.9	0.03279999999999994	-0.07784615384615383	0.030775489556955415
27.0	0.03816792163258231	-0.07636489559200983	0.029145634969826695
27.1	0.05816792163258189	-0.07636489559200983	0.029145634969826695
27.2	0.033201755518294185	-0.07813366960874321	0.028474518375127156
27.3	0.05320175551829376	-0.07813366960874321	0.028474518375127156
27.4	0.044800000000000395	-0.07784615384615386	0.02761165418194156
27.5	0.06479999999999997	-0.07784615384615386	0.02761165418194156
27.6	0.02511299403940015	-0.07404795745460141	0.029337382568312753
27.7	0.04511299403940061	-0.07404795745460141	0.029337382568312753
27.8	0.03396895997950011	-0.0829400076058979	0.029912625363769596
27.9	0.039200000000000124	-0.07784615384615387	0.029912625363769596
28.0	0.05246366346806575	-0.08380560540823649	0.030391994359984187
28.1	0.07246366346806621	-0.08380560540823649	0.030391994359984187
28.2	0.0690219296365795	-0.08797728152795498	0.030296120560741047
28.3	0.08902192963657996	-0.08797728152795498	0.030296120560741047
28.4	0.10902192963657953	-0.08797728152795498	0.030296120560741047
28.5	0.08601081422291301	-0.08966915232656951	0.0298167515645269
28.6	0.08841535791732191	-0.09036128128963909	0.02943325636755545
28.7	0.08499918248033644	-0.09466786150429422	0.028762139772855688
28.8	0.08902417080729563	-0.0771168951174382	0.027995149378912787
28.9	0.07972198557276755	-0.0762110891557721	0.027995149378912787
29.0	0.09972198557276712	-0.0762110891557721	0.027995149378912787
29.1	0.042577777777777825	-0.08461538461538469	0.027611654181941336
29.2	0.0625777777777774	-0.08461538461538469	0.027611654181941336
29.3	0.03291028785520034	-0.09805160310152329	0.028666265973612548
29.4	0.05291028785519991	-0.09805160310152329	0.028666265973612548
29.5	0.047494628747124956	-0.09905134493706824	0.029145634969826695
29.6	0.0596744259446389	-0.09935895780954361	0.02933738256831253
29.7	0.05234814910641106	-0.10381934446043645	0.02952913016679859
29.8	0.07234814910641063	-0.10381934446043645	0.02952913016679859
29.9	0.06666041563065583	-0.06870617502593239	0.029720877765284204
30.0	0.08666041563065541	-0.06870617502593239	0.029720877765284204
30.1	0.0541278997935537	-0.10931196583355024	0.029049761170584
30.2	0.07412789979355416	-0.10931196583355024	0.029049761170584
30.3	0.04791111111111057	-0.09138461538461551	0.028186896977398623
30.4	0.06791111111111103	-0.09138461538461551	0.028186896977398623
30.5	0.029244444444444184	-0.08800000000000013	0.027228158984970108
30.6	0.049244444444444646	-0.08800000000000013	0.027228158984970108
30.7	0.017648117080470982	-0.11123505428687275	0.02789927557967009
30.8	0.037648117080471444	-0.11123505428687275	0.02789927557967009
30.9	0.0173333333333332	-0.08461538461538476	0.029529130166798367
31.0	0.028800566452909848	-0.11365207753219057	0.029529130166798367
31.1	0.019584469977483643	-0.11950760095668023	0.030008499163012514
31.2	0.02977435201106715	-0.1191842506358571	0.030008499163012514
31.3	-1.8030038301556175	-0.12387708644932617	0.031254858553169784
31.4	-1.783003830155617	-0.12387708644932617	0.031254858553169784
31.5	-0.04986397602305015	-0.057139091062299585	0.030391994359984187
31.6	-0.029863976023049688	-0.057139091062299585	0.030391994359984187
31.7	-0.047009939334852646	-0.05567792991804158	0.028858013572098384
31.8	-0.027009939334852184	-0.05567792991804158	0.028858013572098384
31.9	-0.05721745392558919	0.005639633310844853	0.029049761170584443
32.0	-0.03721745392558873	0.005639633310844853	0.029049761170584443
32.1	-0.08429817677908868	-0.050455919354359634	0.029816751564527344
32.2	-0.06429817677908822	-0.050455919354359634	0.029816751564527344
32.3	-0.07162575105036506	-0.046019407816494926	0.03087136335619811
32.4	-0.0516257510503646	-0.046019407816494926	0.03087136335619811
32.5	-0.04479141746907889	0.005460128486437898	0.03106311095468417
32.6	-0.024791417469079313	0.005460128486437898	0.03106311095468417
32.7	-0.06206551640318736	-0.04721857592496895	0.03240534414408347
32.8	-0.042065516403187786	-0.04721857592496895	0.03240534414408347
32.9	-0.04294901252345973	-0.0009997418355448253	0.032213596545597856
33.0	-0.022949012523460155	-0.0009997418355448253	0.032213596545597856
33.1	0.04920013305214255	-0.05075723850952209	0.031158984753927088
33.2	0.06920013305214212	-0.05075723850952209	0.031158984753927088
33.3	-0.04583283766854063	-0.05374575445429634	0.027707527981184255
33.4	-0.025832837668541053	-0.05374575445429634	0.027707527981184255
33.5	0.004802977494493099	-0.010612644100400057	0.02540655679935555
33.6	0.024802977494492673	-0.010612644100400057	0.02540655679935555
33.7	0.027204161968357177	-0.011730437286557639	0.025310683000113077
33.8	0.04720416196835675	-0.011730437286557639	0.025310683000113077
33.9	0.007769946383132442	-0.04692174914623016	0.026077673394055756
34.0	-0.1179839364353894	-0.026147094160406135	0.02626942099254137
34.1	-0.1394666666666664	-0.04738461538461533	0.022626216621312922
34.2	-0.2205565657493258	-0.04178476664016295	0.020516993037970277
34.3	-0.25852538826957616	-0.05067681679145944	0.020133497840998826
34.4	-0.29200722860474215	-0.04629573730754272	0.02042111923872758
34.5	-0.27785818308442156	-0.04650620919837348	0.020229371640241967
34.6	-0.28000000000000025	-0.05076923076923077	0.019941750242513212
34.7	-0.2717333333333327	-0.05076923076923077	0.020037624041755908
34.8	-0.25692896174856106	-0.05144825292150513	0.019654128844784458
34.9	-0.252553472097647	-0.05209324955892258	0.019366507447055925
35.0	-0.24106666666666676	-0.054153846153846164	0.01917475984857031
35.1	-0.22814822199917373	-0.056106475733401516	0.01917475984857031
35.2	-0.2206222222222225	-0.057538461538461545	0.018791264651599082
35.3	-0.2201777777777787	-0.057538461538461545	0.018695390852355942
35.4	-0.21231157318456617	-0.06164355507933627	0.01840776945462763
35.5	-0.2205022159110177	-0.0589078650790328	0.018311895655384935
35.6	-0.2141694080449108	-0.059568866942755906	0.01754490526144159
35.7	-0.21644444444444488	-0.05753846153846157	0.017065536265227665
35.8	-0.2062222222222223	-0.05753846153846157	0.016586167269013297
35.9	-0.20416540021299223	-0.0686982980729237	0.01668204106825666
36.0	-0.19282021671245886	-0.06192958822186116	0.016586167269013297
36.1	-0.1931555555555562	-0.0541538461538462	0.01725728386371328
36.2	-0.18488888888888866	-0.0541538461538462	0.017736652859927426
36.3	-0.18444444444444485	-0.0541538461538462	0.018599517053113468
36.4	-0.17735576495450278	-0.06429109034735175	0.018887138450841556
36.5	-0.17886132266133625	-0.065137025746659	0.019654128844784458
36.6	-0.17137777777777785	-0.057538461538461594	0.01965412884478468
36.7	-0.16812134134881784	-0.06995604057081904	0.02032524543948444
36.8	-0.15987295440391325	-0.07013573492438373	0.019941750242513212
36.9	-0.15439999999999987	-0.06092307692307699	0.019845876443270294
37.0	-0.14222222222222225	-0.06092307692307699	0.019462381246298843
37.1	-0.14088458614649024	-0.07513444410210846	0.018983012250084697
37.2	-0.13546666666666685	-0.06430769230769239	0.018503643253870328
37.3	-0.1399856001589148	-0.0766725084644853	0.017928400458413485
37.4	-0.13758105646450502	-0.07736463742755487	0.017832526659170567
37.5	-0.14104166487195968	-0.07828747604498099	0.01725728386371328
37.6	-0.13760000000000083	-0.06092307692307702	0.017449031462199116
37.7	-0.1342775267825207	-0.07959483075300129	0.017449031462199338
37.8	-0.1279628816868703	-0.0801331532798332	0.01802427425765618
37.9	-0.12760180958131162	-0.07665078627090134	0.018311895655384713
38.0	-0.11931080328230603	-0.07752615924641555	0.019078886049327393
38.1	-0.1247037849753534	-0.07897960500805058	0.019750002644027154
38.2	-0.11843424399973657	-0.07856337786691232	0.020037624041755908
38.3	-0.1199180625961862	-0.07985720768156482	0.020037624041755908
38.4	-0.12140380185678357	-0.08356554050263333	0.020612866837212973
38.5	-0.12877511269747277	-0.08459539751587003	0.020708740636456113
38.6	-0.11855058085486281	-0.08496320359202597	0.02070874063645589
38.7	-0.11612245889478601	-0.08617359698971118	0.020996362034184424
38.8	-0.10589782330025077	-0.08654957254376751	0.021955100026613383
38.9	-0.10339022827245348	-0.09680655924424778	0.02157160482964171
39.0	-0.09309505937945506	-0.10113742404115317	0.021763352428127103
39.1	-0.096555933952569	-0.10203976537088835	0.02195510002661294
39.2	-0.10205379630444522	-0.10123444335946934	0.021763352428127547
39.3	-0.11318482279442943	-0.04600595449146395	0.02157160482964171
39.4	-0.10315228573639068	-0.09933101023223696	0.02157160482964149
39.5	-0.10656112705555998	-0.10144091580381284	0.021092235833427342
39.6	-0.09435302407124091	-0.1024157409249447	0.020900488234941728
39.7	-0.10284444444444407	-0.07107692307692325	0.02118810963267026
39.8	-0.0954530006382166	-0.10061105826547428	0.021859226227370465
39.9	-0.07545300063821614	-0.10061105826547428	0.021859226227370465
40.0	-0.055453000638216565	-0.10061105826547428	0.021859226227370465
40.1	-0.13752060791940046	0.047490698045815405	0.02358495461374166
40.2	-0.13119471398660387	0.04638992027654155	0.024160197409198725
40.3	-0.1264290050811958	0.01097848617844476	0.025310683000112855
40.4	-0.12012118070683897	0.01188229710482991	0.024160197409198725
40.5	-0.111805876697197	0.008026452348957994	0.0233932070152556
40.6	-0.09571165223356637	0.006466779529768785	0.022626216621313144
40.7	-0.09152996633741317	0.03200942698872258	0.021763352428127103
40.8	-0.08886099908409761	-0.0015790973270367187	0.020612866837213195
40.9	-0.1046811684315454	0.05200763253566455	0.019366507447055703
41.0	-0.11536227157454704	0.018784874993381842	0.018503643253870106
41.1	-0.11284224084304384	-0.01158004706493513	0.016969662465984747
41.2	-0.10262622169827296	0.013299691495314377	0.015435681678099167
41.3	-0.10603037735310039	-0.015688256496243586	0.01447694368567043
41.4	-0.09776068155682793	-0.01614967580495664	0.014668691284156266
41.5	-0.1032166553719076	-0.01322003916298932	0.014668691284156044
41.6	-0.0988611792403411	-0.014380901788223288	0.01524393407961333
41.7	-0.10623646794643449	-0.01594136349198856	0.015819176875070173
41.8	-0.10773744675587338	-0.016303482241194343	0.015339807878856027
41.9	-0.1072435207916147	-0.020456256019611797	0.01562742927658478
42.0	-0.09897382499534224	-0.02091767532832485	0.01533980787885647
42.1	-0.09461423060031393	-0.021532901073275587	0.015435681678099167
42.2	-0.08242106328565946	-0.02094644459273416	0.01514806028037019
42.3	-0.07194993996013288	-0.007223310983059013	0.014189322287942119
42.4	-0.059941023767450474	-0.029300126103278607	0.01361407949248461
42.5	-0.055536996401952976	-0.03329909344545839	0.013134710496270463
42.6	-0.06681780761189238	-0.03452954493535986	0.012751215299299012
42.7	-0.0718552749562349	-0.01957811889637071	0.012655341500056316
42.8	-0.07431111111111122	-0.05415384615384607	0.012080098704599473
42.9	-0.06737994636068123	-0.040297286294272996	0.011888351106113637
43.0	-0.06691796566011021	-0.040761787419217314	0.01131310831065635
43.1	-0.05669310043803577	-0.04115524096573485	0.011600729708385549
43.2	-0.06666666666666643	-0.05415384615384609	0.011888351106113637
43.3	-0.06321911645906653	-0.029046931399960972	0.01208009870459903
43.4	-0.06467027793786784	-0.029783101249365982	0.012847089098542375
43.5	-0.061422222222223155	-0.0541538461538461	0.012655341500056094
43.6	-0.06420507304018486	-0.04527654561967943	0.01294296289778507
43.7	-0.053980080516796036	-0.045679361861847394	0.012751215299299012
43.8	-0.05355925591348587	-0.04683405983437458	0.013422331893998996
43.9	-0.04273633928830023	-0.039942507627937204	0.013805827090970446
44.0	-0.045511111111110836	-0.0575384615384615	0.013230584295513603
44.1	-0.03978921555626158	-0.046567302720572405	0.0133264580947563
44.2	-0.045096418574921415	-0.05194636409093556	0.013422331893998996
44.3	-0.04267826488262472	-0.053329551300457516	0.013326458094756521
44.4	-0.051981342062124014	-0.05563486331632745	0.012942962897784849
44.5	-0.041678784796737034	-0.05618541803258777	0.012367720102327784
44.6	-0.04675555555555633	-0.06430769230769229	0.011792477306870719
44.7	-0.03565557661777774	-0.06332271326880438	0.01131310831065635
44.8	-0.03832570674057578	-0.0608541203905965	0.011504855909141964
44.9	-0.03989057360063164	-0.06255079936393722	0.011504855909141964
45.0	-0.050031524747716105	-0.06290683242121256	0.01246359390157048
45.1	-0.04369750615754775	-0.06350340240793131	0.012942962897785293
45.2	-0.048222970041550184	-0.06809096772794031	0.0133264580947563
45.3	-0.04189707610875004	-0.06919174549721417	0.014189322287941897
45.4	-0.03645881559836894	-0.06890528343448223	0.014285196087185037
45.5	-0.018370685776273987	-0.06920383040445674	0.015243934079613553
45.6	-0.015060546636433969	-0.07499948424963482	0.01610679827279915
45.7	-0.013537814628147515	-0.07389057603599444	0.01610679827279915
45.8	-0.02571344054060276	-0.08271558666257876	0.015531555477341863
45.9	-0.022368022774617913	-0.07924154426863302	0.015435681678099167
46.0	-0.032711111111112245	-0.07107692307692312	0.01524393407961333
46.1	-0.02540329589843182	-0.08074837902478388	0.014285196087184593
46.2	-0.024928885353336483	-0.0817596469663453	0.014093448488698979
46.3	-0.018614074042430317	-0.08231048193146986	0.01370995329172775
46.4	-0.022123929224894923	-0.08271462189239298	0.013709953291727972
46.5	-0.022454501212623157	-0.09372336435531742	0.014381069886427733
46.6	-0.02708548323105653	-0.08168095625704182	0.015148060280370634
46.7	-0.026660872307417094	-0.08213263695092304	0.016682041068256437
46.8	-0.028988842529617642	-0.09768134996558493	0.01687378866674183
46.9	-0.020710604525486787	-0.09858302396526725	0.017544905261441368
47.0	-0.01937601484454632	-0.0879762130013225	0.018120148056898655
47.1	-0.011133112457448746	-0.08805418474607388	0.018695390852356386
47.2	-0.015644444444445682	-0.07446153846153855	0.019270633647813007
47.3	-0.010161249946602169	-0.09340587194326458	0.01888713845084178
47.4	-0.01619877357290278	-0.11357503864852489	0.018791264651598638
47.5	-0.017095054017067568	-0.09775364405464622	0.018503643253870328
47.6	-0.021529786473809764	-0.13711103123038823	0.01840776945462763
47.7	-0.018179231786936256	-0.09886627327072108	0.018311895655384713
47.8	-0.01773016810171235	-0.09960188542303301	0.018503643253870106
47.9	-0.011387823498598237	-0.10061105826547433	0.01831189565538427
48.0	0.0007918849770298664	-0.10091183870871939	0.018407769454627854
48.1	0.004088399178144186	-0.14265567871900023	0.020229371640241745
48.2	-0.012689708710061254	-0.12259936129469352	0.02157160482964149
48.3	-0.00467631962347248	-0.1713800364362313	0.02157160482964149
48.4	-0.023857449304339085	-0.1489799606974748	0.02185922622737002
48.5	-0.014656225082493535	-0.10079551844765167	0.022146847625098776
48.6	-0.024600857424024625	-0.12598091644777487	0.02272209042055584
48.7	-0.011747245812241403	-0.10339327736549116	0.023872576011470192
48.8	-0.02692518666984789	-0.10747293545277052	0.024064323609955807
48.9	-0.016729375960709447	-0.10720323354896666	0.024064323609955807
49.0	-0.020119276369502614	-0.11210729201233556	0.02463956640541265
49.1	-0.021593706214467545	-0.11361981243582338	0.025214809200869714
49.2	-0.011369070619933197	-0.11399578798987971	0.025310683000112855
49.3	0.008630929380066377	-0.11399578798987971	0.025310683000112855
49.4	-0.06138196231649573	0.008298014588660333	0.0250230616023841
49.5	-0.05777304476647238	-0.0635989613842823	0.024831314003898486
49.6	-0.07100890667703297	-0.062291606676261976	0.024735440204655346
49.7	-0.07191111111111148	-0.027076923076922905	0.02473544020465579
49.8	-0.0700488533615804	-0.05669711355169473	0.024735440204655568
49.9	-0.06766094402457945	-0.05667767175358651	0.024735440204655568
50.0	-0.06275555555555634	-0.02707692307692292	0.024064323609955585
50.1	-0.05253333333333465	-0.027076923076922922	0.024064323609955585
50.2	-0.04189701469505103	-0.0869871067321585	0.024064323609955585
50.3	-0.04364648681509564	0.00030761287247550967	0.024447818806927257
50.4	-0.05175608924243846	-0.056170747776015884	0.024160197409198947
50.5	-0.04465811855767399	-0.004691096305249213	0.024064323609955585
50.6	-0.05293647043191996	-0.0624804231869858	0.02396844981071289
50.7	-0.05442304548257759	-0.06106115518636047	0.0233932070152556
50.8	-0.05008198258803276	-0.060985299710219126	0.023009711818284373
50.9	-0.04506666666666703	-0.03723076923076911	0.021667478628884407
51.0	-0.033550217251343994	-0.062411941973351016	0.021188109632670482
51.1	-0.0174785938667128	-0.06275302598497498	0.020229371640241967
51.2	-0.012444444444444258	-0.0406153846153845	0.019750002644027376
51.3	-0.006133333333334434	-0.0406153846153845	0.019941750242513434
51.4	0.0014831064835192365	-0.06068245442469189	0.019941750242513434
51.5	-0.027393715543803765	-0.058802576654410244	0.02042111923872736
51.6	-0.051733333333332965	-0.040615384615384525	0.02070874063645567
51.7	-0.03760000000000119	-0.040615384615384525	0.020996362034184646
51.8	-0.025422222222223567	-0.040615384615384525	0.02147573103039857
51.9	-0.01086120792454004	-0.02453212657991043	0.02147573103039857
52.0	-0.036956040922191846	-0.058624578431113836	0.022434469022827308
52.1	-0.030623553204895515	-0.05775431680725021	0.021667478628884185
52.2	-0.03146666666666853	-0.04738461538461531	0.021188109632670038
52.3	-0.03493333333333304	-0.04738461538461532	0.020804614435698587
52.4	-0.033940536122740284	-0.036144512515855556	0.020133497840998826
52.5	-0.02695939647006007	-0.06152257449507345	0.01917475984857009
52.6	-0.023221863661591513	-0.04068180238486723	0.018599517053113468
52.7	-0.018304109397918822	-0.06389685595444888	0.017928400458413485
52.8	-0.02880000000000038	-0.05415384615384611	0.017544905261441812
52.9	-0.02716090816599781	-0.06175328414942996	0.01764077906068473
53.0	-0.03573333333333473	-0.050769230769230726	0.018120148056898877
53.1	-0.03208264130981853	-0.05660076853546755	0.01888713845084178
53.2	-0.02967809761540785	-0.055908639572397965	0.01888713845084178
53.3	-0.02071111111111179	-0.05076923076923074	0.019366507447055925
53.4	-0.02099313855834417	-0.05486357218327712	0.01955825504554154
53.5	-0.01786666666666825	-0.05076923076923075	0.01994175024251299
53.6	-0.02133333333333276	-0.050769230769230754	0.02042111923872736
53.7	-0.017716858867581564	-0.05587040360549099	0.019845876443270294
53.8	-0.026311111111111174	-0.05415384615384615	0.019270633647813007
53.9	-0.02272794458918881	-0.05744421779156115	0.01888713845084178
54.0	-0.021511111111111703	-0.05753846153846153	0.018695390852355942
54.1	-0.017155555555556035	-0.057538461538461545	0.018503643253870328
54.2	-0.011667896662078903	-0.058811171356523154	0.018311895655384713
54.3	-0.006488888888890543	-0.06092307692307693	0.017832526659170345
54.4	-0.018907792263245682	-0.0648294128741836	0.01754490526144159
54.5	-0.014528207002754812	-0.06554936084982255	0.017544905261441812
54.6	-0.027445405045627425	-0.055004805803152375	0.01840776945462741
54.7	-0.02035555555555746	-0.05753846153846157	0.018695390852356164
54.8	-0.008177777777778061	-0.05753846153846157	0.01840776945462741
54.9	-0.010455998068495731	-0.05327361019847518	0.018503643253870328
55.0	0.005291160596872402	-0.06557848422494507	0.018503643253870328
55.1	0.019426156110904813	-0.06582017397024585	0.01840776945462763
55.2	0.0033777777777768137	-0.05753846153846158	0.018983012250084474
55.3	0.023377777777778164	-0.05753846153846158	0.018983012250084474
55.4	0.04337777777777774	-0.05753846153846158	0.018983012250084474
55.5	0.013429420905769263	-0.07247414326853131	0.018599517053113024
55.6	0.033429420905768836	-0.07247414326853131	0.018599517053113024
55.7	0.03581188417152603	-0.07290425077666203	0.018599517053113246
55.8	0.055811884171525605	-0.07290425077666203	0.018599517053113246
55.9	-0.007973351736886514	-0.052786967789509066	0.01917475984857031
56.0	0.01202664826311306	-0.052786967789509066	0.01917475984857031
56.1	-0.02071687346236928	-0.04737291981109789	0.01716141006447036
56.2	-0.0007168734623697048	-0.04737291981109789	0.01716141006447036
56.3	-0.04751338869308164	-0.08090218546102161	0.017544905261441368
56.4	-0.027513388693082064	-0.08090218546102161	0.017544905261441368
56.5	-0.038794199903021465	-0.08213263695092309	0.018695390852356164
56.6	-0.01879419990302189	-0.08213263695092309	0.018695390852356164
56.7	-0.049630738032449884	-0.08650798911188097	0.01879126465159886
56.8	-0.02963073803245031	-0.08650798911188097	0.01879126465159886
56.9	-0.03474944099339261	-0.04457809643010167	0.020037624041755908
57.0	-0.014749440993393037	-0.04457809643010167	0.020037624041755908
57.1	0.0011108179740269009	-0.09151244985731109	0.019845876443270294
57.2	-0.00020816023807412876	-0.04700561653273097	0.018983012250084697
57.3	0.002169872211428725	-0.045219092253878816	0.019558255045541983
57.4	0.0221698722114283	-0.045219092253878816	0.019558255045541983
57.5	-0.051870184761432014	-0.0982030498605437	0.018216021856142017
57.6	-0.03187018476143244	-0.0982030498605437	0.018216021856142017
57.7	-0.04903371812367574	-0.09676369770974558	0.017832526659170567
57.8	-0.02903371812367439	-0.09676369770974558	0.017832526659170567
57.9	-0.03833419087989398	-0.0984984671945652	0.01802427425765618
58.0	-0.018334190879894408	-0.0984984671945652	0.01802427425765618
58.1	-0.013784690844483194	-0.03829780262318302	0.01946238124629862
58.2	0.006215309155518156	-0.03829780262318302	0.01946238124629862
58.3	0.02621530915551773	-0.03829780262318302	0.01946238124629862
58.4	-0.06519856297784798	0.0005508349651246985	0.020229371640241967
58.5	-0.06079448675834165	-0.004229676996536127	0.020900488234941506
58.6	-0.0407944867583403	-0.004229676996536127	0.020900488234941506
58.7	-0.052072358230912386	-0.003947599173245872	0.021379857231155874
58.8	-0.03207235823091281	-0.003947599173245872	0.021379857231155874
58.9	-0.023948968054551045	0.026811801380170718	0.02118810963267026
59.0	-0.003948968054549695	0.026811801380170718	0.02118810963267026
59.1	-0.03650310514784216	-0.014765417878817464	0.018983012250084474
59.2	-0.04231111111111119	-0.047384615384615233	0.018983012250084474
59.3	-0.061422222222223155	-0.047384615384615233	0.017449031462199116
59.4	-0.04533333333333189	-0.047384615384615233	0.017449031462199116
59.5	-0.03665480739571336	-0.01731195604677174	0.017257283863713502
59.6	-0.01665480739571379	-0.01731195604677174	0.017257283863713502
59.7	-0.03185109648449469	-0.019302707747829148	0.01725728386371328
59.8	-0.01185109648449334	-0.019302707747829148	0.01725728386371328
59.9	-0.04072096648586587	-0.020695656546822618	0.016682041068255993
60.0	-0.0207209664858663	-0.020695656546822618	0.016682041068255993
60.1	-0.0007209664858667253	-0.020695656546822618	0.016682041068255993
60.2	-0.035379917676483075	-0.030146061502585857	0.01562742927658456
60.3	-0.015379917676481725	-0.030146061502585857	0.01562742927658456
60.4	-0.012975373982072824	-0.03083819046565544	0.01457281748491357
60.5	0.0070246260179267495	-0.03083819046565544	0.01457281748491357
60.6	0.009438725043532159	-0.031082830174885747	0.013901700890213142
60.7	-0.005761742898846123	-0.03291457735486417	0.01361407949248461
60.8	-0.0345365025603126	-0.04123393167503834	0.012751215299299012
60.9	-0.024977777777777987	-0.05753846153846145	0.012271846303085088
61.0	-0.07279560546875707	-0.04129702812981795	0.011888351106113415
61.1	-0.052795605468755724	-0.04129702812981795	0.011888351106113415
61.2	-0.05623000575070236	-0.0416511994401677	0.011313108310656128
61.3	-0.03623000575070279	-0.0416511994401677	0.011313108310656128
61.4	-0.05340217718801554	-0.04368102789150205	0.011217234511413432
61.5	-0.04120898997233624	-0.043752034372750645	0.011504855909141964
61.6	-0.06879999999999953	-0.06092307692307687	0.010833739314442203
61.7	-0.06444444444444386	-0.060923076923076885	0.01102548691292804
61.8	-0.08866130258373062	-0.05498580095497181	0.010929613113685122
61.9	-0.06866130258372927	-0.05498580095497181	0.010929613113685122
62.0	-0.06702222222222076	-0.06430769230769227	0.010641991715956589
62.1	-0.052888888888888985	-0.06430769230769227	0.009970875121256384
62.2	-0.0731149648343532	-0.06082791829161199	0.009395632325799319
62.3	-0.05311496483435185	-0.06082791829161199	0.009395632325799319
62.4	-0.07343535309341398	-0.05724044400224077	0.009108010928070787
62.5	-0.05810711081453057	-0.059213987598691134	0.009108010928070787
62.6	-0.08227144619056581	-0.061171793178218865	0.009012137128827646
62.7	-0.14017777777777773	-0.06430769230769232	0.011313108310656128
62.8	-0.19353781462814723	-0.07389057603599444	0.011600729708385327
62.9	-0.26542681567319804	-0.08053396367886627	0.009779127522770548
63.0	-0.2638511894960427	-0.08900574534414372	0.010162622719741998
63.1	-0.2536184081154733	-0.08979201517933934	0.011025486912928262
63.2	-0.25137777777777615	-0.07107692307692313	0.011121360712170736
63.3	-0.24506666666666632	-0.07107692307692313	0.01208009870459903
63.4	-0.2426666666666666	-0.07107692307692315	0.012847089098542153
63.5	-0.23831111111111092	-0.07107692307692315	0.013422331893999218
63.6	-0.23786666666666534	-0.07107692307692315	0.014381069886427511
63.7	-0.23155555555555551	-0.07107692307692316	0.014668691284156044
63.8	-0.2242118956425383	-0.08620850751122167	0.014668691284156488
63.9	-0.2127500314089037	-0.10204847856917527	0.014668691284156266
64.0	-0.20960949162097897	-0.09023413297351959	0.01457281748491357
64.1	-0.19935837528325173	-0.09097650703458987	0.014476943685670207
64.2	-0.19890888228946402	-0.09174553921577829	0.01486043888264188
64.3	-0.1926210950050251	-0.09188842541136745	0.015339807878856249
64.4	-0.19408345063302157	-0.09609935161679836	0.015819176875070395
64.5	-0.18578566613390457	-0.09697495804785954	0.015915050674313314
64.6	-0.18627766729667705	-0.13643560743122374	0.016106798272799372
64.7	-0.18487189947741456	-0.10143820448439828	0.015915050674313536
64.8	-0.18642114723346026	-0.0988815707168152	0.01601092447355623
64.9	-0.18010665740110987	-0.09940793649249406	0.016106798272799372
65.0	-0.175747240449855	-0.1000094973789842	0.016394419670527682
65.1	-0.1654932518655876	-0.10089702217192048	0.016969662465984525
65.2	-0.163118260785156	-0.10106222893034192	0.016586167269013075
65.3	-0.16076919947066592	-0.10072352164876049	0.017832526659170345
65.4	-0.15054476483122414	-0.10108350564321639	0.01773665285992765
65.5	-0.1383652171196701	-0.10137149283878111	0.01831189565538449
65.6	-0.14766447514969627	-0.10298570132366783	0.01917475984857031
65.7	-0.14528793085034764	-0.10309941601216942	0.01994175024251299
65.8	-0.12912800306048489	-0.10717869059184572	0.019845876443270072
65.9	-0.11697701113254766	-0.10691524635340195	0.02080461443569881
66.0	-0.10867893937526496	-0.10791430274415764	0.021283983431912956
66.1	-0.11998949871900244	-0.10849917592900792	0.022050973825855857
66.2	-0.13135450417372851	-0.05622949993401148	0.023105585617527735
66.3	-0.1327359535155459	-0.11382693904695522	0.022913838019041677
66.4	-0.12443602528221476	-0.11490261819112083	0.022146847625098776
66.5	-0.13216371550399586	-0.17672056119396554	0.020996362034184868
66.6	-0.12774017440941776	-0.14848848052608304	0.020612866837213417
66.7	-0.10774017440941819	-0.14848848052608304	0.020612866837213417
66.8	-0.08774017440941861	-0.14848848052608304	0.020612866837213417
66.9	-0.16137944055298448	0.007475617383833446	0.02176335242812777
67.0	-0.15383705417694493	-0.06114268112882619	0.023009711818284373
67.1	-0.15074747214332263	0.008920773301785808	0.02387257601146997
67.2	-0.15420808055077728	0.007997934684359704	0.02358495461374166
67.3	-0.15766868895823016	0.007075096066933599	0.0242560712084412
67.4	-0.14806600404789805	-0.05406296233754589	0.024351945007684117
67.5	-0.15102222222222217	-0.02369230769230753	0.02358495461374166
67.6	-0.13939124822830706	-0.056216252444873466	0.022913838019041455
67.7	-0.13236567560515766	0.001538064362376983	0.022626216621313144
67.8	-0.12874448585839282	-0.05782504021386375	0.022050973825855857
67.9	-0.12577777777777754	-0.030461538461538314	0.022050973825855857
68.0	-0.12315256085084059	-0.003845160905941951	0.021571604829641933
68.1	-0.12684444444444587	-0.033846153846153706	0.021571604829641267
68.2	-0.1211871835720153	-0.06236850989438078	0.020804614435698587
68.3	-0.12791111111111064	-0.04061538461538448	0.019654128844784458
68.4	-0.11964444444444489	-0.040615384615384484	0.019366507447055925
68.5	-0.1238376719328329	-0.0666750901090359	0.019270633647813007
68.6	-0.11363323754135735	-0.06680841219867875	0.019078886049327615
68.7	-0.11009183656279298	-0.018492316686324388	0.018695390852355942
68.8	-0.10417777777777815	-0.0406153846153845	0.019270633647813007
68.9	-0.10137226785215425	-0.019751368035180527	0.01888713845084178
69.0	-0.10133333333333283	-0.040615384615384505	0.018599517053113246
69.1	-0.10243443340279867	-0.021840513945750956	0.018503643253869884
69.2	-0.10001607674355562	-0.021671513828636503	0.018983012250084474
69.3	-0.09676325482422321	-0.06105842997874824	0.018695390852356164
69.4	-0.08266501660996362	-0.061614825384647166	0.0181201480568991
69.5	-0.08298820379941674	-0.027226985419013843	0.018120148056898877
69.6	-0.07592656655796937	-0.06329134851180683	0.018407769454627187
69.7	-0.07743212426480284	-0.06244541311249956	0.01888713845084178
69.8	-0.07893768197163453	-0.0615994777131923	0.019174759848570533
69.9	-0.07919911650534672	-0.03399122240852798	0.01917475984857031
70.0	-0.07537777777777777	-0.0507692307692307	0.01888713845084178
70.1	-0.07965330073036903	-0.06625757723355415	0.01888713845084178
70.2	-0.0705777777777783	-0.05415384615384609	0.017353157662956198
70.3	-0.07208888888888865	-0.054153846153846094	0.016682041068256437
70.4	-0.06382222222222289	-0.054153846153846094	0.01610679827279915
70.5	-0.06337777777777909	-0.0541538461538461	0.016106798272799372
70.6	-0.06097777777777935	-0.0541538461538461	0.016106798272799372
70.7	-0.06526773256167218	-0.035501805044396775	0.0157233030758277
70.8	-0.06337894238706099	-0.04383483432773976	0.016010924473556454
70.9	-0.06746666666666812	-0.05076923076923073	0.017065536265227443
71.0	-0.059200000000000585	-0.05076923076923073	0.017257283863713058
71.1	-0.052888888888888985	-0.05076923076923074	0.017353157662956198
71.2	-0.043971423473191606	-0.04611275565185592	0.01754490526144159
71.3	-0.04613333333333358	-0.05415384615384613	0.017449031462199116
71.4	-0.044981523797323675	-0.05114896104728047	0.017449031462199116
71.5	-0.05111111111111022	-0.054153846153846136	0.017544905261442034
71.6	-0.04753745938865883	-0.0588606505590243	0.017065536265227665
71.7	-0.05022222222222261	-0.05753846153846153	0.01677791486749891
71.8	-0.041955555555556856	-0.06092307692307692	0.0157233030758277
71.9	-0.046215452576511495	-0.059907606914577714	0.014956312681884576
72.0	-0.03715555555555561	-0.06092307692307693	0.014572817484913791
72.1	-0.03590373323527629	-0.05985849358615991	0.01447694368567043
72.2	-0.03235555555555614	-0.057538461538461545	0.014956312681884576
72.3	-0.03582222222222242	-0.05753846153846156	0.015052186481127716
72.4	-0.031466666666666754	-0.05753846153846156	0.01601092447355623
72.5	-0.0388444444444449	-0.05753846153846156	0.016777914867499133
72.6	-0.026666666666667282	-0.05753846153846157	0.01725728386371328
72.7	-0.02622222222222348	-0.05753846153846157	0.017449031462199116
72.8	-0.015158824449908792	-0.06477285174060914	0.016969662465984747
72.9	-0.017511111111112143	-0.060923076923076955	0.01687378866674183
73.0	-0.018165885001142357	-0.06952050917943298	0.016777914867499133
73.1	-0.028355555555556577	-0.06092307692307697	0.016873788666742273
73.2	-0.02313205111542871	-0.07128928319616636	0.017353157662955976
73.3	-0.03137777777777728	-0.06430769230769236	0.016969662465984747
73.4	-0.023111111111111526	-0.06769230769230775	0.016586167269013297
73.5	-0.026577777777779588	-0.06769230769230776	0.016298545871284542
73.6	-0.022222222222222143	-0.06769230769230776	0.016298545871284542
73.7	-0.017866666666666475	-0.06769230769230776	0.016298545871284986
73.8	-0.0309740873374178	-0.09513254252156551	0.01649029346977038
73.9	-0.020888888888888957	-0.06769230769230777	0.01649029346977038
74.0	-0.027074809358742513	-0.05128306557328374	0.016682041068255993
74.1	-0.02881743470397602	-0.08197883051468538	0.016969662465984747
74.2	-0.02641289100956712	-0.08267095947775496	0.017544905261441812
74.3	-0.01814319521329466	-0.08313237878646801	0.017544905261441812
74.4	-0.014755555555554523	-0.0676923076923078	0.017353157662956198
74.5	-0.004533333333332834	-0.0676923076923078	0.017928400458413263
74.6	-0.014795232560841143	-0.08874631370914347	0.018503643253870106
74.7	-0.019288888888889133	-0.07107692307692319	0.019270633647813007
74.8	-0.021725359435603053	-0.0929813760522258	0.019845876443270294
74.9	-0.01929500715101895	-0.09414427873570543	0.01946238124629862
75.0	-0.018817979717084654	-0.05352463981071372	0.019270633647813007
75.1	-0.007733333333334258	-0.07784615384615397	0.018599517053113024
75.2	-0.006200947238907517	-0.09879271205548991	0.018599517053113024
75.3	0.004023584603704222	-0.09916051813164588	0.018599517053113024
75.4	-0.014222222222223024	-0.0744615384615386	0.01773665285992765
75.5	-0.012615980376436298	-0.04644954374378027	0.017832526659170123
75.6	-0.020180128798132912	-0.09439618360607899	0.01792840045841304
75.7	-0.025546662829990296	-0.09651231438332303	0.018887138450841556
75.8	-0.028088888888888164	-0.06769230769230786	0.018599517053113468
75.9	-0.014845741324336359	-0.09828000983032503	0.019078886049327615
76.0	-0.014234183838270908	-0.039066834804371446	0.01946238124629862
76.1	-0.00915555555555514	-0.07107692307692325	0.02042111923872736
76.2	-0.023229846098564266	-0.10429561869522634	0.020996362034184868
76.3	-0.0032298460985646926	-0.10429561869522634	0.020996362034184868
76.4	-0.07120351744775633	0.01127885478070329	0.021475731030399015
76.5	-0.07656819127471515	0.005306322050200247	0.020900488234941728
76.6	-0.06829718583423983	0.004135731094619518	0.019845876443270516
76.7	-0.07171467091542993	0.0005383225268320494	0.018983012250084474
76.8	-0.05562477231667273	0.0003845160905943683	0.01773665285992787
76.9	-0.0473550765203985	-7.690321811868727e-05	0.016394419670527682
77.0	-0.05859145475986871	-0.0046910963052491945	0.016394419670527682
77.1	-0.052276809664219215	-0.005229418832081088	0.016106798272798928
77.2	-0.059647519472916244	-0.00630606388574488	0.01562742927658478
77.3	-0.06115524962051033	-0.007745096413560549	0.016106798272799372
77.4	-0.0627030678570506	-0.004614193087130372	0.016202672072041624
77.5	-0.04856821995891458	-0.004844902741486897	0.016490293469770823
77.6	-0.04225357486326331	-0.005383225268318793	0.016490293469770823
77.7	-0.04400000000000048	-0.03384615384615371	0.0157233030758277
77.8	-0.045220257306461065	-0.010458837664162352	0.015531555477342085
77.9	-0.0525509577787826	-0.015414997716309699	0.015435681678099611
78.0	-0.05991724395338771	-0.015995869368718975	0.015531555477342085
78.1	-0.04968757186179573	-0.015895523279308616	0.01457281748491357
78.2	-0.0432002751978704	7.815970093361102e-17	0.013518205693241692
78.3	-0.033056963842508225	-0.02360721279105244	0.012655341500056316
78.4	-0.03241455517379954	-0.005686436305812395	0.012080098704599251
78.5	-0.028038910524381677	-0.006054277731006099	0.011792477306870497
78.6	-0.031662306766902404	-0.02935163457020857	0.011504855909141742
78.7	-0.025347495455998015	-0.029902469535333123	0.011504855909141964
78.8	-0.040128375973237596	-0.0003069795977480172	0.011888351106113415
78.9	-0.03616803975180716	-0.03158079338596851	0.012175972503841948
79.0	-0.025963254594783436	-0.03268386770050766	0.012367720102328006
79.1	-0.027198977681425873	-0.01564676972039264	0.011984224905356333
79.2	-0.023644444444443025	-0.04738461538461531	0.011408982109899268
79.3	-0.012884471409694953	-0.03452954493535987	0.011504855909142186
79.4	-0.01766927052527656	-0.010992956388463536	0.011696603507627357
79.5	-0.021704186159640315	-0.03958142677966469	0.01217597250384217
79.6	-0.032483646481844985	-0.030427060195298217	0.012655341500056316
79.7	-0.02533333333333232	-0.0541538461538461	0.012175972503841948
79.8	-0.02488888888888674	-0.05753846153846148	0.012080098704599251
79.9	-0.013949252029975767	-0.04926038402399623	0.011408982109899268
80.0	-0.017364109753842172	-0.05358837303568921	0.011408982109899268
80.1	-0.013817907853255207	-0.037611615071957406	0.011313108310655906
80.2	-0.01913983237056982	-0.04027102487008922	0.011121360712170736
80.3	-0.01798706309304876	-0.056139349226754454	0.010737865515199285
80.4	-0.027312823602368752	-0.05729289749853708	0.010641991715956589
80.5	-0.020317667634973446	-0.05118616627123453	0.010929613113685122
80.6	-0.020576273698846848	-0.05516218722175939	0.0109296131136849
80.7	-0.014278473387744128	-0.05575483313616025	0.011313108310656572
80.8	-0.009901678032623096	-0.05634254786131203	0.011313108310655906
80.9	-0.00676921666743624	-0.05655698812267543	0.012080098704599251
81.0	-0.013346790733205438	-0.05924706236539608	0.012751215299299012
81.1	-0.014391119142747044	-0.06229160667626182	0.013422331893998773
81.2	-0.017007804694667783	-0.0654708612507058	0.014093448488698979
81.3	-0.009495648393226475	-0.0671897491936169	0.01399757468945606
81.4	-0.007151460282251776	-0.07498766679273346	0.013997574689455838
81.5	0.00509117507893464	-0.07144308963240399	0.013518205693241914
81.6	-0.005156685100136116	-0.07784071368436594	0.01284708909854193
81.7	-0.010688854465499276	-0.07622898399143212	0.012847089098542153
81.8	-0.013064864557158273	-0.08487985877736799	0.01217597250384217
81.9	-0.0117131625168021	-0.07945642081365001	0.011888351106113415
82.0	-0.02101623969630495	-0.08176173282951994	0.012080098704599251
82.1	-0.007896705533774195	-0.07328876686725622	0.012655341500055872
82.2	-0.015267415342474777	-0.07436541192092001	0.013038836697027767
82.3	-0.006083997306252087	-0.0814512179713031	0.0140934484886992
82.4	-0.006357390548327402	-0.09485669570418345	0.014572817484913791
82.5	-0.00412035595133986	-0.07656606015231375	0.015531555477341641
82.6	-0.012420487416214598	-0.08994198146831166	0.01639441967052746
82.7	-0.010511286903017947	-0.10678871920221727	0.017257283863713502
82.8	-0.016436125810521673	-0.08251715304151726	0.01764077906068473
82.9	-0.008166430014249215	-0.08297857235023032	0.017449031462199116
83.0	-0.0037624026487499407	-0.0869775396924101	0.017449031462199338
83.1	0.0038075068474974216	-0.10389272818187122	0.01687378866674183
83.2	-0.005495570332005428	-0.10619804019774114	0.01658616726901263
83.3	-0.006324025068629169	-0.08943844267221304	0.016394419670527682
83.4	-0.011739684176706788	-0.090438184507758	0.016202672072041846
83.5	-0.010459318673326834	-0.1280872371604225	0.01601092447355601
83.6	-0.016043838488212003	-0.12834273362883442	0.016777914867499133
83.7	-0.0017899497149684862	-0.1303567932387435	0.017640779060684952
83.8	0.008924554618214842	-0.11111603916493033	0.017640779060684952
83.9	0.0014470613324135684	-0.111292851245787	0.019845876443270516
84.0	0.021447061332413142	-0.111292851245787	0.019845876443270516
84.1	0.00211230224583403	-0.13913730262788165	0.021283983431912956
84.2	0.022112302245833604	-0.13913730262788165	0.021283983431912956
84.3	-0.01165966648358463	-0.09636519195286063	0.022530342822070226
84.4	0.008340333516414944	-0.09636519195286063	0.022530342822070226
84.5	-0.002870423784919751	-0.1015133995952095	0.023105585617527513
84.6	0.017129576215083375	-0.1015133995952095	0.023105585617527513
84.7	0.019217740367192704	-0.16457826572974352	0.023489080814498742
84.8	0.03921774036719228	-0.16457826572974352	0.023489080814498742
84.9	0.02639640913621122	-0.11299002659510983	0.023393207015256268
85.0	0.015114911032565459	-0.1141670060388089	0.023489080814498742
85.1	0.007743600191876254	-0.11519686305204559	0.02320145941677021
85.2	0.027743600191875828	-0.11519686305204559	0.02320145941677021
85.3	0.010436935993165974	-0.17943758931136192	0.024735440204655568
85.4	0.030436935993165548	-0.17943758931136192	0.024735440204655568
85.5	0.050436935993168674	-0.17943758931136192	0.024735440204655568
85.6	0.07043693599316825	-0.17943758931136192	0.024735440204655568
85.7	-0.017155555555554258	-0.020307692307692127	0.02674878998875574
85.8	-0.0029756685507251746	0.013377420581596576	0.02674878998875574
85.9	-0.014252513521245902	0.01138167628158874	0.027515780382698196
86.0	-0.005982817724973444	0.010920256972875691	0.028666265973612548
86.1	-0.023200000000002774	-0.020307692307692148	0.03106311095468417
86.2	-0.0032000000000032003	-0.020307692307692148	0.03106311095468417
86.3	0.0104284382452704	-0.05321702693823863	0.03183010134862663
86.4	0.016758353723865582	-0.05203501668139623	0.03183010134862663
86.5	0.009343887324536837	-0.05436606511654549	0.03096723715544103
86.6	0.012756133955928561	-0.08378054247048253	0.030296120560741047
86.7	0.004317341476998138	-0.05660076853546766	0.028570392174370074
86.8	0.02431734147699771	-0.05660076853546766	0.028570392174370074
86.9	-0.008513460410245699	-0.05790812324348795	0.02636529479178451
87.0	0.011486539589753875	-0.05790812324348795	0.02636529479178451
87.1	0.015828564021877156	-0.057837671338078794	0.02550243059859869
87.2	0.022755555555555418	-0.03046153846153833	0.02550243059859869
87.3	-0.012549739855639785	-0.053699687118769705	0.025310683000112855
87.4	0.007450260144359788	-0.053699687118769705	0.025310683000112855
87.5	-0.0019064010462770398	-0.05344773659259511	0.02550243059859869
87.6	0.018093598953722534	-0.05344773659259511	0.02550243059859869
87.7	-0.004978842523392757	-0.05555564076827702	0.026461168591026984
87.8	0.015021157476606817	-0.05555564076827702	0.026461168591026984
87.9	0.012177777777775844	-0.040615384615384525	0.0266529161895126
88.0	0.03217777777777897	-0.040615384615384525	0.0266529161895126
88.1	-0.006488888888888766	-0.050769230769230685	0.025502430598598913
88.2	0.013511111111110807	-0.050769230769230685	0.025502430598598913
88.3	-0.025947764727483502	-0.06652128367279816	0.024064323609955363
88.4	-0.0059477647274839285	-0.06652128367279816	0.024064323609955363
88.5	-0.004711111111113553	-0.05415384615384609	0.022626216621313366
88.6	0.01528888888888602	-0.05415384615384609	0.022626216621313366
88.7	-0.010464437847982566	-0.06398347747487637	0.023297333216013127
88.8	0.00953556215202056	-0.06398347747487637	0.023297333216013127
88.9	-0.0193596754651999	-0.062244351059075206	0.02358495461374166
89.0	0.0006403245347996744	-0.062244351059075206	0.02358495461374166
89.1	-0.025511111111111262	-0.05415384615384612	0.02348908081449852
89.2	-0.005511111111111688	-0.05415384615384612	0.02348908081449852
89.3	-0.0011555555555560204	-0.05415384615384612	0.024160197409198947
89.4	0.018844444444443553	-0.05415384615384612	0.024160197409198947
89.5	0.021244444444441513	-0.05753846153846151	0.023680828412984356
89.6	0.022817893664491606	-0.0649832193104213	0.023680828412984356
89.7	-0.00027935908338250215	-0.06678693295144893	0.022050973825855857
89.8	0.01192187868088368	-0.06641495865216111	0.020900488234941728
89.9	-0.008266666666667533	-0.0643076923076923	0.02051699303797072
90.0	0.011733333333332041	-0.0643076923076923	0.02051699303797072
90.1	-0.009333333333334082	-0.06092307692307693	0.020037624041755908
90.2	0.010666666666665492	-0.06092307692307693	0.020037624041755908
90.3	-0.006488888888888766	-0.06092307692307693	0.02157160482964171
90.4	0.013511111111110807	-0.06092307692307693	0.02157160482964171
90.5	-0.021244444444441513	-0.06092307692307694	0.021667478628884407
90.6	-0.001244444444441939	-0.06092307692307694	0.021667478628884407
90.7	-0.023131086433458847	-0.05775898062877516	0.021859226227370465
90.8	-0.0031310864334592736	-0.05775898062877516	0.021859226227370465
90.9	-0.02728888888889003	-0.06769230769230773	0.021092235833427564
91.0	-0.007288888888890455	-0.06769230769230773	0.021092235833427564
91.1	-0.025314429957496998	-0.0614456712769545	0.02042111923872758
91.2	-0.005314429957497424	-0.0614456712769545	0.02042111923872758
91.3	-0.010748500476935874	-0.0601983926171839	0.019366507447055703
91.4	0.0092514995230637	-0.0601983926171839	0.019366507447055703
91.5	-0.005066666666664332	-0.07107692307692313	0.019078886049327393
91.6	-0.06328888888888784	-0.06769230769230777	0.020037624041755908
91.7	-0.14693333333333314	-0.07107692307692318	0.020804614435698587
91.8	-0.22666666666666657	-0.07784615384615395	0.02013349784099905
91.9	-0.24577777777777854	-0.07784615384615397	0.01927063364781323
92.0	-0.24030809158994515	-0.099107156049249	0.019941750242513212
92.1	-0.2379037475197805	-0.09978391204655038	0.01955825504554154
92.2	-0.23271111111111153	-0.0744615384615386	0.019941750242513434
92.3	-0.23031111111111002	-0.0744615384615386	0.020325245439484663
92.4	-0.22095879696784948	-0.09805442449789126	0.020133497840998826
92.5	-0.22249210090200933	-0.09827778354887161	0.020516993037970277
92.6	-0.21617775632235592	-0.09879271205548994	0.020996362034184646
92.7	-0.2175562801622135	-0.04597575951949425	0.02195510002661294
92.8	-0.20939939110161987	-0.10281142881660468	0.02281796421979898
92.9	-0.19831111111111355	-0.07784615384615401	0.023297333216013127
93.0	-0.18885018448898094	-0.1082057644574122	0.023297333216012905
93.1	-0.1884737186515686	-0.05083079972475286	0.023680828412984356
93.2	-0.17816418273802626	-0.11203373079710437	0.023584954613741216
93.3	-0.1847999999999992	-0.08461538461538479	0.0233932070152556
93.4	-0.18113374059507237	-0.11703589343282537	0.02320145941677021
93.5	-0.1611337405950728	-0.11703589343282537	0.02320145941677021
93.6	-0.22127359049996187	-0.09788175978170029	0.022338595223584612
93.7	-0.2157735610953857	-0.06029212300517209	0.022146847625098776
93.8	-0.20361218895486743	-0.060749227582308656	0.021379857231156096
93.9	-0.20578487366704223	-0.12885315309620482	0.02080461443569881
94.0	-0.19682962580842656	-0.05867715542467641	0.021475731030399015
94.1	-0.19734144769656936	-0.08867766887712977	0.021763352428127325
94.2	-0.19296975552563822	-0.08744816913533249	0.023105585617527513
94.3	-0.1915112089895814	-0.05248618734626381	0.023776702212227274
94.4	-0.18609111245883625	-0.0814543578940707	0.023776702212227274
94.5	-0.18953357420243577	-0.07961010828137476	0.024256071208440977
94.6	-0.17934970805828598	-0.08012089620643341	0.024351945007684117
94.7	-0.18074559930598255	-0.07596603447323574	0.02444781880692748
94.8	-0.1685601073032288	-0.07536491847344753	0.024447818806927035
94.9	-0.16551949760091134	-0.10437306323437673	0.02463956640541287
95.0	-0.15722565292837487	-0.10299165504450998	0.0242560712084412
95.1	-0.1588199621877493	-0.10383584893831743	0.024543692606169953
95.2	-0.15430349256105913	-0.05325831982738258	0.024831314003898486
95.3	-0.15975248315592339	-0.09941422273080192	0.024927187803141404
95.4	-0.15431644886596985	-0.07739368497273273	0.024831314003898708
95.5	-0.15007891826467556	-0.0805322330877227	0.024831314003898708
95.6	-0.1448442129346006	-0.09906215721078954	0.024160197409198725
95.7	-0.1276607645723793	-0.07914904587820074	0.02358495461374166
95.8	-0.0998466106578455	-0.07976379574909938	0.022817964219798537
95.9	-0.07498518423136602	-0.05529341382744732	0.023105585617527513
96.0	-0.059671818695562706	-0.07453827685814267	0.02300971181828415
96.1	-0.06430838462727806	-0.0947799508047465	0.023584954613741438
96.2	-0.0656898417966687	-0.09095707162081586	0.023872576011470192
96.3	-0.07495820642712658	-0.08757995262499348	0.02348908081449852
96.4	-0.0707231071446337	-0.0881792144588897	0.023776702212227274
96.5	-0.08087719912954583	-0.06685404846022781	0.02454369260616973
96.6	-0.08916651756949179	-0.08142568169014722	0.025598304397841165
96.7	-0.11801541949564154	-0.07677317183836188	0.02703641138648427
96.8	-0.12645707417932783	-0.06193604949303862	0.026844663787998435
96.9	-0.11925714200361526	-0.07702921583630526	0.02732403278421236
97.0	-0.10807373558857236	-0.06415961855196228	0.026844663787998657
97.1	-0.11450788882261875	-0.07616548354864026	0.026269420992541592
97.2	-0.10133374598821376	-0.06439504897663319	0.02550243059859869
97.3	-0.0999351327920941	-0.07582396064379712	0.02550243059859869
97.4	-0.09749436578329096	-0.073751848358997	0.024160197409198725
97.5	-0.09026100515762536	-0.06393398657345921	0.022913838019041677
97.6	-0.09370346690122844	-0.06208973696076326	0.02272209042055584
97.7	-0.0960862956794486	-0.06729259732080896	0.022913838019041455
97.8	-0.09591905994770755	-0.04981121898912085	0.02320145941677021
97.9	-0.0863602086207571	-0.054559051042254836	0.02339320701525538
98.0	-0.08477610422399806	-0.05835681448240477	0.02358495461374166
98.1	-0.07442289456556495	-0.05656099088509965	0.02387257601146997
98.2	-0.07978623110840388	-0.05356793980705502	0.024447818806927257
98.3	-0.07739249599713105	-0.05166689502577865	0.02511893540162724
98.4	-0.08013005559516273	-0.04718205259147107	0.02550243059859847
98.5	-0.07581576403054768	-0.04604306463415503	0.025214809200869936
98.6	-0.07739554381867464	-0.04765296199898562	0.024735440204655568
98.7	-0.07039731508966796	-0.0469878662706123	0.024064323609955807
98.8	-0.06871107984874314	-0.048512848831569456	0.023393207015255824
98.9	-0.05784324323087375	-0.049224144792925556	0.022530342822070004
99.0	-0.055484804343421956	-0.051882731991234124	0.022146847625098776
99.1	-0.04522760064799769	-0.05160205935774279	0.021859226227370243
99.2	-0.0486882090554559	-0.05067922074031669	0.020996362034184868
99.3	-0.051518866093072546	-0.04451204167348405	0.020612866837213195
99.4	-0.06988967963333437	-0.042417741092006536	0.020612866837212973
99.5	-0.06016148879847805	-0.03537939864047608	0.02080461443569881
99.6	-0.05910395960925996	-0.03673130478619407	0.02147573103039857
99.7	-0.05280035265516503	-0.03530351560028307	0.020900488234941728
99.8	-0.04786937769614852	-0.03903059181454014	0.020804614435698587
99.9	-0.04155456638524413	-0.03847975684941558	0.021092235833427342
100.0	-0.05673370336794292	-0.03729806078763819	0.020996362034184424
100.1	-0.055138991692842865	-0.018418775864889863	0.021092235833427564
100.2	-0.05587915035083668	-0.03914373802249039	0.0205169930379705
100.3	-0.0504061901359627	-0.016803519050937115	0.02042111923872758
100.4	-0.049159445231865107	-0.04122012491169911	0.020133497840998826
100.5	-0.040889749435589096	-0.04075870560298605	0.020133497840998382
100.6	-0.040960632529319696	-0.02920061886768563	0.019462381246298843
100.7	-0.03417004431662107	-0.042835092492194776	0.018983012250084697
100.8	-0.03959841657293239	-0.04147000380294887	0.018695390852356386
100.9	-0.037181159730288016	-0.04114322169358025	0.01754490526144159
101.0	-0.05081028357450634	-0.022917547491925577	0.016969662465984747
101.1	-0.04600248272450713	-0.03624404341103047	0.01677791486749891
101.2	-0.045879138038266376	-0.017642195706069303	0.01649029346977038
101.3	-0.035285129876871935	-0.031732336762354485	0.016394419670527238
101.4	-0.03484482882041107	-0.030530577593180064	0.01639441967052746
101.5	-0.05392902824024404	-0.029939414599094636	0.016298545871284764
101.6	-0.043704496397634074	-0.029571608522938678	0.016586167269013075
101.7	-0.0373981908827794	-0.028574142108281315	0.016969662465984747
101.8	-0.04697334924733809	0.014243987599538743	0.01802427425765618
101.9	-0.03849816744975598	-0.03037882476775172	0.017736652859927426
102.0	-0.03413036916630574	-0.030307220675250574	0.01764077906068473
102.1	-0.029822779611262007	-0.03255948298127845	0.01735315766295642
102.2	-0.05085379509933574	-0.03264035325587379	0.016682041068255993
102.3	-0.04846642919792998	-0.030895710397100082	0.016106798272798928
102.4	-0.03854049452197117	-0.006909859984877173	0.015052186481127938
102.5	-0.03798940749726043	0.02048204958937786	0.014189322287942119
102.6	-0.04911683380921161	-0.03199912862556793	0.012655341500056316
102.7	-0.023564259197648596	-0.005635462498014348	0.01246359390157048
102.8	0.004568821611130147	-0.032514057132186275	0.012463593901570702
102.9	0.022604765864599585	-0.03180753187316581	0.012367720102327784
103.0	0.026999612756650748	-0.027146835995950983	0.012080098704599251
103.1	0.031382263381029674	-0.028510732360907263	0.01246359390157048
103.2	0.029853649444845587	-0.02568567485169298	0.013134710496270463
103.3	0.030317765650440975	-0.026334915052766198	0.01399757468945606
103.4	-1.7850687310807132	0.004116512331416116	0.014764565083399184
103.5	-0.03564444444444703	-0.01692307692307674	0.014764565083398962
103.6	-0.06448096506216316	0.012511822779257978	0.014668691284156266
103.7	-0.08157879035947602	0.006921289630695917	0.013422331893998996
103.8	-0.08124444444444379	-0.027076923076922915	0.0133264580947563
103.9	-0.04187010507885702	0.037499742124817506	0.01131310831065635
104.0	0.015466666666664963	-0.027076923076922905	0.00977912752277077
104.1	0.016062231117015102	0.0035341702081293914	0.009491506125042237
104.2	-0.02059208898215914	-0.0026482037483226656	0.008341020534127885
104.3	-0.03659131302263319	-0.060320196489576955	0.008149272935642049
104.4	-0.0694124463978234	-0.0594461876058648	0.008724515731099558
104.5	-0.07031211111111091	-0.030692538461538327	-0.002836484268900442
104.6	-0.06847602743977532	-0.05521838164625892	-0.014396484268900441
104.7	-0.06608348374536988	-0.055219252683189335	-0.023273017890100507
104.8	-0.06706222222222635	-0.02600430769230757	-0.02658887115521532
104.9	-0.05922775951047754	-0.04535067672187529	-0.0255894034544017
105.0	-0.06060877694640254	-0.032374410556923416	-0.024207440556616847
105.1	-0.056233412233513747	-0.027080062455849693	-0.02292135145807425
105.2	-0.05578511397278163	-0.021851802000203535	-0.022498126552717698
105.3	-0.07294479716269464	-0.014830511537864643	-0.02178628024963261
105.4	-0.0862134883639527	-0.023944658643297423	-0.009091209041191192
105.5	-0.07442118498899575	-0.041791735205216535	-0.020652209041191194
105.6	-0.0678736536314517	-0.02075494442318478	-0.020227984135834404
105.7	-0.07158810147041095	-0.044899436955224845	-0.019900633029720782
105.8	-0.06902832541317494	-0.009467003098432557	-0.019093912927392764
105.9	-0.08013411408315818	-0.03166905461303447	-0.018573814222793528
106.0	-0.07976306971341884	-0.0300664307459595	-0.018342336915922353
106.1	-0.08897846134723153	-0.022419307459594518	-0.018206733408294345
106.2	-0.10169253904126307	-0.019209170210424235	-0.004839545605152817
106.3	-0.09768052516402292	-0.005106805407333319	-0.003936951703581881
106.4	-0.0832574423457686	-0.027825378445135246	-0.015497951703581897
106.5	-0.08067712903896762	-0.02298061542385995	-0.014499484002768376
106.6	-0.07660215281336846	-0.019657372440672206	-0.014362880495140229
106.7	-0.0811470078863259	-0.02991667673924637	-0.013556160392812266
106.8	-0.07934749646459593	-0.021049248618194523	-0.012557692691998301
106.9	-0.093795535434964	-0.01871305269716525	0.0009053689103862284
107.0	-0.07972540903980985	-0.02780863029160688	-0.01065563108961376
107.1	-0.08009239720268369	-0.020063589620289965	-0.009944784786528993
107.2	-0.0738271612987269	-0.024946163784676165	-0.00999992887738671
107.3	-0.09061720765980397	-0.015266133864647674	0.0018322781378694586
107.4	-0.08096262328572124	-0.02172975778930286	-0.00972872186213053
107.5	-0.09245377250408637	-0.01471294928734175	-0.009305496956773962
107.6	-0.11225650800255949	-0.001622977866784281	0.0022400886607536474
107.7	-0.09962379799365095	-0.004820632047755388	-0.00932091133924634
107.8	-0.09623325569440055	-0.005302010353647163	-0.009664676827832619
107.9	-0.10663887205650013	0.0030979846572044	0.0016891611912087656
108.0	-0.1066941860092534	0.001175307440441059	0.0021123860965656105
108.1	-0.11198722117329751	0.004383795984718802	0.002631484801164985
108.2	-0.10822952112521378	0.0049202365700453665	-0.008928515198834974
108.3	-0.11439291116914774	0.0074056690932202685	0.0038624298088495435
108.4	-0.09480576362561521	0.0059970404583309656	-0.0076985701911504445
108.5	-0.09611445675846397	0.004855534242966475	0.004422258221834341
108.6	-0.09027901588413201	-0.005692935408215888	-0.007138741778165647
108.7	-0.4309465290473504	1.066123696598235	0.003542979646176281
108.8	-0.3958241191704772	1.0602518598551367	0.003390961756075339
108.9	-0.3677708342259258	1.0629716562883118	-0.008169038243924676
109.0	-0.1022014986832609	0.018460320750114723	-0.0037191137703681543
109.1	-0.3063898250879866	1.1139018270423189	-0.01278739499005399
109.2	-0.29247098291529383	1.0975526601812013	-0.024347394990054005
109.3	-0.2986011980559411	1.0417595234352803	-0.02373242248621177
109.4	-0.029143734948181788	-0.03134603683116499	-0.03155434431574078
109.5	-0.012519734948181593	-0.04246603683116501	-0.043114344315740794
109.6	-0.1532784811982566	1.1366353630575392	-0.04595082858464106
109.7	-0.08363063182676811	-0.003975276110589565	-0.05751182858464099
109.8	-0.18773965171241258	1.0402510519591814	-0.046924980959542006
109.9	-0.17164865171240962	1.0283740519591813	-0.05848598095954205
110.0	-0.08711131444154319	1.1548973171308883	-0.049434114122328565
110.1	-0.07520233056513348	1.153605432775323	-0.055338559967000545
110.2	-0.017192218229336476	1.139503932306361	-0.06689855996700056
110.3	0.004319987646525192	1.1600213061524172	-0.0727071320124294
110.4	0.034735920649332286	1.1550519531661254	-0.08024143244422932
110.5	0.06553730413429903	1.1648584049107933	-0.08844584947072942
110.6	0.0909978931242783	1.166899706073905	-0.09636364509950113
110.7	0.08886486070745647	1.1781263456084603	-0.10341857653508713
110.8	0.1322471220072039	1.178600609204552	-0.11066425556915871
110.9	0.12251868835089041	0.028987525140619252	-0.11752743940625898
111.0	0.09826935215313526	0.0217947559898774	-0.12439062324335903
111.1	0.13809542758443882	0.041522900375120075	-0.13029406908803087
111.2	0.07611266809391992	0.022342022451603882	-0.13044608697813165
111.3	0.0797315277307149	0.030809306832749406	-0.12887237648186045
111.4	0.0904609581432787	0.022974769170284848	-0.12672342319013252
111.5	0.07146333305014707	-0.0067582162923166544	-0.12476521749689062
111.6	0.07672802147506985	-0.020541009109044994	-0.12319150700061976
111.7	0.07481651768514297	-0.03521831548868515	-0.12065905851192027
111.8	0.11845354418545284	-0.035850833925352155	-0.1191802218148923
111.9	0.06916043947762418	-0.047126079017211	-0.1164560257277073
112.0	0.06663384977182929	-0.04778944122306894	-0.1144029462352224
112.1	0.04717295594042881	-0.045535112416649426	-0.11052726455712303
112.2	0.009146977069018902	-0.04524420444291244	-0.10799481606842387
112.3	-0.013590061517309238	-0.02101139273643593	-0.10498299858351001
112.4	-0.04715928191644636	-0.028962691639629612	-0.11654299858351003
112.5	-0.11113403541497746	0.02299163525668224	-0.09847899461746856
112.6	-0.10921518913108841	0.016599303230222295	-0.09546717713255504
112.7	-0.09773718913108809	0.0002213032302222917	-0.10702817713255508
112.8	-0.07284501208833305	-0.019175046900691606	-0.10468647624234151
112.9	-0.0750099952622385	-0.034469062244250726	-0.1026333967498565
113.0	-0.12114808520155407	-0.007658400596659454	-0.10048444345812835
113.1	-0.11044008520155302	-0.024549400596659443	-0.11204444345812825
113.2	-0.12643077500273847	-0.031008678842216475	-0.1095119949694292
113.3	-0.1161157750027364	-0.048143678842216486	-0.12107299496942914
113.4	-0.1369588820472032	-0.03701414727267116	-0.10511721458673051
113.5	-0.1270428820472027	-0.0543821472726711	-0.11667821458673044
113.6	-0.1535528841551006	-0.04462189205603917	-0.10024406520781759
113.7	-0.14404088415509975	-0.06221589205603917	-0.11180506520781752
113.8	-0.17099575899251818	-0.041910955649544834	-0.08089297214323388
113.9	-0.16189275899251854	-0.05971895564954488	-0.09245397214323381
114.0	-0.1942591200155448	-0.04112859039076899	-0.07534870616962075
114.1	-0.1855701200155444	-0.05914259039076897	-0.08690870616962076
114.2	-0.19488103356771447	-0.05882907897193124	-0.08360926728697882
114.3	-0.20027205532650783	-0.057786415835572424	-0.08002220700660811
114.4	-0.20617927256470736	-0.058549995648393915	-0.07758463231715163
114.5	-0.1983322725647092	-0.07694699564839391	-0.08914563231715156
114.6	-0.19069827256470973	-0.09543299564839391	-0.10070663231715171
114.7	-0.19105576096204757	-0.10383666388012724	-0.09788556243072355
114.8	-0.1885194963947896	-0.11569653125689117	-0.09468199734732452
114.9	-0.1952991012859684	-0.11931802725546237	-0.07709736237749709
115.0	-0.1885291012859689	-0.13813702725546229	-0.08865836237749702
115.1	-0.19430512913823605	-0.13447209328095666	-0.10021836237749704
115.2	-0.19952192405375513	-0.1405047864289788	-0.09778178768804069
115.3	-0.20932067214632255	-0.14211185256209657	-0.09544108679782703
115.4	-0.2195630058469824	-0.12845855161219344	-0.09309938590761346
115.5	-0.23001039424887892	-0.1221051986949857	-0.07724047932415767
115.6	-0.2245603942488792	-0.14134819869498583	-0.0888014793241576
115.7	-0.23477076267190355	-0.12411192608968458	-0.07159933955130171
115.8	-0.2336475654277237	-0.13621749172586406	-0.06849164826714538
115.9	-0.24532223806893683	-0.12296366089966204	-0.06519220938450321
116.0	-0.24076723806893696	-0.14243766089966203	-0.07675220938450322
116.1	-0.25586495350869853	-0.14798123865440194	-0.05859233161921895
116.2	-0.2517619535086979	-0.16755623865440183	-0.0701533316192191
116.3	-0.2529842067608534	-0.1526833435279482	-0.051609958656963384
116.4	-0.24933420676085305	-0.17234834352794826	-0.0631699586569634
116.5	-0.25045565352320764	-0.15709046190393594	-0.030533137206008254
116.6	-0.25350756465944	-0.17478956313149396	-0.027521319721094617
116.7	-0.2796096930556651	-0.1387812041483243	-0.01041505374748164
116.8	-0.2768726930556653	-0.15859320414832445	-0.021976053747481794
116.9	-0.287134236947999	-0.11601036048922508	-0.005062535372354571
117.0	-0.28485623694799855	-0.13588036048922514	-0.016622535372354585
117.1	-0.25742626842998817	-0.14024486656789348	-0.014185960682898013
117.2	-0.24875510455805028	-0.14180404073833985	-0.011461764595712909
117.3	-0.29452462299190074	-0.14412891392296978	0.0075619773627571
117.4	-0.29316762299189847	-0.1640829139229696	-0.003999022637243055
117.5	-0.2562586995597229	-0.21704802004983526	0.014256728927284135
117.6	-0.27181507094992696	-0.2609636652857288	0.002695728927284202
117.7	-0.2785676936594399	-0.23005875242748175	0.006475536806140658
117.8	-0.2781346936594389	-0.25005375242748173	-0.005085463193859496
117.9	-0.27137859970848055	-0.19967016206788402	0.011444559984296276
118.0	-0.27140759970848194	-0.21967016206788403	-0.0001154400157037383
118.1	-0.2913931415377107	-0.23129862316425154	0.037179467889765894
118.2	-0.2914221415377085	-0.25129862316425156	0.037179467889765894
118.3	-0.29235755004699726	-0.29430183795739384	0.06383238407927916
118.4	-0.2923865500469951	-0.31430183795739386	0.06383238407927916
118.5	-0.28417159296649075	-0.2924172964287999	0.07687122077630693
118.6	-0.31249897286066286	-0.32801480256757265	0.07687122077630693
118.7	-0.25909492302757897	-0.3181865281333589	0.10151078718172002
118.8	-0.25912392302758036	-0.3381865281333589	0.10151078718172002
118.9	-0.274587037666187	-0.35978770058604903	0.1397644330796184
119.0	-0.27461603766618836	-0.37978770058604905	0.1397644330796184
119.1	-0.24398838527735478	-0.363623305215214	0.1540496291668032
119.2	-0.2440183852773572	-0.3836233052152138	0.1540496291668032
119.3	-0.2722460219592122	-0.3354106609152834	0.18118191435253062
119.4	-0.2722750219592136	-0.3554106609152834	0.18118191435253062
119.5	-0.25590858547382567	-0.332899513146131	0.19517948904198712
119.6	-0.2559375854738235	-0.352899513146131	0.19517948904198712
119.7	-0.2483427166271852	-0.30851312634138406	0.19661759603062956
119.8	-0.24837271662718408	-0.3285131263413841	0.19661759603062956
119.9	-0.27917800061761966	-0.3768645130025434	0.1992061886101868
120.0	-0.2792070006176175	-0.39686451300254344	0.2008360431973153
120.1	-0.2792360006176189	-0.41686451300254346	0.2008360431973153
120.2	-0.27521713449676355	-0.408109904262949	0.20227415018595796
120.3	-0.22584115252260517	-0.3565199629888054	0.20486274276551542
120.4	-0.24682656147787796	-0.3361349125365809	0.20390400477308668
120.5	-0.1522489099450013	-0.2141506612923738	0.19690521742835831
120.6	-0.08708047589911772	-0.16752812307109766	0.1934537606556157
120.7	-0.13523414397254285	-0.10944441986154896	0.1844416235267876
120.8	-0.08641417627352155	-0.1492371953006777	0.177730457579788
120.9	-0.08704252254621281	-0.17313294607316454	0.17590885539417367
121.0	-0.11956251696967257	-0.18961086096403346	0.17322438901537396
121.1	-0.08513518223262295	-0.17032698875554342	0.17322438901537396
121.2	-0.08355153860490816	-0.1570381148404132	0.1688141942502024
121.3	-0.08689260779980046	-0.11507734540647441	0.16584210647367414
121.4	-0.08872420105665668	-0.12516047003975617	0.16334938769336027
121.5	-0.09086928879296963	-0.13719074371764473	0.16104841651153157
121.6	-0.04568324643238242	-0.14299712334835668	0.15788458113651727
121.7	-0.06499949805364125	-0.1354950572128888	0.1547207457615032
121.8	-0.04966191023774513	-0.1357407361038483	0.15165278418573203
121.9	-0.090251498817846	-0.13830699474918484	0.14877657020844648
122.0	-0.06711442483593544	-0.14421081919766499	0.1466673466251036
122.1	-0.0814043335497665	-0.13397696347636456	0.14561273483343218
122.2	-0.07686102165042286	-0.11654363326680128	0.14369525884857515
122.3	-0.04602493482438419	-0.13777697943096312	0.14292826845463225
122.4	-0.06289180955912244	-0.1415175488741065	0.14177778286371812
122.5	-0.04704887324328055	-0.1483838310988559	0.14005205447734692
122.6	-0.07365783434597972	-0.15030258766391613	0.13870982128794695
122.7	-0.07233124640588429	-0.15431010191405026	0.137367588098547
122.8	-0.04572587149693419	-0.16375682772353617	0.1356418597121758
122.9	-0.07160083359358893	-0.1534702820148257	0.13362850992807562
123.0	-0.07468832929909297	-0.15881180891008206	0.13142341254549006
123.1	-0.07423599082883214	-0.1552654440387382	0.12950593656063303
123.2	-0.05376537846316509	-0.16701737823696883	0.127588460575776
123.3	-0.05206458482573595	-0.16552949727422295	0.127588460575776
123.4	-0.0511500610235025	-0.17380883493090726	0.12327413960984757
123.5	-0.0534605574154412	-0.18414699450902328	0.12135666362499054
123.6	-0.053017481644449305	-0.1941835398444245	0.11982268283710495
123.7	-0.050844926105902744	-0.18683532771002076	0.1185763234469479
123.8	-0.053113932128439956	-0.17716541430044774	0.11876807104543374
123.9	-0.043587872013340245	-0.18023363713135776	0.11819282824997646
124.0	-0.03945238651204619	-0.18841373168868625	0.11732996405679064
124.1	-0.03712257700646049	-0.17911207583039612	0.1161794784658765
124.2	-0.03823339876989351	-0.18915914727124505	0.11512486667420507
124.3	-0.03826239876989135	-0.20915914727124463	0.11426200248101948
124.4	-0.037269954859990406	-0.22163436382630053	0.11368675968556241
124.5	-0.03451776639339599	-0.22626421686181786	0.11311151689010535
124.6	-0.03641487356255624	-0.22646379015695084	0.11253627409464806
124.7	-0.03675124849800682	-0.20730422338070698	0.11234452649616244
124.8	-0.034936998885310544	-0.20386176163710523	0.11138578850373393
124.9	-0.03727131090117908	-0.21009819508309668	0.11071467190903395
125.0	-0.03264483801387286	-0.21809046342693428	0.10985180771584835
125.1	-0.03410187407896004	-0.20907388703179386	0.10793433173099132
125.2	-0.03320874927261386	-0.217352656159993	0.10697559373856258
125.3	-0.031261045308411894	-0.21568035500338434	0.10582510814764867
125.4	-0.04019400000000317	-0.22041211111111103	0.10438700115900557
125.5	-0.023850481874056584	-0.2049816760299712	0.10477049635597702
125.6	-0.02805037627189222	-0.21140109104628868	0.10419525356051995
125.7	-0.017524940096972585	-0.2022704803277664	0.10419525356051995
125.8	-0.00917545875516268	-0.2084606570313805	0.10429112735976265
125.9	-0.018462593027688712	-0.21661114569396123	0.10429112735976287
126.0	-0.017548069225451712	-0.22489048335064554	0.1045787487574914
126.1	-0.02839848653942667	-0.22542474109106214	0.10477049635597702
126.2	-0.017685696208971535	-0.22377730730141687	0.10477049635597702
126.3	-0.033609002153387024	-0.22427981043707934	0.105441612950677
126.4	-0.02203218919326133	-0.2247029827954612	0.10496224395446285
126.5	-0.02359806387051222	-0.22117172384828532	0.10409937976127726
126.6	-0.007665627526332486	-0.22404471137935067	0.10323651556809144
126.7	-0.019482862862883366	-0.21801877266870573	0.10246952517414853
126.8	-0.019382814774221657	-0.22647264644654808	0.10122316578399149
126.9	-0.03601419547883111	-0.22884295315948977	0.10016855399232028
127.0	-0.01676244939990923	-0.2217064838395837	0.09892219460216323
127.1	0.00614810721574699	-0.21454796825719713	0.09882632080292009
127.2	-0.030641029034239153	-0.22445753784881317	0.09949743739762029
127.3	-0.029768687704503805	-0.2209966632756979	0.09940156359837715
127.4	-0.007487011903215546	-0.22364823173375203	0.09988093259459152
127.5	-0.028268164012594355	-0.23353939479330688	0.10026442779156275
127.6	-0.02884533009031287	-0.24197771922274613	0.10055204918929173
127.7	-0.007498872403242984	-0.2386279828829463	0.1013190395832344
127.8	-0.03028966325856075	-0.242750301967956	0.10131903958323418
127.9	-0.032801101915332254	-0.23924598133081654	0.10122316578399149
128.0	-0.009690778402500655	-0.23789189017101187	0.10074379678777734
128.1	0.014004663566950626	-0.22922981018854216	0.10007268019307736
128.2	0.015297270663818807	-0.23752135027854315	0.09930568979913446
128.3	-0.033443467691011364	-0.24490976578526125	0.09853869940519155
128.4	-0.03401461936513428	-0.2474781250740712	0.09719646621579159
128.5	0.020398736520817806	-0.23527229749993372	0.09642947582184891
128.6	-0.03171197262340897	-0.24047556907412382	0.0962377282233633
128.7	-0.030637554394939315	-0.23114916460195545	0.09614185442412015
128.8	-0.02662068755722302	-0.2335958239541216	0.0965253496210916
128.9	-0.025647785945015045	-0.2456937661026175	0.09710059241654889
129.0	-0.025676785945016434	-0.2656937661026175	0.09710059241654889
129.1	0.07716156733705049	-0.1926344423324	0.09777170901124865
129.2	0.04261109696924592	-0.20002300262365447	0.09767583521200596
129.3	0.045359046476484366	-0.20453079749071135	0.09796345660973449
129.4	0.015070219645377136	-0.20191069449817034	0.09738821381427742
129.5	0.04545473394420796	-0.19951061527856728	0.09748408761352012
129.6	0.043888859266964175	-0.19597935633139185	0.09662122342033452
129.7	0.04455537069862814	-0.1966096100026551	0.09614185442412038
129.8	0.010885739975215358	-0.2013865351244073	0.0954707378294204
129.9	0.04103448484791983	-0.20500976147977257	0.09470374743547771
130.0	-0.015142955921177759	-0.20068433662932694	0.09364913564380628
130.1	0.042294871578967275	-0.20011946656478363	0.093073892848349
130.2	0.06822740690774154	-0.20126580181296472	0.09230690245440609
130.3	0.06944200478529439	-0.20372786420886912	0.09153991206046341
130.4	0.04672860862145711	-0.18770765555819047	0.09230690245440609
130.5	0.05131023265319712	-0.19216814493269663	0.09182753345819195
130.6	0.026486508497370664	-0.18544221651229176	0.0922110286551634
130.7	0.05063748278229596	-0.19691565511371945	0.09201928105667756
130.8	0.05087269213991874	-0.20115638639212463	0.09192340725743486
130.9	0.028441057540941728	-0.20043740204066385	0.09201928105667756
131.0	0.05208635745954382	-0.19431362659387474	0.0921151548559207
131.1	0.03122786282321144	-0.19954899266731818	0.0921151548559207
131.2	0.04864723316960351	-0.19115818565678921	0.0922110286551634
131.3	0.046159233686008605	-0.19934815758141422	0.09182753345819195
131.4	0.04689867102462841	-0.2095804651882469	0.09106054306424904
131.5	0.046598989173588734	-0.21367926821638505	0.09067704786727782
131.6	0.046786969947458346	-0.19856626807147393	0.08914306707939224
131.7	0.04880860810505183	-0.20111782123250066	0.0880884552877208
131.8	0.049891773639732406	-0.19154588221242808	0.08712971729529206
131.9	0.05290016973361844	-0.1883722823093974	0.08674622209832084
132.0	0.058403918571706015	-0.18111154081210312	0.08722559109453498
132.1	0.058337229673334434	-0.18913195015279527	0.08674622209832084
132.2	0.060804918055300305	-0.18985492515396718	0.08684209589756353
132.3	0.0529036489616459	-0.1954047076937826	0.08684209589756375
132.4	0.07470395781108152	-0.1972777071617342	0.0872255910945352
132.5	0.06755763438934892	-0.19695130741319122	0.08760908629150643
132.6	0.06775754157063574	-0.17999215513682731	0.08789670768923497
132.7	0.07952415384615108	-0.1932999999999998	0.08789670768923497
132.8	0.07154527746804362	-0.1873147956910275	0.08770496009074935
132.9	0.06747900153070319	-0.19680480907075015	0.08693796969680645
133.0	0.0629834654862087	-0.19076274300368468	0.08617097930286377
133.1	0.06464580886914106	-0.18570531913280153	0.08415762951876382
133.2	0.061966739667852266	-0.19792892381130223	0.08415762951876382
133.3	0.06335302537120668	-0.2003479302963287	0.08291127012860677
133.4	0.06987147017308004	-0.18124502864498382	0.08195253213617804
133.5	0.0711293880649464	-0.18561829155702902	0.08300714392784969
133.6	0.07335424437570737	-0.17827150165310623	0.08339063912482092
133.7	0.07385066814634911	-0.1905803768451957	0.08339063912482092
133.8	0.07586596971785653	-0.18518560843467746	0.08463699851497797
133.9	0.07819577922343868	-0.17588395257638734	0.0849246199127065
134.0	0.0787957950915974	-0.1880701776808431	0.0849246199127065
134.1	0.07669547710183622	-0.18855973300614348	0.08549986270816357
134.2	0.07220854053782233	-0.17907906141949237	0.08463699851497797
134.3	0.0726406029409965	-0.19321844598359217	0.08463699851497797
134.4	0.07138210319920191	-0.18578011007914874	0.083294765325578
134.5	0.06435869749170209	-0.18100422385826054	0.08185665833693534
134.6	0.05527784615384235	-0.18218888888888873	0.08185665833693534
134.7	0.07252460294099805	-0.187084158516571	0.08185665833693534
134.8	0.05521884615384565	-0.18503233333333302	0.080035056151321
134.9	0.08076472619812947	-0.1646597244038741	0.08041855134829223
135.0	0.08181689906453826	-0.16327732038970488	0.08032267754904954
135.1	0.08362678808489932	-0.1675424933098375	0.08108966794299244
135.2	0.08498097529442106	-0.16996064700213598	0.08156903693920681
135.3	0.08686535144973107	-0.18387693122929427	0.08156903693920681
135.4	0.07147840643111181	-0.1733183565986227	0.08176078453769264
135.5	0.10208386440136152	-0.17113206137265458	0.08195253213617804
135.6	0.0693440195419015	-0.1800380617175934	0.08195253213617804
135.7	0.06658868790149697	-0.17268066891577138	0.0808020465452639
135.8	0.10109629933580777	-0.18014006610536448	0.07926806575737833
135.9	0.08681466406268612	-0.1868135047114965	0.07869282296192104
136.0	0.06875654122583796	-0.17402848248298408	0.0776382111702496
136.1	0.0694545347764155	-0.16280171660153187	0.07648772557933547
136.2	0.07391276890552234	-0.15351781416483146	0.07581660898463571
136.3	0.05478184615384407	-0.1525878888888892	0.07514549238993573
136.4	0.0825349923028007	-0.1427703838173402	0.07629597798084986
136.5	0.08302092080942103	-0.1490847283969945	0.07629597798084964
136.6	0.08437351449620323	-0.14752835459308766	0.07667947317782131
136.7	0.08479468516107147	-0.15579791730653003	0.07667947317782131
136.8	0.08492198356539404	-0.1407043369236778	0.07677534697706401
136.9	0.08606705306436169	-0.1450157022434455	0.07677534697706401
137.0	0.08390477782265648	-0.1317366084728553	0.07677534697706401
137.1	0.08037118203414195	-0.13805752231516522	0.07610423038236402
137.2	0.08106215002305461	-0.1385063915940501	0.0749537447914499
137.3	0.07874105397170084	-0.14668445087793014	0.0740908805982643
137.4	0.07974191098493932	-0.13931314003724005	0.07351563780280701
137.5	0.08015427827632493	-0.14758257824837262	0.07274864740886433
137.6	0.0633919825593594	-0.0810575180214883	0.07140641421946436
137.7	0.13325381954361148	-0.08601709302167038	0.07111879282173583
137.8	0.07163804731245804	-0.07051292965287548	0.07035180242779293
137.9	0.10612076312568064	-0.07719280099262349	0.07035180242779293
138.0	0.10875397013036192	-0.08166037736014342	0.06977655963233564
138.1	0.1410350869182153	-0.08401999112591074	0.06929719063612172
138.2	0.08026996584828083	-0.07637394591227231	0.06900956923839319
138.3	0.08415712815586218	-0.0789722813690279	0.0683384526436932
138.4	0.13979367693978517	-0.06964935388254112	0.06814670504520737
138.5	0.08330890964389326	-0.0658400616995003	0.06709209325353593
138.6	0.08306927202688996	-0.07416480963531402	0.06642097665883595
138.7	0.1056299082435963	-0.08651103352013667	0.06555811246565035
138.8	0.07950830282809562	-0.0710045362877727	0.06498286967019329
138.9	0.0783535964961537	-0.07136221158021971	0.06296951988609334
139.0	0.12390289878023353	-0.0701292317517268	0.06220252949215066
139.1	0.12389991885835983	-0.0646300578643304	0.059901558310321956
139.2	0.12543311060420237	-0.05730197749449317	0.05913456791637928
139.3	0.10768825855498321	-0.059820401494973474	0.058846946518650745
139.4	0.1301071756026424	-0.05233852625084001	0.058463451321679294
139.5	0.13142680008298058	-0.05873252359345482	0.058079956124708065
139.6	0.09508116167120306	-0.04520848109717068	0.05750471332925078
139.7	0.11290907259299843	-0.051727382453724324	0.057217091931522246
139.8	0.13014755702124603	-0.044316847506364	0.05673772293530788
139.9	0.11419378137162894	-0.040938226825352864	0.056450101537579345
140.0	0.12433570670674854	-0.05094599696393587	0.0559707325413652
140.1	0.11023542005400344	-0.0515469959542596	0.05549136354515083
140.2	0.10741643771367038	-0.04978487742116133	0.054532625552722314
140.3	0.12034511108083379	-0.05424746574179995	0.0527110233671082
140.4	0.11785421008049468	-0.0389212837198567	0.05098529498073656
140.5	0.09764492188537943	-0.033212135488374095	0.048971945196636835
140.6	0.11726989969371004	-0.022313853722111254	0.04724621681026564
140.7	0.11768849707920381	-0.022676276622196845	0.04609573121935129
140.8	0.11789556920711775	-0.03681119575544134	0.04360301243903719
140.9	0.1109079059390865	-0.017609256176326582	0.046575100215565435
141.0	0.11112169902350644	-0.0316518702956623	0.04878019759815122
141.1	0.12445876923076682	-0.07134244444444526	0.04878019759815122
141.2	0.11415879657915085	-0.12263081087904304	0.052998644764836955
141.3	0.09994258186858573	-0.12300243501085717	0.05386150895802233
141.4	0.10612291391143458	-0.1331459481197923	0.05386150895802233
141.5	0.10147830457100682	-0.1235594528751136	0.053669761359536716
141.6	0.10144930457100543	-0.14355945287511407	0.053669761359536716
141.7	0.10463909930066961	-0.12449261015522417	0.05309451856407965
141.8	0.10461009930066822	-0.14449261015522463	0.05309451856407965
