0.000000	0.000000	0.000000	0.000000
0.099635	0.000000	0.000000	0.000000
0.199309	0.000096	0.000000	0.000000
0.298961	0.000096	0.000000	0.000000
0.398623	0.000096	0.000000	0.000000
0.498294	0.000096	0.000000	0.000000
0.597938	0.000096	0.000000	0.000000
0.697598	0.000096	0.000000	0.000000
0.797264	0.000096	0.000000	0.000000
0.896924	0.000096	0.000000	0.000000
0.996588	0.000096	0.000000	0.000000
1.096232	0.000096	0.000000	0.000000
1.195914	0.000096	0.000000	0.000000
1.295570	0.000096	0.000000	0.000000
1.395224	0.000192	-0.000000	-0.000000
1.494941	0.000192	-0.000000	-0.000000
1.594581	0.000192	-0.000000	-0.000000
1.694255	0.000192	-0.000000	-0.000000
1.793910	0.000192	-0.000096	-0.000000
1.893577	0.000192	-0.000096	-0.000000
1.993245	0.000192	-0.000096	-0.000000
2.092907	0.000192	-0.000096	-0.000000
2.192575	0.000192	-0.000096	-0.000000
2.292239	0.000192	-0.000096	-0.000000
2.391929	0.000192	-0.000096	-0.000000
2.491590	0.000192	-0.000096	-0.000000
2.591245	0.000192	-0.000096	-0.000000
2.690933	0.000192	-0.000096	-0.000000
2.790637	0.000192	-0.000192	-0.000000
2.890286	0.000192	-0.000192	-0.000000
2.989949	0.000192	-0.000192	-0.000000
3.089621	0.000192	-0.000192	-0.000000
3.189340	0.000192	-0.000192	-0.000000
3.288964	0.000192	-0.000192	-0.000000
3.388634	0.000192	-0.000192	-0.000000
3.488315	0.000192	-0.000192	-0.000000
3.588011	0.000192	-0.000192	-0.000000
3.687680	0.000192	-0.000192	-0.000000
3.787335	0.000192	-0.000192	-0.000000
3.887026	0.000192	-0.000192	-0.000000
3.986697	0.000192	-0.000192	-0.000000
4.086381	0.000192	-0.000192	-0.000000
4.186038	0.000192	-0.000192	-0.000000
4.285728	0.000192	-0.000192	-0.000000
4.385386	0.000288	-0.000192	-0.000000
4.485055	0.000288	-0.000192	-0.000000
4.584739	0.000288	-0.000192	-0.000000
4.684415	0.000288	-0.000192	-0.000000
4.784122	0.000288	-0.000192	-0.000000
4.883786	0.000288	-0.000192	-0.000000
4.983436	0.000288	-0.000192	-0.000000
5.083081	0.000288	-0.000192	-0.000000
5.182790	0.000192	-0.000192	-0.000000
5.282438	0.000192	-0.000192	-0.000000
5.382134	0.000192	-0.000192	-0.000000
5.481788	0.000192	-0.000192	-0.000000
5.581529	0.000192	-0.000192	-0.000000
5.681195	0.000192	-0.000192	-0.000000
5.780875	0.000192	-0.000192	-0.000000
5.880557	0.000192	-0.000192	-0.000000
5.980273	0.000192	-0.000192	-0.000000
6.079993	0.000192	-0.000096	-0.000000
6.179640	0.000192	-0.000096	-0.000000
6.279330	0.000192	-0.000096	-0.000000
6.379020	0.000192	-0.000096	-0.000000
6.478709	0.000192	-0.000096	-0.000000
6.578357	0.000096	-0.000096	-0.000000
6.678025	0.000096	-0.000096	-0.000000
6.777700	0.000096	-0.000096	-0.000000
6.877376	0.000096	-0.000096	-0.000000
6.977047	0.000096	-0.000096	-0.000000
7.076717	0.000096	-0.000096	-0.000000
7.176380	0.000096	-0.000096	-0.000000
7.276150	0.000192	-0.000575	-0.000192
7.375852	0.000959	-0.014093	-0.001342
7.475527	0.001534	-0.030200	-0.002109
7.774590	0.001150	-0.037678	-0.008341
7.874283	0.000383	-0.030296	-0.010163
8.073670	-0.000383	-0.012847	-0.012655
8.173355	-0.000767	-0.014093	-0.012847
8.273005	-0.000767	-0.019367	-0.013135
8.372725	-0.000383	-0.021188	-0.013231
8.472416	0.000671	-0.019846	-0.013518
8.572161	0.001342	-0.015723	-0.014860
8.671807	0.001342	-0.006807	-0.016299
8.771472	0.001150	-0.005752	-0.017737
8.871182	0.001534	-0.005944	-0.019558
8.970836	0.001342	-0.002972	-0.021667
9.070514	0.000767	-0.004985	-0.024160
9.170238	-0.000096	-0.009683	-0.025119
9.269875	-0.000479	-0.010258	-0.026078
9.369571	-0.000671	-0.007191	-0.027132
9.469303	-0.001055	-0.005465	-0.027612
9.568940	-0.001534	-0.003931	-0.027612
9.668626	-0.001630	-0.000671	-0.027324
9.768332	-0.001055	-0.001438	-0.027228
9.868035	-0.000096	-0.000192	-0.027803
9.967729	0.000192	-0.000096	-0.028379
10.067395	0.000671	0.001917	-0.029625
10.167094	0.000863	0.002301	-0.031159
10.266787	0.001055	0.005081	-0.032693
10.366452	0.000863	0.002493	-0.033939
10.466139	0.000288	0.000863	-0.035953
10.565841	-0.000383	-0.001055	-0.036240
10.665509	-0.000575	-0.001534	-0.036911
10.765183	-0.000671	0.001822	-0.037678
10.964549	-0.001534	0.004123	-0.036816
11.064230	-0.001534	0.002780	-0.036624
11.163925	-0.001055	0.003356	-0.035953
11.263643	-0.000192	0.003451	-0.035473
11.363281	0.000479	0.004410	-0.036432
11.462960	0.000767	0.005848	-0.037007
11.562674	0.000671	0.006807	-0.038062
11.662320	0.000959	0.008820	-0.039404
11.762103	0.001055	0.007958	-0.041226
11.861720	0.000863	0.004698	-0.041993
11.961413	0.000000	0.002876	-0.043047
12.061075	-0.000767	0.003260	-0.042760
12.160752	-0.001055	0.006711	-0.041897
12.260461	-0.001246	0.008820	-0.041322
12.360111	-0.000767	-0.001726	-0.041993
12.459870	-0.000767	-0.024064	-0.040938
12.559506	-0.000767	-0.019846	-0.042184
12.659178	-0.001534	-0.003356	-0.041322
12.758854	-0.001534	0.007574	-0.040650
12.858528	-0.000863	0.001822	-0.040746
12.958233	-0.001438	-0.001726	-0.041034
13.057914	-0.001438	-0.005944	-0.041417
13.157590	-0.001534	0.001534	-0.042376
13.257281	-0.001534	0.003547	-0.043431
13.356956	-0.001438	0.001438	-0.043814
13.456640	-0.001246	0.001917	-0.044102
13.556295	-0.001246	0.006040	-0.044581
13.655980	-0.001246	0.002397	-0.045252
13.755677	-0.001726	0.000479	-0.046115
13.855357	-0.002397	0.000383	-0.045924
13.955002	-0.002780	-0.001630	-0.046115
14.054714	-0.002684	-0.003739	-0.046019
14.154416	-0.002780	-0.002109	-0.046691
14.254109	-0.002972	0.000096	-0.046786
14.353776	-0.003356	-0.000383	-0.046882
14.453474	-0.003643	0.000479	-0.046499
14.553161	-0.003547	0.001342	-0.046211
14.652837	-0.003164	0.001342	-0.046115
14.752522	-0.002589	0.000863	-0.045732
14.852234	-0.001822	0.001055	-0.045828
14.951895	-0.001726	0.001150	-0.046019
15.051590	-0.001534	0.002684	-0.046211
15.151253	-0.001630	0.002876	-0.046786
15.250914	-0.001342	0.004410	-0.047649
15.350604	-0.001150	0.005081	-0.048129
15.450287	-0.001246	0.002397	-0.049279
15.549943	-0.001630	0.000767	-0.050717
15.649615	-0.002301	-0.001917	-0.050621
15.749294	-0.002589	-0.001726	-0.051197
15.848933	-0.002684	-0.001342	-0.050909
15.948588	-0.002780	-0.000575	-0.051197
16.048264	-0.003068	-0.000671	-0.050525
16.147935	-0.003643	0.000096	-0.049663
16.247596	-0.003643	-0.000479	-0.049183
16.347314	-0.002684	-0.001630	-0.047937
16.446888	-0.000959	-0.000288	-0.047458
16.546613	-0.000192	-0.001246	-0.047458
16.646248	0.000288	0.000096	-0.047841
16.745914	0.000479	0.001246	-0.048800
16.845590	0.000575	0.002589	-0.049183
16.945258	0.000767	0.004314	-0.050238
17.044921	0.001055	0.004794	-0.051005
17.144569	0.001055	0.002397	-0.052155
17.244246	0.000671	0.000383	-0.052731
17.343906	-0.000096	-0.002013	-0.052347
17.443567	-0.000479	-0.001342	-0.052539
17.543325	-0.000671	-0.000383	-0.052251
17.642898	-0.000671	0.000383	-0.052443
17.742587	-0.000959	0.000671	-0.051868
17.842244	-0.001630	0.001342	-0.051292
17.941913	-0.001822	0.000192	-0.050621
18.041577	-0.001534	0.000863	-0.050525
18.141209	-0.001055	0.000575	-0.050334
18.240890	-0.000479	0.001246	-0.050430
18.340521	-0.000288	0.002301	-0.050334
18.440192	-0.000192	0.003068	-0.050717
18.539845	-0.000096	0.004314	-0.051197
18.639552	0.000096	0.005657	-0.051580
18.739193	0.000288	0.003835	-0.051868
18.838836	0.000096	0.001150	-0.052251
18.938509	-0.000288	-0.001534	-0.053114
19.038147	-0.000959	-0.000767	-0.052922
19.137798	-0.001246	0.000383	-0.053018
19.237487	-0.001246	0.001150	-0.053210
19.337156	-0.001534	0.002109	-0.053593
19.436790	-0.001822	0.002397	-0.053785
19.536453	-0.002301	0.001246	-0.052059
19.636091	-0.002013	0.000575	-0.051964
19.735832	-0.001630	0.001150	-0.051676
19.835451	-0.001150	0.001055	-0.051388
19.935131	-0.000671	0.003356	-0.051292
20.034769	-0.000671	0.003931	-0.051388
20.134429	-0.000479	0.004602	-0.051580
20.234086	-0.000288	0.007191	-0.051964
20.333745	0.000096	0.005369	-0.052826
20.433423	0.000192	0.004218	-0.053402
20.533054	0.000096	-0.000288	-0.054552
20.632710	-0.000479	-0.000767	-0.055415
20.732373	-0.000959	0.000096	-0.055894
20.832050	-0.001150	0.003068	-0.056086
20.931703	-0.001438	0.005848	-0.055127
21.031406	-0.001342	0.003643	-0.054265
21.131052	-0.000767	-0.018887	-0.053018
21.230709	-0.000863	-0.027324	-0.051964
21.330340	-0.001917	-0.012751	-0.050621
21.430085	-0.001917	0.002589	-0.049663
21.529660	-0.001438	-0.000959	-0.048320
21.629341	-0.000383	-0.014573	-0.047266
21.728993	0.000479	-0.027708	-0.046115
21.828642	0.000671	-0.025982	-0.046307
21.928308	0.000671	-0.016682	-0.046403
22.027973	0.000671	-0.007478	-0.047170
22.127619	0.000767	0.003835	-0.047937
22.227249	0.000288	0.001342	-0.048225
22.326905	0.000096	-0.009396	-0.048512
22.426567	-0.000096	-0.018120	-0.048320
22.526244	-0.000192	-0.022147	-0.047553
22.625879	-0.000096	-0.020996	-0.046978
22.725535	0.000288	-0.019079	-0.046307
22.825191	-0.000383	-0.017161	-0.044773
22.924895	-0.000767	-0.012943	-0.043718
23.024547	-0.000671	-0.005848	-0.043239
23.124260	-0.000479	0.003451	-0.042760
23.223924	-0.000096	0.001917	-0.041993
23.323623	0.000383	-0.000767	-0.041993
23.423286	0.000479	0.000671	-0.041801
23.622640	0.001150	0.002397	-0.042280
23.722311	0.001246	0.004218	-0.042568
23.821977	0.000863	0.003739	-0.042280
23.921661	0.000192	0.001822	-0.042089
24.021342	-0.000192	0.000479	-0.041993
24.121020	-0.000383	-0.000959	-0.041322
24.220672	-0.000288	-0.001726	-0.041609
24.320320	-0.000479	-0.001726	-0.041130
24.420043	-0.001055	-0.002013	-0.040267
24.519714	-0.001342	-0.000288	-0.039788
24.619382	-0.001150	0.001726	-0.039308
24.719064	-0.000767	0.002972	-0.039021
24.818691	-0.000192	0.002109	-0.038733
24.918394	0.000192	0.001822	-0.038158
25.018048	0.000288	0.000767	-0.038254
25.117757	0.000671	0.001438	-0.037966
25.317122	0.001150	0.001822	-0.038733
25.416814	0.000767	0.004027	-0.039117
25.516509	0.000383	0.000288	-0.039596
25.616186	-0.000192	-0.001917	-0.039884
25.715875	-0.000671	0.000192	-0.040363
25.815557	-0.000959	-0.000575	-0.040171
25.915265	-0.001246	-0.000959	-0.040267
26.014938	-0.001822	-0.000192	-0.039788
26.114639	-0.002301	0.001246	-0.039212
26.214321	-0.002301	0.003164	-0.038445
26.313987	-0.001917	0.004218	-0.037774
26.413687	-0.001534	0.003643	-0.037295
26.513361	-0.001150	0.002684	-0.036432
26.613045	-0.001055	0.002780	-0.036816
26.712758	-0.000671	0.003547	-0.037007
26.812422	-0.000479	0.005081	-0.037870
26.912080	-0.000096	0.005944	-0.038829
27.011776	-0.000383	0.005561	-0.039212
27.111453	-0.000767	0.003164	-0.040363
27.211149	-0.001246	0.001726	-0.040746
27.310824	-0.001534	-0.000575	-0.040746
27.410519	-0.001534	0.000192	-0.040842
27.510207	-0.001822	0.000479	-0.040459
27.609876	-0.002397	0.000192	-0.040171
27.709555	-0.002876	0.001822	-0.039788
27.809240	-0.002780	0.002876	-0.038925
27.908946	-0.002301	0.003739	-0.038062
28.008627	-0.001917	0.002780	-0.037678
28.108286	-0.001534	0.001438	-0.037295
28.207978	-0.001342	0.001630	-0.038254
28.307645	-0.000959	0.001055	-0.038829
28.407292	-0.000767	0.004698	-0.039884
28.507022	-0.000479	0.005657	-0.040459
28.606701	-0.000575	0.004698	-0.041417
28.706382	-0.000767	0.002876	-0.041513
28.806041	-0.001150	0.000959	-0.042184
28.905728	-0.001342	-0.000479	-0.041705
29.005397	-0.001438	0.000959	-0.041705
29.105099	-0.001630	0.001534	-0.041609
29.204758	-0.002301	0.001150	-0.041417
29.304444	-0.002780	0.003356	-0.041130
29.404109	-0.002876	0.003164	-0.040363
29.503798	-0.002397	0.003739	-0.040363
29.603468	-0.002013	0.003356	-0.040555
29.703159	-0.001630	0.001917	-0.040363
29.802844	-0.001534	0.004218	-0.040746
29.902497	-0.001246	0.004602	-0.041226
30.002199	-0.000863	0.006711	-0.042089
30.101882	-0.000575	0.007286	-0.042760
30.201561	-0.000671	0.006136	-0.042089
30.301242	-0.000863	0.001630	-0.042089
30.400934	-0.001342	0.002109	-0.041130
30.500586	-0.001534	0.000863	-0.040555
30.600261	-0.001534	0.000575	-0.040267
30.699958	-0.001726	0.002397	-0.039979
30.899308	-0.002684	0.002876	-0.038829
30.998981	-0.002972	0.003451	-0.037774
31.098658	-0.002589	0.003068	-0.037007
31.198333	-0.002301	0.003164	-0.036528
31.298021	-0.002013	0.001630	-0.036049
31.397690	-0.001917	0.002780	-0.035473
31.497365	-0.001822	0.003835	-0.035282
31.597026	-0.001438	0.004410	-0.034994
31.696731	-0.001246	0.006615	-0.035665
31.796413	-0.001055	0.005177	-0.035953
31.896083	-0.001438	0.004123	-0.035857
31.995801	-0.001726	0.000767	-0.035665
32.095478	-0.002013	-0.001150	-0.036336
32.195154	-0.002205	0.000767	-0.035953
32.294833	-0.002301	0.002013	-0.036049
32.394530	-0.002493	0.001055	-0.035953
32.494206	-0.003068	0.002780	-0.034994
32.593882	-0.003356	0.002013	-0.034515
32.693561	-0.003164	0.001150	-0.032981
32.892915	-0.002205	0.001342	-0.031255
32.992579	-0.002013	0.002684	-0.030488
33.092317	-0.001822	0.003835	-0.030392
33.192000	-0.001246	0.004698	-0.030392
33.291671	-0.000767	0.007286	-0.031063
33.391363	-0.000383	0.005081	-0.031542
33.491058	-0.000383	0.003451	-0.032405
33.590729	-0.000863	0.000288	-0.032405
33.690405	-0.001055	-0.000767	-0.032885
33.790153	-0.001246	0.000192	-0.032405
33.889815	-0.001246	0.000575	-0.032405
33.989446	-0.001342	0.000575	-0.031926
34.089160	-0.002013	0.002013	-0.030775
34.188869	-0.002205	-0.000383	-0.030008
34.288512	-0.002013	0.001055	-0.029146
34.388215	-0.001534	0.003931	-0.028475
34.587596	-0.000863	0.002301	-0.027612
34.687262	-0.000671	0.005561	-0.027899
34.786957	-0.001055	0.003931	-0.028858
34.886633	-0.000863	0.002301	-0.029337
34.986322	-0.000479	0.003931	-0.029913
35.086022	-0.000863	-0.000767	-0.030392
35.185702	-0.000959	-0.004602	-0.030296
35.285383	-0.001150	-0.005752	-0.030296
35.385077	-0.001246	-0.002684	-0.030392
35.484745	-0.001438	0.002493	-0.029817
35.584467	-0.002013	0.000767	-0.029433
35.684212	-0.002397	0.000767	-0.028762
35.783851	-0.002301	0.000288	-0.027995
35.883543	-0.001822	-0.001917	-0.027803
35.983262	-0.001534	-0.000671	-0.027899
36.082920	-0.001438	0.003164	-0.027612
36.182610	-0.001246	0.003739	-0.027803
36.282314	-0.000671	0.005752	-0.027995
36.381973	-0.000288	0.005369	-0.028666
36.481647	0.000000	0.002684	-0.029146
36.581358	-0.000479	0.000383	-0.029337
36.681026	-0.000671	-0.000671	-0.029529
36.780687	-0.000959	0.001534	-0.029529
36.880405	-0.001055	0.002301	-0.029721
36.980079	-0.001342	0.002876	-0.029721
37.079756	-0.002109	0.001342	-0.029050
37.179459	-0.002301	-0.000959	-0.028762
37.279112	-0.002109	-0.000671	-0.028091
37.378787	-0.001534	-0.001726	-0.028187
37.478489	-0.001630	0.001246	-0.027612
37.578147	-0.001150	0.002589	-0.027228
37.677823	-0.000863	0.004794	-0.027803
37.777553	-0.000096	0.005752	-0.027899
37.877161	0.000192	0.003835	-0.028762
37.976852	0.000383	0.001246	-0.029529
38.076584	0.000000	-0.000671	-0.029529
38.176199	-0.000288	-0.000959	-0.030104
38.275869	-0.000479	0.000959	-0.030008
38.375545	-0.000767	0.001630	-0.029913
38.475202	-0.001055	0.001150	-0.031255
38.574874	-0.001822	0.000096	-0.030392
38.674553	-0.001917	-0.001438	-0.030392
38.774258	-0.001726	-0.001150	-0.029817
38.873942	-0.001438	0.000767	-0.029625
38.973613	-0.001534	0.002013	-0.028858
39.073246	-0.001438	0.003547	-0.028666
39.172951	-0.001055	0.005752	-0.029050
39.272641	-0.000383	0.005081	-0.029242
39.372322	-0.000096	0.003451	-0.029817
39.471997	0.000096	0.000671	-0.030871
39.571661	-0.000288	-0.000096	-0.031063
39.671333	-0.000479	0.000575	-0.031926
39.870677	-0.000863	0.006615	-0.032405
39.970352	-0.001055	0.006999	-0.032501
40.070018	-0.000575	-0.011025	-0.032214
40.169647	-0.000575	-0.027899	-0.031063
40.269352	-0.001150	-0.017833	-0.031159
40.369036	-0.001726	-0.003164	-0.030296
40.468712	-0.001630	-0.000959	-0.029050
40.568383	-0.000863	-0.010930	-0.027708
40.668059	-0.000671	-0.018983	-0.026269
40.767769	-0.000288	-0.024256	-0.025407
40.867394	0.000288	-0.027324	-0.025311
40.967081	0.000863	-0.028858	-0.025311
41.066761	0.001246	-0.025886	-0.025886
41.166422	0.001246	-0.022914	-0.025982
41.266068	0.000767	-0.019079	-0.026078
41.365736	0.000192	-0.012272	-0.026269
41.465403	-0.000288	-0.002684	-0.026269
41.565099	-0.000575	0.002684	-0.026269
41.664731	-0.000671	-0.002876	-0.025502
41.764432	-0.000959	-0.006807	-0.024256
41.864069	-0.001246	-0.012272	-0.023873
41.963748	-0.001438	-0.015148	-0.022626
42.063406	-0.001342	-0.011217	-0.021667
42.163068	-0.001246	-0.002684	-0.021476
42.262718	-0.001534	0.004027	-0.020517
42.362403	-0.001342	0.000192	-0.020038
42.462080	-0.000959	-0.000479	-0.019942
42.561751	-0.000383	0.001630	-0.019750
42.661430	-0.000096	0.001342	-0.020133
42.860782	-0.000479	0.003643	-0.020133
42.960428	-0.000671	0.002397	-0.020421
43.060101	-0.000863	0.006999	-0.020229
43.159790	-0.001055	0.003643	-0.019942
43.259445	-0.001055	0.001534	-0.020038
43.359077	-0.001246	0.001438	-0.019654
43.458797	-0.001438	-0.001055	-0.019367
43.558467	-0.001822	-0.003835	-0.019175
43.658153	-0.002205	-0.003643	-0.019175
43.757837	-0.002109	-0.002876	-0.018791
43.857502	-0.001726	-0.002205	-0.018695
43.957168	-0.001726	0.000575	-0.018408
44.056836	-0.001630	0.001438	-0.018312
44.156535	-0.001822	0.002013	-0.017545
44.256219	-0.001917	0.001150	-0.017066
44.355918	-0.001630	0.001342	-0.016586
44.455586	-0.001342	-0.000288	-0.016682
44.555236	-0.000767	0.000096	-0.016586
44.654971	-0.000383	0.000192	-0.017257
44.754590	-0.000383	0.000000	-0.017737
44.854280	-0.000479	-0.000096	-0.018600
44.953945	-0.000671	0.000671	-0.018887
45.053632	-0.000863	0.000671	-0.019654
45.153300	-0.000959	-0.000000	-0.019654
45.252974	-0.000959	-0.000671	-0.020325
45.352677	-0.001055	-0.003068	-0.019942
45.452318	-0.001246	-0.005465	-0.019846
45.552013	-0.001630	-0.005465	-0.019462
45.651716	-0.002013	-0.005561	-0.018983
45.751348	-0.002109	-0.003835	-0.018504
45.851057	-0.002013	-0.002109	-0.017928
45.950691	-0.001822	-0.000767	-0.017833
46.050389	-0.001822	0.000000	-0.017257
46.150093	-0.001822	-0.001438	-0.017449
46.249804	-0.001438	-0.001630	-0.017449
46.349457	-0.000959	-0.002205	-0.018024
46.449124	-0.000383	-0.002780	-0.018312
46.548849	0.000096	-0.001150	-0.019079
46.648480	0.000096	-0.001917	-0.019750
46.748160	-0.000000	-0.001534	-0.020038
46.847897	-0.000288	0.001342	-0.020038
46.947529	-0.000479	0.002876	-0.020613
47.047179	-0.000383	0.001342	-0.020709
47.146863	-0.000479	0.000479	-0.020709
47.246559	-0.000575	-0.001342	-0.020996
47.346234	-0.001726	-0.002589	-0.021955
47.445902	-0.003643	-0.004410	-0.021572
47.545577	-0.003739	-0.004027	-0.021763
47.645251	-0.003739	-0.000479	-0.021955
47.744924	-0.003643	0.001822	-0.021763
47.844609	-0.003547	0.000479	-0.021572
47.944280	-0.003643	0.001150	-0.021572
48.043969	-0.003451	-0.000671	-0.021092
48.143603	-0.002972	0.000575	-0.020900
48.243341	-0.002397	0.000767	-0.021188
48.342999	-0.002109	0.001630	-0.021859
48.442679	-0.002109	0.001726	-0.022722
48.542363	-0.002301	0.002301	-0.022626
48.642048	-0.002397	0.002013	-0.023585
48.741717	-0.002397	-0.000096	-0.024160
48.841401	-0.002397	-0.000671	-0.025311
48.941095	-0.002684	-0.001726	-0.024160
49.040759	-0.002876	-0.006903	-0.023393
49.140443	-0.003260	-0.008341	-0.022626
49.240128	-0.003547	-0.007286	-0.021763
49.339812	-0.003643	-0.003451	-0.020613
49.439497	-0.003739	0.002876	-0.019367
49.539171	-0.003643	0.002589	-0.018504
49.638848	-0.003643	-0.000000	-0.016970
49.738530	-0.003739	0.001150	-0.015436
49.838210	-0.003164	0.000767	-0.014477
49.937898	-0.002589	0.001822	-0.014669
50.037556	-0.002013	0.002589	-0.014669
50.137252	-0.001917	0.003451	-0.015244
50.236920	-0.002013	0.006711	-0.015819
50.336583	-0.002205	0.006807	-0.015340
50.436256	-0.002205	0.005177	-0.015627
50.535931	-0.002109	0.004314	-0.015340
50.635605	-0.002205	0.001822	-0.015436
50.735273	-0.002780	-0.001246	-0.015148
50.834949	-0.003164	-0.004985	-0.014189
50.934641	-0.003643	-0.004890	-0.013614
51.034289	-0.003835	-0.001917	-0.013135
51.133975	-0.004027	0.002684	-0.012751
51.233611	-0.003835	0.002397	-0.012655
51.333297	-0.003931	0.001822	-0.012080
51.432975	-0.004027	0.001438	-0.011888
51.532627	-0.003835	-0.000767	-0.011313
51.632302	-0.003356	0.001917	-0.011601
51.731987	-0.002876	0.002972	-0.011888
51.831650	-0.002589	0.003260	-0.012080
51.931326	-0.002684	0.003931	-0.012847
52.030948	-0.002780	0.004410	-0.012655
52.130679	-0.002876	0.002780	-0.012943
52.230305	-0.002780	0.001822	-0.012751
52.330001	-0.002780	-0.000288	-0.013422
52.429734	-0.003068	-0.000767	-0.013806
52.529325	-0.003643	-0.000383	-0.013231
52.629014	-0.004027	0.000671	-0.013326
52.728674	-0.004218	0.001630	-0.013422
52.828345	-0.004314	0.004602	-0.013326
52.927983	-0.004218	0.003068	-0.012943
53.027642	-0.004314	0.003260	-0.012368
53.127317	-0.004410	0.001438	-0.011792
53.227014	-0.004123	0.001630	-0.011313
53.326626	-0.003643	0.003931	-0.011505
53.426304	-0.003164	0.006903	-0.011505
53.525986	-0.003068	0.006615	-0.012464
53.625657	-0.003260	0.008053	-0.012943
53.725305	-0.003451	0.006903	-0.013326
53.824999	-0.003643	0.004985	-0.014189
53.924686	-0.003547	-0.000288	-0.014285
54.024362	-0.003643	-0.003643	-0.015244
54.124023	-0.003931	-0.002972	-0.016107
54.223671	-0.004410	0.001246	-0.016107
54.323363	-0.004890	0.001630	-0.015532
54.423056	-0.004890	0.003547	-0.015436
54.522692	-0.004890	0.003451	-0.015244
54.622349	-0.004890	0.002109	-0.014285
54.722071	-0.004890	0.001726	-0.014093
54.821705	-0.004890	0.000863	-0.013710
54.921372	-0.004314	0.003547	-0.013710
55.021115	-0.003835	0.004506	-0.014381
55.120723	-0.003356	0.005081	-0.015148
55.220402	-0.003547	0.005752	-0.016682
55.320062	-0.003547	0.004027	-0.016874
55.419740	-0.003451	0.003451	-0.017545
55.519436	-0.003356	0.000863	-0.018120
55.619072	-0.003643	0.000575	-0.018695
55.718769	-0.003931	0.000575	-0.019271
55.818446	-0.004410	0.001630	-0.018887
55.918125	-0.004794	0.002493	-0.018791
56.017791	-0.004890	0.004602	-0.018504
56.117459	-0.004985	0.003356	-0.018408
56.217162	-0.004890	0.002493	-0.018312
56.316832	-0.004890	0.001246	-0.018504
56.416497	-0.004890	-0.001822	-0.018312
56.516171	-0.004218	-0.006040	-0.018408
56.615860	-0.003739	-0.005848	-0.019271
56.715514	-0.003356	-0.001534	-0.020229
56.815191	-0.003451	0.003547	-0.021572
56.914890	-0.002013	0.001917	-0.021859
57.014560	-0.002205	0.003068	-0.022147
57.114221	-0.002109	0.001342	-0.022722
57.213900	-0.002205	0.000096	-0.023873
57.313610	-0.002589	0.001438	-0.024448
57.413237	-0.003164	0.001917	-0.024064
57.512929	-0.003356	0.002397	-0.024640
57.612622	-0.003547	0.003643	-0.025215
57.712282	-0.003547	0.001630	-0.025311
57.811958	-0.003547	0.000863	-0.025311
57.911644	-0.003547	-0.000288	-0.025215
58.011328	-0.003643	0.000000	-0.025023
58.111009	-0.003164	0.002397	-0.024831
58.210672	-0.002684	0.004794	-0.024735
58.310360	-0.002205	0.003547	-0.024735
58.410028	-0.002013	0.004698	-0.024735
58.609345	-0.001822	0.001150	-0.024064
58.709059	-0.001630	0.000192	-0.024064
58.808697	-0.001438	-0.001055	-0.024448
58.908374	-0.001630	-0.000192	-0.024448
59.008053	-0.002205	-0.000575	-0.024160
59.107740	-0.002493	0.001150	-0.024064
59.207359	-0.002684	0.002589	-0.023968
59.307022	-0.002589	0.000863	-0.023393
59.406681	-0.002780	0.000479	-0.023010
59.506331	-0.002876	-0.004314	-0.021667
59.605988	-0.002780	-0.009012	-0.021188
59.705631	-0.002780	-0.011505	-0.020229
59.805291	-0.002205	-0.011697	-0.019750
59.904999	-0.001822	-0.009492	-0.019942
60.004632	-0.001246	-0.003931	-0.019846
60.104273	-0.001630	0.003260	-0.020421
60.203945	-0.001438	-0.001055	-0.020709
60.303603	-0.001246	-0.005944	-0.020996
60.403253	-0.001246	-0.004698	-0.021476
60.502951	-0.001534	-0.000575	-0.021955
60.602616	-0.001917	-0.001342	-0.022434
60.702231	-0.002397	-0.002397	-0.021667
60.801889	-0.002684	0.001342	-0.021188
60.901554	-0.002780	0.000288	-0.020805
61.001203	-0.002780	-0.001055	-0.020133
61.100857	-0.002972	-0.002684	-0.019175
61.200530	-0.003068	-0.002876	-0.018600
61.300173	-0.003068	-0.001055	-0.017928
61.399843	-0.002780	0.000479	-0.017545
61.499501	-0.002109	0.002684	-0.017641
61.599158	-0.001630	0.002780	-0.018120
61.698816	-0.001438	0.001246	-0.018887
61.798434	-0.001438	0.000288	-0.018887
61.898172	-0.001150	-0.000575	-0.019367
61.997814	-0.001055	-0.000383	-0.019558
62.097482	-0.001150	-0.000096	-0.019942
62.197125	-0.001438	0.000671	-0.020421
62.296806	-0.001822	0.002589	-0.019846
62.396467	-0.002205	0.002876	-0.019271
62.496097	-0.002205	0.001534	-0.018887
62.595752	-0.002205	0.001726	-0.018695
62.695433	-0.002493	-0.000767	-0.018504
62.795086	-0.002684	-0.001534	-0.018312
62.894745	-0.003068	0.001534	-0.017833
62.994395	-0.002972	0.002780	-0.017545
63.094088	-0.002301	0.005081	-0.017545
63.193743	-0.001726	0.004985	-0.018408
63.293383	-0.001438	0.001917	-0.018695
63.393067	-0.001534	0.001726	-0.018408
63.492729	-0.001246	0.000767	-0.018504
63.592453	-0.001150	0.001150	-0.018408
63.791738	-0.001342	0.002013	-0.018983
63.891451	-0.001917	0.003739	-0.018600
63.991059	-0.002109	0.003356	-0.018600
64.090739	-0.002109	0.002780	-0.018887
64.190386	-0.002013	0.001150	-0.019175
64.290061	-0.002301	0.000575	-0.019175
64.389715	-0.002397	0.000192	-0.018695
64.489400	-0.002493	0.003356	-0.018024
64.589061	-0.002205	0.004985	-0.017353
64.688710	-0.001438	0.006999	-0.017449
64.788370	-0.001055	0.004218	-0.017161
64.888015	-0.000959	0.002301	-0.017545
65.087326	-0.000767	0.002493	-0.017833
65.187015	-0.000575	0.003835	-0.018408
65.286659	-0.000863	0.003739	-0.018695
65.386315	-0.001438	0.004027	-0.018791
65.485995	-0.001917	0.002493	-0.019654
65.585721	-0.001438	-0.004314	-0.019846
65.685333	-0.001342	-0.008916	-0.020038
65.785000	-0.001438	-0.010642	-0.019846
65.884660	-0.001822	-0.009492	-0.018983
65.984320	-0.002589	-0.003356	-0.019558
66.083980	-0.003451	0.002684	-0.018887
66.183663	-0.003260	0.009012	-0.018216
66.283355	-0.002780	0.006424	-0.017737
66.382971	-0.002301	0.004314	-0.017833
66.482670	-0.002301	0.003835	-0.017641
66.582340	-0.002205	0.000959	-0.018024
66.682029	-0.001917	0.000671	-0.018408
66.781670	-0.001822	0.004506	-0.019462
66.881342	-0.002013	0.003931	-0.020229
66.980989	-0.002493	0.000575	-0.020805
67.080645	-0.002876	0.001917	-0.020900
67.180323	-0.002972	0.004123	-0.021380
67.279972	-0.003068	0.000767	-0.020996
67.379638	-0.003164	-0.000959	-0.021188
67.479294	-0.003739	0.001055	-0.020325
67.579013	-0.004027	0.002013	-0.019558
67.678607	-0.003931	0.002589	-0.018983
67.778306	-0.003643	0.007286	-0.017833
67.877968	-0.002972	0.003068	-0.017449
67.977622	-0.002493	0.000767	-0.017545
68.077289	-0.002301	0.001917	-0.017257
68.176974	-0.002301	-0.001438	-0.017353
68.276628	-0.001822	-0.003068	-0.017257
68.376264	-0.001726	-0.000767	-0.016970
68.475950	-0.001630	-0.000288	-0.016682
68.575630	-0.002013	-0.001630	-0.016203
68.675313	-0.002397	0.002876	-0.015627
68.774944	-0.002589	0.003164	-0.014669
68.874632	-0.002301	0.002301	-0.014573
68.974302	-0.002205	0.003643	-0.014477
69.073997	-0.002109	0.002876	-0.013902
69.173671	-0.002397	0.002780	-0.013614
69.273265	-0.002589	0.004698	-0.012751
69.372986	-0.002397	0.006424	-0.012272
69.472625	-0.001917	0.005561	-0.011505
69.671981	-0.001150	0.001726	-0.011888
69.771639	-0.001150	0.001342	-0.011505
69.871356	-0.000767	0.002397	-0.011409
69.970978	-0.000671	0.003643	-0.011313
70.070649	-0.000575	0.003356	-0.011217
70.170326	-0.000767	0.003643	-0.011505
70.269996	-0.001246	0.001726	-0.010642
70.369663	-0.001150	0.001246	-0.010834
70.469332	-0.001150	0.000288	-0.010834
70.569022	-0.001246	-0.000288	-0.011025
70.668706	-0.001630	0.000863	-0.010930
70.768401	-0.002013	0.001246	-0.010642
70.868064	-0.002109	0.003356	-0.009971
70.967749	-0.001822	0.005465	-0.009875
71.067429	-0.001246	0.003931	-0.009396
71.167088	-0.000671	0.003356	-0.009204
71.266773	-0.000479	0.001438	-0.009108
71.366472	-0.000288	0.002301	-0.009108
71.466143	-0.000192	0.003451	-0.009012
71.565809	0.000479	0.004890	-0.009587
71.665479	0.000288	0.004027	-0.009587
71.765195	0.000192	0.003739	-0.010834
71.864859	-0.000288	0.003164	-0.011025
71.964566	-0.000479	0.001726	-0.011313
72.064213	-0.000479	0.000959	-0.011505
72.163892	-0.000575	0.002397	-0.012080
72.263536	-0.000959	0.003643	-0.012176
72.363219	-0.001630	0.003739	-0.011601
72.462932	-0.001917	0.005177	-0.010930
72.562630	-0.001917	0.007478	-0.010546
72.662279	-0.001726	0.007286	-0.009971
72.761966	-0.001246	0.006999	-0.009779
72.861628	-0.000863	0.006615	-0.010163
72.961317	-0.000671	0.004698	-0.011025
73.060974	-0.000767	0.006903	-0.011121
73.160657	-0.000671	0.006711	-0.012080
73.260344	-0.000383	0.008437	-0.012847
73.360065	-0.000288	0.008916	-0.013422
73.459701	-0.000288	0.009204	-0.014381
73.559390	-0.000288	0.007958	-0.014669
73.659057	-0.000671	0.006424	-0.014669
73.758734	-0.000959	0.006040	-0.014669
73.858397	-0.001055	0.004314	-0.014573
73.958084	-0.001150	0.004602	-0.014477
74.057730	-0.001055	0.004218	-0.014860
74.157453	-0.001246	0.005081	-0.015340
74.257122	-0.001438	0.004890	-0.015819
74.356781	-0.002013	0.005848	-0.015915
74.456470	-0.002109	0.006519	-0.016107
74.556161	-0.002109	0.007958	-0.015915
74.655814	-0.001917	0.007286	-0.016011
74.755536	-0.001534	0.006711	-0.016107
74.855241	-0.001150	0.005369	-0.016394
74.954898	-0.001055	0.004218	-0.016970
75.054564	-0.000863	0.004506	-0.016586
75.154253	-0.000575	0.002493	-0.017833
75.253925	-0.000288	-0.000863	-0.017737
75.353596	-0.000096	0.000192	-0.018312
75.453293	-0.000096	0.003260	-0.019175
75.552954	-0.000096	-0.000767	-0.019942
75.652657	-0.000288	-0.004985	-0.019846
75.752346	0.000000	-0.005657	-0.020805
75.852013	-0.000096	-0.003643	-0.021284
75.951691	-0.000288	0.001534	-0.022051
76.051410	-0.000671	0.002876	-0.023106
76.151088	-0.001055	0.001630	-0.022914
76.250743	-0.001630	0.004218	-0.022147
76.350459	-0.001822	0.004985	-0.020996
76.450107	-0.001726	0.005465	-0.020613
76.549798	-0.001534	0.004985	-0.020517
76.649475	-0.001055	0.003643	-0.020996
76.749147	-0.000671	0.003068	-0.021763
76.848840	-0.000479	0.001917	-0.023010
76.948524	-0.000288	0.004314	-0.023873
77.048208	-0.000383	0.006711	-0.023585
77.147869	0.000096	0.005177	-0.024256
77.247593	0.000096	0.006807	-0.024352
77.347245	0.000000	0.004602	-0.023585
77.446916	-0.000192	0.002109	-0.022914
77.546590	-0.000383	0.002684	-0.022626
77.646269	-0.000575	0.001917	-0.022051
77.745951	-0.000575	0.002972	-0.022051
77.845633	-0.000767	0.004027	-0.021572
77.945320	-0.001055	0.003547	-0.021572
78.044976	-0.001726	0.005081	-0.020805
78.144629	-0.002013	0.004985	-0.019654
78.244342	-0.002013	0.005657	-0.019367
78.344029	-0.001822	0.004985	-0.019271
78.443710	-0.001630	0.003547	-0.019079
78.543387	-0.001246	0.003164	-0.018695
78.643065	-0.001150	0.002301	-0.019271
78.742730	-0.000959	0.003643	-0.018887
78.842410	-0.000959	0.004218	-0.018600
78.942072	-0.000671	0.005273	-0.018504
79.041739	-0.000479	0.003931	-0.018983
79.141432	-0.000575	0.001055	-0.018695
79.241123	-0.000959	0.000096	-0.018120
79.340785	-0.001246	-0.000383	-0.018120
79.440467	-0.001246	-0.000959	-0.018408
79.540135	-0.001246	0.001438	-0.018887
79.639821	-0.001438	0.002109	-0.019175
79.739505	-0.001822	0.001438	-0.019175
79.839166	-0.002397	0.003451	-0.018887
80.038526	-0.002301	0.002876	-0.017353
80.138222	-0.002013	0.001438	-0.016682
80.237908	-0.001630	0.001055	-0.016107
80.337590	-0.001342	0.001534	-0.016107
80.536984	-0.000767	0.004123	-0.015723
80.636617	-0.000479	0.005273	-0.016011
80.736293	-0.000096	0.004794	-0.017066
80.836003	0.000096	0.002109	-0.017257
80.935650	-0.000096	-0.000288	-0.017353
81.035318	-0.000288	-0.000479	-0.017545
81.135077	-0.000383	0.000767	-0.017449
81.334319	-0.000575	0.002493	-0.017545
81.433996	-0.001055	0.002876	-0.017066
81.533659	-0.001534	0.002780	-0.016778
81.633316	-0.001630	0.002301	-0.015723
81.733010	-0.001438	0.001726	-0.014956
81.832628	-0.001150	0.001534	-0.014573
81.932323	-0.000767	0.000575	-0.014477
82.031987	-0.000479	0.001438	-0.014956
82.131636	-0.000192	0.000575	-0.015052
82.231342	0.000192	0.003164	-0.016011
82.330977	0.000000	0.001534	-0.016778
82.430608	0.000192	-0.000096	-0.017257
82.530307	0.000288	-0.002013	-0.017449
82.629939	-0.000096	-0.003835	-0.016970
82.729600	-0.000288	-0.002684	-0.016874
82.829315	-0.000383	0.000288	-0.016778
82.928884	-0.000479	0.000959	-0.016874
83.028564	-0.000863	0.002493	-0.017353
83.128204	-0.001534	0.002397	-0.016970
83.227897	-0.001917	0.001630	-0.016586
83.327586	-0.001726	0.001630	-0.016299
83.427225	-0.001726	0.001630	-0.016299
83.526860	-0.001438	0.001726	-0.016299
83.626533	-0.001246	0.003451	-0.016490
83.726198	-0.001150	0.003451	-0.016490
83.825882	-0.000767	0.006232	-0.016682
83.925529	-0.000671	0.006807	-0.016970
84.025177	-0.000288	0.004698	-0.017545
84.224515	-0.000671	-0.000383	-0.017353
84.324168	-0.000863	0.000288	-0.017928
84.423839	-0.001150	0.003260	-0.018504
84.523481	-0.001150	0.003643	-0.019271
84.623185	-0.001534	0.004410	-0.019846
84.722832	-0.002205	0.003356	-0.019462
84.822487	-0.002589	0.001822	-0.019271
84.922173	-0.002397	-0.002205	-0.018600
85.021808	-0.002205	-0.004410	-0.018791
85.121500	-0.002109	-0.002013	-0.018600
85.221165	-0.001822	0.001630	-0.017737
85.320792	-0.001438	0.000959	-0.017833
85.420479	-0.000575	0.003356	-0.017928
85.520154	-0.000288	0.005752	-0.018887
85.619816	0.000192	0.003068	-0.018600
85.719482	0.000479	0.001438	-0.019079
85.819134	0.000192	-0.000288	-0.019462
85.918800	0.000192	0.001055	-0.020421
86.018466	0.000000	0.003356	-0.020996
86.118113	0.000000	0.004218	-0.021380
86.217808	-0.000288	0.004985	-0.021476
86.317455	-0.000863	0.003547	-0.020996
86.417087	-0.001246	0.001726	-0.020900
86.516768	-0.001246	0.002972	-0.019846
86.616412	-0.000959	0.000959	-0.018983
86.716074	-0.000959	0.002397	-0.017737
86.815750	-0.000671	0.003835	-0.016394
86.915352	-0.000479	0.003356	-0.016107
87.015068	-0.000096	0.006232	-0.015627
87.114715	0.000479	0.006040	-0.016107
87.214338	0.000863	0.004218	-0.016107
87.313978	0.001246	0.002589	-0.016203
87.413664	0.001246	0.000479	-0.016490
87.513321	0.000959	0.000575	-0.016203
87.613018	0.000767	0.002589	-0.015723
87.712638	0.000767	0.003739	-0.015532
87.812323	0.000671	0.004890	-0.015436
87.911977	0.000383	0.003260	-0.015532
88.011641	-0.000096	0.000383	-0.014573
88.111300	-0.000479	-0.001438	-0.013518
88.210982	-0.000288	-0.002684	-0.012655
88.310629	-0.000096	-0.002301	-0.012080
88.410282	-0.000000	-0.002397	-0.011792
88.509944	-0.000383	-0.002684	-0.011505
88.609589	-0.000383	0.000383	-0.011505
88.709263	0.000192	0.001822	-0.011888
88.808911	0.000383	-0.000575	-0.012176
88.908567	0.000959	-0.000767	-0.012368
89.008231	0.000959	-0.003164	-0.011984
89.107886	0.000671	-0.005752	-0.011409
89.207574	0.000575	-0.004890	-0.011505
89.307269	0.000288	-0.001055	-0.011697
89.406869	0.000192	0.001917	-0.012176
89.506528	-0.000096	0.000575	-0.012655
89.606174	-0.000863	-0.000863	-0.012176
89.705852	-0.001342	-0.002876	-0.012080
89.805511	-0.001438	-0.002972	-0.011409
89.905159	-0.001438	-0.001726	-0.011409
90.004848	-0.001438	-0.000863	-0.011313
90.104470	-0.001342	-0.000383	-0.011121
90.204169	-0.001246	0.001822	-0.010738
90.303838	-0.000767	0.002013	-0.010642
90.403461	-0.000288	0.000959	-0.010930
90.503164	0.000000	-0.000192	-0.010930
90.602808	0.000288	-0.001917	-0.011313
90.702481	0.000000	-0.002205	-0.011313
90.802122	-0.000192	-0.000767	-0.012080
90.901788	-0.000288	0.000863	-0.012751
91.001522	-0.000479	0.002013	-0.013422
91.101129	-0.000671	0.000096	-0.014093
91.200785	-0.001342	-0.000671	-0.013998
91.300453	-0.001822	-0.003260	-0.013998
91.400099	-0.002109	-0.003068	-0.013518
91.499756	-0.001438	0.000767	-0.012847
91.599416	-0.001150	0.002013	-0.012847
91.699080	-0.001055	0.001534	-0.012176
91.798755	-0.000863	0.004602	-0.011888
91.898405	-0.000479	0.003547	-0.012080
91.998073	0.000096	0.003164	-0.012655
92.097747	0.000479	0.001246	-0.013039
92.197460	0.000767	0.000192	-0.014093
92.297050	0.000575	0.000383	-0.014573
92.396766	0.000479	0.001917	-0.015532
92.496429	0.000383	0.003739	-0.016394
92.596096	0.000383	0.004602	-0.017257
92.695781	0.000192	0.002684	-0.017641
92.795444	-0.000383	0.000767	-0.017449
92.895052	-0.000767	-0.001150	-0.017449
92.994828	-0.000959	0.000479	-0.016874
93.094419	-0.000863	0.001726	-0.016586
93.194060	-0.000767	0.002780	-0.016394
93.293745	-0.000671	0.003835	-0.016203
93.393397	-0.000383	0.004985	-0.016011
93.493062	0.000192	0.004698	-0.016778
93.592718	0.000863	0.003835	-0.017641
93.692383	0.001150	0.002397	-0.018887
93.792100	0.001438	0.002780	-0.019846
93.891716	0.001150	0.002780	-0.020421
93.991340	0.001055	0.004123	-0.021284
94.091028	0.000767	0.006136	-0.022147
94.190679	0.000671	0.004123	-0.022530
94.290346	0.000575	0.001438	-0.023201
94.390040	0.000000	-0.002876	-0.023106
94.489697	-0.001342	-0.005081	-0.023968
94.589351	-0.001822	-0.004123	-0.023489
94.689087	-0.001822	-0.001726	-0.023393
94.788697	-0.001822	-0.001534	-0.023489
94.888383	-0.001534	-0.000192	-0.023393
94.988022	-0.001246	-0.000959	-0.023201
95.087665	-0.000575	-0.001246	-0.024735
95.187332	-0.000096	-0.002589	-0.025790
95.286997	0.000288	-0.003643	-0.026365
95.386645	0.000288	-0.002301	-0.026749
95.486309	0.000192	-0.001630	-0.026749
95.585966	0.000096	0.000767	-0.027516
95.685632	0.000000	0.000383	-0.028666
95.785311	-0.000192	-0.001246	-0.029913
95.885025	-0.000383	-0.005848	-0.031063
95.984691	-0.000863	-0.008437	-0.031830
96.084358	-0.001534	-0.004218	-0.030967
96.184036	-0.001726	-0.001246	-0.030296
96.283678	-0.001630	-0.002397	-0.029433
96.383340	-0.001630	0.000096	-0.028570
96.483019	-0.001438	-0.000096	-0.027420
96.582682	-0.000959	-0.000479	-0.026365
96.682391	-0.000383	-0.001246	-0.025982
96.782020	-0.000096	-0.002589	-0.025502
96.881687	0.000288	-0.001246	-0.025311
96.981347	0.000096	0.001055	-0.025215
97.081022	0.000096	0.003260	-0.025502
97.180660	-0.000096	0.004506	-0.025982
97.280297	-0.000288	0.003739	-0.026461
97.380015	-0.000863	0.000767	-0.026941
97.479667	-0.002301	-0.002684	-0.026653
97.579330	-0.002972	-0.002397	-0.026653
97.678994	-0.003643	0.001055	-0.026174
97.778669	-0.003739	0.002493	-0.025502
97.878328	-0.003835	0.003451	-0.025119
97.978009	-0.003835	0.002493	-0.024064
98.077662	-0.003643	0.001246	-0.022914
98.177329	-0.003164	0.002109	-0.022626
98.277014	-0.002684	0.000288	-0.022147
98.376678	-0.002397	0.000959	-0.022626
98.476378	-0.002013	0.001246	-0.023297
98.576016	-0.002301	0.001150	-0.023201
98.675730	-0.002301	0.003643	-0.023585
98.775368	-0.002493	0.003164	-0.023489
98.875027	-0.002684	0.001055	-0.023873
98.974718	-0.002972	-0.001246	-0.024064
99.074376	-0.003547	-0.001150	-0.024160
99.174043	-0.004027	0.000288	-0.023681
99.273764	-0.004314	0.001055	-0.023010
99.373400	-0.004314	0.001917	-0.022051
99.473056	-0.004410	0.002589	-0.020900
99.572716	-0.004218	0.000671	-0.020517
99.672389	-0.003739	0.001150	-0.019462
99.772071	-0.003068	0.000767	-0.020038
99.871709	-0.002493	-0.000383	-0.020421
99.971370	-0.002397	0.003356	-0.020900
100.071072	-0.002301	0.004602	-0.021572
100.170755	-0.002493	0.004410	-0.021476
100.270433	-0.002684	0.006328	-0.021667
100.370085	-0.002493	0.003356	-0.022530
100.469758	-0.002684	-0.000288	-0.022243
100.569446	-0.003068	-0.000479	-0.021859
100.669106	-0.003739	0.000671	-0.021859
100.768793	-0.004218	0.001438	-0.021092
100.868448	-0.004410	0.003356	-0.020421
100.968081	-0.004410	0.003739	-0.019846
101.067801	-0.004410	0.002684	-0.019367
101.167453	-0.004314	0.001726	-0.019079
101.366812	-0.003260	0.001534	-0.019654
101.466478	-0.002876	0.003164	-0.020325
101.566142	-0.002684	0.003547	-0.020229
101.665797	-0.002876	0.004602	-0.020038
101.765515	-0.002876	0.005752	-0.020900
101.865150	-0.002972	0.004027	-0.020900
101.964832	-0.003164	0.002972	-0.021188
102.064500	-0.003451	0.001055	-0.021188
102.164214	-0.004027	0.000096	-0.020805
102.263858	-0.004698	0.002493	-0.020709
102.363525	-0.005177	0.003451	-0.020421
102.463248	-0.005465	0.004698	-0.020133
102.562888	-0.005369	0.003931	-0.020133
102.662536	-0.005369	0.003068	-0.019942
102.762204	-0.005273	0.002684	-0.019271
102.961551	-0.004218	0.002972	-0.019942
103.061227	-0.003931	0.003260	-0.019558
103.160876	-0.003835	0.002684	-0.019942
103.260561	-0.003451	0.003643	-0.020325
103.360269	-0.003547	0.003643	-0.020133
103.459914	-0.003547	0.003739	-0.020517
103.559605	-0.003643	0.003643	-0.020996
103.659275	-0.003739	0.002780	-0.021955
103.758909	-0.003835	-0.000479	-0.022818
103.858581	-0.004123	-0.000479	-0.023297
103.958292	-0.004410	-0.002109	-0.023297
104.057933	-0.004794	-0.002205	-0.023681
104.157643	-0.005369	-0.000383	-0.023585
104.257301	-0.005657	0.000575	-0.023393
104.356971	-0.005944	0.000959	-0.023201
104.456637	-0.005944	0.000192	-0.022722
104.556320	-0.005848	-0.001150	-0.022339
104.655999	-0.005848	-0.003164	-0.022147
104.755696	-0.005752	-0.001726	-0.021380
104.855357	-0.005369	-0.001822	-0.020805
104.955006	-0.004890	-0.001246	-0.021476
105.054715	-0.004314	0.000288	-0.021763
105.154413	-0.004123	-0.000288	-0.023106
105.254062	-0.003739	0.000767	-0.023777
105.353757	-0.003739	0.001534	-0.023777
105.453436	-0.003739	0.000288	-0.024256
105.553101	-0.003739	0.000288	-0.024352
105.652771	-0.003739	-0.001726	-0.024448
105.752434	-0.003931	-0.002397	-0.024448
105.852138	-0.004218	-0.002876	-0.024640
105.951814	-0.004602	-0.002780	-0.024256
106.051495	-0.004985	-0.001917	-0.024544
106.151138	-0.005465	-0.000671	-0.024831
106.250864	-0.005752	0.000479	-0.024927
106.350528	-0.005944	-0.001150	-0.024831
106.450208	-0.005848	-0.001246	-0.024831
106.549887	-0.005752	-0.006999	-0.024160
106.649547	-0.005369	-0.015915	-0.023585
106.749233	-0.004794	-0.023681	-0.022818
106.848908	-0.004218	-0.027995	-0.023106
106.948598	-0.003835	-0.026557	-0.023010
107.048259	-0.003451	-0.024064	-0.023585
107.147969	-0.003164	-0.022243	-0.023873
107.247648	-0.003068	-0.021572	-0.023489
107.347315	-0.003164	-0.018695	-0.023777
107.447000	-0.003260	-0.013422	-0.024544
107.546644	-0.003739	-0.004410	-0.025598
107.646313	-0.004218	0.001342	-0.027036
107.746042	-0.004698	-0.001150	-0.026845
107.845703	-0.005081	-0.002876	-0.027324
107.945361	-0.005561	-0.001055	-0.026845
108.045083	-0.005848	-0.003643	-0.026269
108.144722	-0.005848	-0.004410	-0.025502
108.344162	-0.005752	-0.003068	-0.024160
108.443780	-0.005657	-0.001630	-0.022914
108.543433	-0.005177	0.002493	-0.022722
108.643176	-0.004698	0.001246	-0.022914
108.742850	-0.004027	0.000000	-0.023201
108.842506	-0.003643	-0.001342	-0.023393
108.942234	-0.003356	-0.003451	-0.023585
109.041938	-0.003260	-0.001246	-0.023873
109.141589	-0.003260	-0.000288	-0.024448
109.241272	-0.003356	0.000096	-0.025119
109.340968	-0.003643	0.001246	-0.025502
109.440634	-0.004123	0.000767	-0.025215
109.540319	-0.004506	0.000288	-0.024735
109.640017	-0.004890	-0.000959	-0.024064
109.739659	-0.005273	-0.002493	-0.023393
109.839379	-0.005561	-0.004410	-0.022530
109.939054	-0.005465	-0.006903	-0.022147
110.038746	-0.005561	-0.005944	-0.021859
110.138413	-0.005657	-0.002205	-0.020996
110.238064	-0.005273	0.003164	-0.020613
110.337788	-0.004698	0.000863	-0.020613
110.437467	-0.003739	0.000479	-0.020805
110.537141	-0.003356	0.000192	-0.021476
110.636811	-0.003068	-0.002013	-0.020900
110.736537	-0.002972	-0.002397	-0.020805
110.836193	-0.002876	0.002013	-0.021092
110.935899	-0.003164	0.002972	-0.020996
111.035564	-0.003451	0.002972	-0.021092
111.135254	-0.003931	0.002589	-0.020517
111.234926	-0.004218	0.001630	-0.020421
111.334599	-0.004602	0.000000	-0.020133
111.434257	-0.004698	-0.000671	-0.020133
111.533966	-0.004985	-0.001342	-0.019462
111.633628	-0.004985	-0.000288	-0.018983
111.733311	-0.005081	0.000767	-0.018695
111.832974	-0.004985	0.003739	-0.017545
111.932678	-0.004410	0.004218	-0.016970
112.032312	-0.003835	0.003260	-0.016778
112.131993	-0.003068	0.001342	-0.016490
112.231724	-0.002876	0.000383	-0.016394
112.331341	-0.002589	0.000288	-0.016394
112.431015	-0.002684	0.003260	-0.016299
112.530674	-0.002589	0.003356	-0.016586
112.630296	-0.002780	0.004602	-0.016970
112.729980	-0.003068	0.003835	-0.018024
112.829633	-0.003451	0.000863	-0.017737
112.929315	-0.003931	0.000959	-0.017641
113.028980	-0.004602	0.005465	-0.017353
113.128642	-0.004985	0.007670	-0.016682
113.228287	-0.004985	0.003164	-0.016107
113.327950	-0.004985	0.003931	-0.015052
113.427633	-0.005273	0.006903	-0.014189
113.527266	-0.006711	0.000383	-0.012655
113.626923	-0.005752	-0.009875	-0.012464
113.726551	-0.004794	-0.015819	-0.012464
113.826209	-0.004027	-0.018120	-0.012368
113.925875	-0.003739	-0.019654	-0.012080
114.025507	-0.003356	-0.020517	-0.012464
114.125163	-0.003164	-0.020229	-0.013135
114.224830	-0.003164	-0.018024	-0.013998
114.324510	-0.003547	-0.013902	-0.014765
114.424173	-0.004314	-0.007670	-0.014765
114.523827	-0.004985	0.000959	-0.014669
114.623487	-0.005561	0.003835	-0.013422
114.723152	-0.005369	-0.005752	-0.013326
114.822793	-0.005081	-0.024831	-0.011313
114.922474	-0.004698	-0.028187	-0.009779
115.022129	-0.004985	-0.018695	-0.009492
115.121783	-0.004985	-0.010930	-0.008341
115.221443	-0.004410	-0.003835	-0.008149
115.321098	-0.003835	0.001726	-0.008725
115.620081	-0.002493	0.001630	-0.011409
115.719759	-0.001726	-0.000479	-0.019654
115.819432	-0.001055	-0.001438	-0.032214
115.919082	-0.000959	-0.002493	-0.045157
116.018743	-0.001246	-0.001246	-0.058004
116.118413	-0.001534	0.001630	-0.069988
116.218088	-0.001917	0.003164	-0.082260
116.317740	-0.002397	0.001917	-0.094436
116.417446	-0.002684	0.000767	-0.106516
116.517097	-0.002684	0.000096	-0.118500
116.616740	-0.002684	0.000383	-0.130388
116.716438	-0.002301	0.001726	-0.142756
116.816097	-0.002589	0.004027	-0.154836
116.915774	-0.002684	0.005081	-0.166629
117.015442	-0.002493	0.005657	-0.178325
117.115099	-0.001726	0.005177	-0.190501
117.214759	-0.001150	0.003931	-0.203252
117.314469	-0.000671	0.001438	-0.215716
117.414099	-0.000671	0.000863	-0.228276
117.513758	-0.000863	0.001055	-0.239972
117.613421	-0.000767	0.001150	-0.252340
117.713100	-0.000863	0.002109	-0.264899
117.812738	-0.000863	0.000863	-0.277555
117.912417	-0.001055	-0.000959	-0.289922
118.012069	-0.001150	-0.002972	-0.302194
118.111746	-0.001150	-0.002876	-0.313699
118.211379	-0.001150	-0.000575	-0.325492
118.311115	-0.001246	0.001342	-0.337092
118.410725	-0.001342	0.002013	-0.349077
118.510387	-0.001342	0.004123	-0.360390
118.610049	-0.000959	0.003451	-0.372182
118.709712	-0.000575	0.004218	-0.383399
118.809369	-0.000767	0.001342	-0.394712
118.909029	-0.000767	-0.000096	-0.406313
119.008726	-0.000863	0.004698	-0.418297
119.108403	-0.000479	0.008341	-0.430377
119.208054	-0.001342	0.001630	-0.442937
119.307781	-0.001055	-0.004506	-0.454729
119.407384	-0.001150	-0.004985	-0.467001
119.507057	-0.001438	-0.001246	-0.478410
119.606731	-0.001150	-0.004314	-0.489436
119.706386	-0.000671	-0.007574	-0.500653
119.806063	-0.000192	-0.007095	-0.512062
119.905756	-0.000288	0.002013	-0.523279
120.005392	-0.000959	0.003068	-0.528073
120.105079	-0.001055	-0.010834	-0.530566
120.204731	-0.000863	-0.026941	-0.535168
120.304407	-0.000479	-0.021572	-0.542742
120.404087	-0.001822	0.004506	-0.546481
120.503729	-0.002589	0.003739	-0.550507
120.603404	-0.002205	-0.018983	-0.555205
120.703061	-0.001438	-0.036816	-0.564984
120.802720	-0.002013	-0.015627	-0.577352
120.902373	-0.002780	-0.000863	-0.585597
121.002036	-0.002876	-0.004602	-0.597965
121.101681	-0.003547	-0.002301	-0.603621
121.201364	-0.004027	-0.003643	-0.606689
121.301005	-0.003931	-0.003643	-0.609374
121.400698	-0.003164	-0.004218	-0.613401
121.500338	-0.002397	-0.004890	-0.616756
121.599986	-0.002109	-0.006424	-0.620399
121.699667	-0.001822	-0.005081	-0.624905
121.799302	-0.001822	-0.002972	-0.629220
121.898964	-0.001534	-0.001822	-0.633918
121.998631	-0.001342	-0.000479	-0.638615
122.098306	-0.001438	-0.001534	-0.644272
122.197946	-0.001534	0.000000	-0.655681
122.297614	-0.001726	-0.006999	-0.668816
122.397280	-0.001150	-0.016299	-0.682526
122.496986	0.000096	-0.023489	-0.696044
122.596602	0.000096	-0.029913	-0.709178
122.696285	-0.000096	-0.033556	-0.723272
122.795939	-0.000096	-0.035761	-0.736311
122.895589	0.000288	-0.034898	-0.750596
122.995342	0.000767	-0.035953	-0.764210
123.094987	0.001534	-0.030104	-0.779646
123.194551	0.002013	-0.021763	-0.793739
123.294231	0.002109	-0.011505	-0.808312
123.393886	0.002205	0.003547	-0.823460
123.493550	0.001726	0.001438	-0.837937
123.593179	0.002013	-0.006519	-0.852510
123.692859	0.001917	-0.006615	-0.866412
123.792503	0.001534	-0.000959	-0.880026
123.892174	0.000863	0.000575	-0.893736
123.991809	0.000383	-0.001822	-0.907829
124.091496	-0.000288	-0.000288	-0.921347
124.191114	-0.000479	0.002397	-0.935345
124.290779	-0.000383	0.001055	-0.949055
124.390436	0.000000	0.001055	-0.963340
124.490119	0.000192	0.000192	-0.977242
124.589742	0.000096	0.001055	-0.991623
124.689395	-0.000192	0.002397	-1.005812
124.789064	-0.000479	0.003835	-1.020097
124.888745	-0.000383	0.005177	-1.034478
124.988379	-0.000096	0.004218	-1.049339
125.088057	0.000000	0.001246	-1.064487
125.187710	0.000288	-0.000959	-1.078484
125.287384	0.000383	-0.002301	-1.092865
125.387075	0.000288	-0.001726	-1.107630
125.486706	0.000000	-0.001246	-1.122107
125.586391	-0.000288	-0.002972	-1.136776
125.686019	-0.000575	-0.001150	-1.150773
125.785672	-0.000383	-0.001055	-1.164675
125.885364	-0.000192	-0.000959	-1.178577
125.985046	-0.000096	-0.001438	-1.192670
126.084691	-0.000383	-0.003260	-1.205997
126.184369	-0.000479	-0.002205	-1.220569
126.284033	-0.000671	-0.000863	-1.234759
126.383730	-0.000671	0.001342	-1.249427
126.483396	-0.000671	0.003068	-1.264288
126.583063	-0.000863	0.004506	-1.278861
126.682766	-0.001150	0.002684	-1.294009
126.782401	-0.001438	0.000959	-1.308677
126.882088	-0.001534	-0.001246	-1.324113
126.981756	-0.001726	-0.001917	-1.338878
127.081446	-0.001917	-0.001534	-1.353642
127.181118	-0.002205	-0.002109	-1.368311
127.280781	-0.002301	-0.002301	-1.382884
127.380485	-0.002109	0.000192	-1.397073
127.480159	-0.001726	0.010450	-1.411550
127.579834	-0.000767	0.016970	-1.424972
127.679510	0.000575	0.010738	-1.440024
127.779180	0.000863	0.008245	-1.454022
127.878875	0.000959	0.013518	-1.468307
127.978539	-0.000959	0.012847	-1.484702
128.078238	-0.001055	-0.004602	-1.498891
128.177907	-0.000096	-0.019558	-1.513847
128.277606	0.000096	-0.022914	-1.528708
128.377267	-0.000767	-0.013614	-1.544048
128.476958	-0.002013	-0.000383	-1.558333
128.576668	-0.002301	-0.002205	-1.572139
128.676343	-0.002589	-0.007670	-1.585561
128.776039	-0.002972	-0.009012	-1.598887
128.875738	-0.003547	-0.019367	-1.609433
128.975427	-0.003451	-0.030967	-1.622185
129.075110	-0.004027	-0.020996	-1.636086
129.174802	-0.003931	-0.023681	-1.649125
129.274458	-0.003643	-0.030584	-1.661781
129.374142	-0.003068	-0.030584	-1.673765
129.473826	0.002205	-0.034610	-1.686133
129.573474	0.002493	-0.035857	-1.698500
129.673197	0.002205	-0.029817	-1.712018
129.772835	0.001438	-0.026078	-1.726304
129.872532	0.001630	-0.023489	-1.739918
129.972207	0.002109	-0.019462	-1.753436
130.171561	0.000959	-0.001726	-1.767433
130.271259	0.000479	-0.000863	-1.767529
130.370937	0.000383	-0.010450	-1.768872
130.470610	0.000575	-0.016299	-1.770118
130.570296	0.000575	-0.019750	-1.771460
130.669963	0.000671	-0.020996	-1.773090
130.769630	0.000479	-0.018312	-1.774528
130.869344	0.000096	-0.013039	-1.776062
130.969051	-0.000575	-0.007478	-1.777117
131.068682	-0.001342	-0.002013	-1.777213
131.168340	-0.001822	-0.002205	-1.776829
131.268032	-0.002013	-0.002301	-1.776158
131.367717	-0.002013	-0.000959	-1.775199
131.467381	-0.002109	-0.001630	-1.774432
131.567083	-0.002109	-0.002972	-1.773474
131.666769	-0.002205	-0.001917	-1.771844
131.766437	-0.002205	-0.002972	-1.770406
131.866108	-0.002205	-0.000863	-1.769159
131.965818	-0.002397	0.004602	-1.767338
132.065495	-0.002301	0.005273	-1.765708
132.165174	-0.002109	0.004698	-1.764078
132.264858	-0.001917	0.009108	-1.762448
132.364547	-0.001534	0.008437	-1.760626
132.464234	-0.001246	0.006232	-1.759476
132.563930	-0.001438	0.005273	-1.758421
132.663626	-0.001630	0.001150	-1.756696
132.763308	-0.001534	-0.006232	-1.755449
132.862967	-0.001342	-0.013231	-1.753915
132.962682	-0.001150	-0.015627	-1.752381
133.062365	-0.000288	-0.023201	-1.749984
133.162059	-0.000288	-0.025886	-1.748163
133.261768	-0.001246	-0.016778	-1.745478
133.361442	-0.002301	-0.007478	-1.743369
133.461145	-0.002876	-0.000767	-1.741068
133.560837	-0.002972	-0.002013	-1.738096
133.660537	-0.002684	-0.006136	-1.735603
133.760206	-0.002684	-0.005944	-1.733302
133.859960	-0.002876	-0.002205	-1.730139
133.959588	-0.002972	-0.000575	-1.726975
134.059263	-0.002876	-0.002493	-1.723907
134.159005	-0.002301	-0.004314	-1.721031
134.258616	-0.001822	0.000192	-1.718921
134.358299	-0.001342	0.005944	-1.717867
134.458016	-0.001342	0.005273	-1.715949
134.557638	-0.001342	0.001342	-1.715182
134.657338	-0.001342	0.002684	-1.714032
134.756993	-0.001246	0.000288	-1.712306
134.856660	-0.001055	-0.001630	-1.710964
134.956333	-0.001438	0.000288	-1.709622
135.056036	-0.002397	0.000192	-1.707896
135.155705	-0.003068	0.001150	-1.705883
135.255409	-0.003451	0.001822	-1.703677
135.355100	-0.003451	0.002684	-1.701760
135.454805	-0.003356	0.002876	-1.699842
135.654222	-0.003451	-0.001726	-1.695528
135.753857	-0.003356	-0.004314	-1.693611
135.853542	-0.003068	-0.002780	-1.692077
135.953286	-0.002397	0.002013	-1.690830
136.052898	-0.001630	0.002493	-1.691022
136.152575	-0.000383	0.001630	-1.690447
136.252335	-0.000383	0.004602	-1.689584
136.351961	0.000383	0.001438	-1.688433
136.451627	0.000767	-0.006136	-1.687379
136.551362	0.001055	-0.010354	-1.686516
136.650986	0.000959	-0.011409	-1.685941
136.750684	0.000288	-0.009492	-1.685366
136.850412	-0.000671	-0.004218	-1.684790
136.950055	-0.001055	0.000863	-1.684599
137.049728	-0.001246	-0.001150	-1.683640
137.149458	-0.000959	-0.002397	-1.682969
137.249109	-0.001150	-0.000575	-1.682106
137.348759	-0.001246	-0.001438	-1.680188
137.448495	-0.001150	-0.001726	-1.679230
137.548141	-0.000863	0.001726	-1.678079
137.647808	-0.000096	0.003739	-1.676641
137.747467	0.000575	0.005273	-1.677024
137.847169	0.000863	0.006232	-1.676449
137.946845	0.000767	0.005177	-1.676449
138.046507	0.000671	0.002780	-1.676545
138.146178	0.000671	0.001342	-1.676545
138.245872	0.000863	0.000575	-1.676833
138.345557	0.000383	0.001630	-1.677024
138.544890	-0.001150	0.002493	-1.677696
138.644554	-0.001534	0.003356	-1.677216
138.744242	-0.001534	0.001917	-1.676353
138.843937	-0.001630	0.005273	-1.675491
138.943606	-0.002013	0.004506	-1.674724
139.043290	-0.002109	0.002972	-1.673477
139.142963	-0.002109	0.005657	-1.672423
139.242661	-0.001726	0.007191	-1.671176
139.342321	-0.001342	0.006999	-1.671080
139.442025	-0.000863	0.008820	-1.671751
139.541699	-0.000192	0.007191	-1.671656
139.641371	-0.000192	0.004698	-1.672135
139.741075	-0.000383	0.002589	-1.672518
139.840730	-0.000383	0.000959	-1.672806
139.940444	-0.000383	0.001822	-1.673573
140.040121	-0.000959	0.002780	-1.673573
140.139817	-0.001726	0.002589	-1.673477
140.239474	-0.002589	0.003356	-1.672998
140.339161	-0.002780	0.002397	-1.672327
140.438825	-0.002876	0.001630	-1.671560
140.538481	-0.002684	0.001342	-1.670793
140.638175	-0.002876	0.000671	-1.669450
140.737830	-0.002972	0.001917	-1.668683
140.837512	-0.002589	0.004890	-1.668492
140.937208	-0.001917	0.005465	-1.668396
141.036836	-0.001150	0.007286	-1.668779
141.136513	-0.000767	0.008820	-1.669355
141.236185	-0.000575	0.006040	-1.669546
141.335827	-0.000575	0.004794	-1.670026
141.435503	-0.000383	0.002109	-1.669930
141.535141	-0.000288	0.002972	-1.670217
141.634858	-0.000671	0.001438	-1.669642
141.734530	-0.001438	0.005081	-1.669738
141.834207	-0.002109	0.004027	-1.668875
141.933878	-0.002301	0.003164	-1.668396
142.033547	-0.002301	0.001055	-1.667725
142.133226	-0.002301	0.001630	-1.666958
142.232886	-0.002493	0.001150	-1.665903
142.332549	-0.002589	0.003547	-1.665328
142.432239	-0.002109	0.004218	-1.664561
142.531883	-0.001438	0.008245	-1.663794
142.631573	-0.000575	0.008053	-1.664561
142.731297	-0.000575	0.007478	-1.664082
142.830889	-0.000671	0.005944	-1.664465
142.930557	-0.000767	0.003260	-1.664273
143.030219	-0.000575	0.002684	-1.664177
143.129895	-0.000575	0.004890	-1.664273
143.229550	-0.001150	0.003547	-1.664369
143.329236	-0.002109	0.004410	-1.664369
143.428910	-0.002780	0.005177	-1.664465
143.528571	-0.002972	-0.000192	-1.664082
143.628254	-0.002972	-0.001150	-1.663315
143.727937	-0.003260	0.002301	-1.662931
143.827644	-0.003356	0.003739	-1.661397
143.927280	-0.003356	0.004794	-1.660342
144.026967	-0.002684	0.007766	-1.659384
144.126642	-0.001630	0.009587	-1.659000
144.226296	-0.001055	0.008725	-1.659480
144.325999	-0.000671	0.007766	-1.659000
144.425650	-0.000575	0.005273	-1.659096
144.525328	-0.000192	0.004027	-1.659096
144.624986	0.000192	0.005273	-1.659480
144.724660	0.000192	0.005657	-1.659863
144.824353	-0.000383	0.007766	-1.660247
144.923991	-0.001055	0.009779	-1.660151
145.023678	-0.001055	0.006040	-1.659959
145.123353	-0.001055	0.005081	-1.659192
145.222980	-0.001150	0.004027	-1.658425
145.322693	-0.002205	0.002397	-1.657370
145.422376	-0.003164	0.001822	-1.656412
145.522035	-0.002684	0.005848	-1.655165
145.621734	-0.001917	0.008916	-1.654207
145.721378	-0.001150	0.007191	-1.655261
145.821045	-0.000767	0.006711	-1.655069
145.920776	-0.000767	0.004314	-1.655645
146.020414	-0.000575	0.003835	-1.656316
146.120065	-0.000767	0.005177	-1.656891
146.219831	-0.001246	0.005465	-1.657179
146.319450	-0.002205	0.006424	-1.657754
146.419163	-0.002972	0.004314	-1.657370
146.518780	-0.003356	0.002589	-1.656891
146.618465	-0.003643	0.001438	-1.656220
146.718140	-0.004027	0.001822	-1.655549
146.817834	-0.004410	0.004314	-1.654111
147.017170	-0.004218	0.008341	-1.652289
147.116845	-0.003643	0.010354	-1.651522
147.216530	-0.002972	0.008725	-1.652673
147.316158	-0.002684	0.008341	-1.652577
147.415832	-0.002684	0.005465	-1.653344
147.515494	-0.002684	0.005848	-1.653823
147.615181	-0.002780	0.006807	-1.654015
147.714854	-0.003068	0.003643	-1.654207
147.814483	-0.003931	0.004698	-1.654207
147.914197	-0.004506	0.003643	-1.654015
148.013832	-0.004602	-0.002013	-1.653056
148.113511	-0.004123	-0.002684	-1.651522
148.213235	-0.004314	0.000671	-1.650947
148.312886	-0.004506	0.005561	-1.649892
148.412547	-0.004314	0.006807	-1.648742
148.512216	-0.003451	0.009396	-1.648071
148.611917	-0.002301	0.010067	-1.647399
148.711592	-0.001438	0.008053	-1.648550
148.811250	-0.000959	0.007382	-1.648550
148.910922	-0.000863	0.005081	-1.648933
149.010597	-0.000767	0.006999	-1.648933
149.110281	-0.000863	0.007095	-1.649029
149.209904	-0.001342	0.008916	-1.649029
149.309606	-0.002205	0.007478	-1.649029
149.409303	-0.002876	0.005369	-1.648358
149.508948	-0.003260	0.003451	-1.647208
149.608610	-0.003643	0.003260	-1.646345
149.708365	-0.004410	0.005273	-1.645770
149.807989	-0.004794	0.007478	-1.645003
149.907613	-0.004794	0.008820	-1.643660
150.007293	-0.004123	0.010738	-1.643373
150.106987	-0.003164	0.010834	-1.642606
150.206646	-0.002780	0.008053	-1.642606
150.306321	-0.002589	0.007382	-1.642031
150.405991	-0.002589	0.007191	-1.641551
150.505630	-0.002397	0.007095	-1.641264
150.605351	-0.002397	0.008245	-1.640592
150.704999	-0.002684	0.009683	-1.640401
150.804677	-0.003164	0.005752	-1.639346
150.904339	-0.003643	0.002109	-1.638675
151.004015	-0.004794	0.002684	-1.637812
151.103705	-0.005177	0.005177	-1.637237
151.203371	-0.005369	0.004410	-1.635224
151.303049	-0.005273	0.008245	-1.634457
151.402740	-0.004985	0.009396	-1.632156
151.502400	-0.003931	0.008533	-1.631389
151.602047	-0.003068	0.008820	-1.631101
151.701721	-0.002684	0.007766	-1.630717
151.801392	-0.002589	0.008437	-1.630334
151.901083	-0.002493	0.008629	-1.629759
152.000757	-0.002493	0.009108	-1.629471
152.100435	-0.002972	0.010834	-1.628992
152.200112	-0.003835	0.006903	-1.628704
152.299766	-0.004410	0.005465	-1.628225
152.399436	-0.004698	0.004123	-1.627745
152.499096	-0.005081	0.003739	-1.626787
152.598778	-0.005752	0.006999	-1.624965
152.698433	-0.005752	0.009300	-1.623239
152.798115	-0.005561	0.011025	-1.621226
152.897811	-0.004698	0.013614	-1.619500
152.997455	-0.004027	0.012847	-1.618350
153.097128	-0.003931	0.013998	-1.615857
153.196875	-0.003356	0.009300	-1.618829
153.296485	-0.002589	-0.003356	-1.621034
153.396138	-0.002109	-0.027708	-1.621034
153.495804	-0.002013	-0.027803	-1.625253
153.595481	-0.003451	-0.029433	-1.626116
153.695145	-0.004218	-0.030104	-1.626691
153.794828	-0.004602	-0.028858	-1.625924
153.894482	-0.004698	-0.025982	-1.625349
153.994167	-0.005081	-0.022530	-1.624773
154.093802	-0.005081	-0.017737	-1.624198
154.193460	-0.005081	-0.010450	-1.623431
