0.0	0.06257777777777776	0.16923076923076924	2.220446049250313e-16
0.1	0.06257777777777776	0.16923076923076924	2.220446049250313e-16
0.2	0.06257777777777776	0.16923076923076924	2.220446049250313e-16
0.3	0.06257777777777776	0.16923076923076924	2.220446049250313e-16
0.4	0.06257777777777776	0.16923076923076924	2.220446049250313e-16
0.5	0.06257777777777776	0.16923076923076924	2.220446049250313e-16
0.6	0.06257777777777776	0.16923076923076924	2.220446049250313e-16
0.7	0.06257777777777776	0.16923076923076924	2.220446049250313e-16
0.8	0.06257777777777776	0.16923076923076924	2.220446049250313e-16
0.9	0.06257777777777776	0.16923076923076924	2.220446049250313e-16
1.0	0.06257777777777776	0.16923076923076924	2.220446049250313e-16
1.1	0.02542222222222221	0.16584615384615384	-0.0021092235833426454
1.2	0.02542222222222221	0.16584615384615384	-0.0021092235833426454
1.3	0.052799999999999986	0.17261538461538461	-0.01016262271974222
1.4	0.06257777777777776	0.17261538461538461	-0.01016262271974222
1.5	0.135593329857878	0.16890252702940292	-0.012655341500056094
1.6	0.135593329857878	0.16890252702940292	-0.012655341500056094
1.7	0.2053333333333333	0.17938461538461542	-0.012847089098542597
1.8	0.20728888888888888	0.17938461538461542	-0.013134710496270685
1.9	0.21978513339908015	0.16527391935811828	-0.013134710496270685
2.0	0.21978513339908015	0.16527391935811828	-0.013134710496270685
2.1	0.2487430807908191	0.1694210971304536	-0.013518205693241914
2.2	0.2487430807908191	0.1694210971304536	-0.013518205693241914
2.3	0.2994302732553877	0.16452690245505092	-0.016298545871284764
2.4	0.2994302732553877	0.16452690245505092	-0.016298545871284764
2.5	0.3837835483578811	0.14868362583549075	-0.02166747862888463
2.6	0.3837835483578811	0.14868362583549075	-0.02166747862888463
2.7	0.4305554838413553	0.16588024148234154	-0.026077673394055756
2.8	0.4305554838413553	0.16588024148234154	-0.026077673394055756
2.9	0.4757732952323753	0.15651557844485622	-0.02761165418194156
3.0	0.4757732952323753	0.15651557844485622	-0.02761165418194156
3.1	0.5559588300707909	0.15373541694583573	-0.027324032784213026
3.2	0.5559588300707909	0.15373541694583573	-0.027324032784213026
3.3	0.5968185815016338	0.1700161455442734	-0.027228158984969886
3.4	0.5968185815016338	0.1700161455442734	-0.027228158984969886
3.5	0.6553813868997592	0.1649242445483304	-0.028378644575884016
3.6	0.6553813868997592	0.1649242445483304	-0.028378644575884016
3.7	0.6867650111580386	0.1402854464505744	-0.031158984753927088
3.8	0.709761749109392	0.11321767463138613	-0.032692965541812447
3.9	0.7254651979736816	0.1096437967310328	-0.032692965541812447
4.0	0.7335755657514761	0.13790316310244158	-0.03393932493196927
4.1	0.7649483890012786	0.17156837175768153	-0.03624029611379842
4.2	0.7649483890012786	0.17156837175768153	-0.03624029611379842
4.3	0.802295185099895	0.1462832060628245	-0.03767840310244086
4.4	0.802295185099895	0.1462832060628245	-0.03767840310244086
4.5	2.6666037563027913	0.11031922053019727	-0.036815538909255485
4.6	2.6666037563027913	0.11031922053019727	-0.036815538909255485
4.7	0.9552	0.14215384615384596	-0.035952674716069444
4.8	0.9552	0.14215384615384596	-0.035952674716069444
4.9	0.9887872581535992	0.10689547318518985	-0.03643204371228359
5.0	0.9887872581535992	0.10689547318518985	-0.03643204371228359
5.1	1.0608575362537724	0.16787972515343166	-0.039404131488812055
5.2	1.1507420192210516	0.1637749513469381	-0.041896850269126595
5.3	1.1840000000000002	0.14215384615384602	-0.04218447166685446
5.4	1.1393157043826638	0.11677800708989683	-0.041321607473669086
5.5	1.2897317671378614	0.16903327342521424	-0.040746364678212244
5.6	1.2837333333333334	0.1455384615384614	-0.041033986075940776
5.7	1.293511111111111	0.14892307692307682	-0.04141748127291223
5.8	1.2995070206409673	0.12927430965777287	-0.04237621926534074
5.9	1.3424	0.14892307692307682	-0.0434308310570124
6.0	1.356088888888889	0.14892307692307682	-0.04381432625398385
6.1	1.3718945624700507	0.16619477804900987	-0.044101947651711715
6.2	1.3894393528695437	0.1651112093011533	-0.044581316647926084
6.3	1.4168601824485045	0.16438489173502918	-0.04525243324262629
6.4	1.4186666666666667	0.14892307692307685	-0.046115297435811886
6.5	1.434311111111111	0.15230769230769223	-0.04592354983732605
6.6	1.4525595906911608	0.18382988746873496	-0.046115297435811664
6.7	1.4619167339132644	0.1693424064211502	-0.04601942363656897
6.8	1.4714666666666667	0.1556923076923076	-0.04669054023126917
6.9	1.5034399853598193	0.18312224461705887	-0.04678641403051165
7.0	1.520910389166136	0.1811975244473759	-0.04688228782975501
7.1	1.5340444444444445	0.159076923076923	-0.046498792632783115
7.2	1.5561628789851127	0.18181227431827454	-0.046211171235054804
7.3	1.5711257691159113	0.15011508176797903	-0.046115297435811886
7.4	1.5868444444444445	0.159076923076923	-0.045731802238840435
7.5	1.6064	0.15569230769230763	-0.045827676038083354
7.6	1.6064	0.15569230769230763	-0.045827676038083354
7.7	1.6122666666666667	0.15569230769230763	-0.045827676038083354
7.8	1.6592	0.15569230769230766	-0.04678641403051165
7.9	1.6826666666666668	0.15569230769230766	-0.04764927822369747
8.0	1.7002666666666668	0.15569230769230766	-0.048128647219911835
8.1	1.7159111111111112	0.15569230769230766	-0.04927913281082619
8.2	1.7296	0.15569230769230766	-0.05071723979946885
8.3	1.7418648173811175	0.16404854147623768	-0.05062136600022593
8.4	1.7551636619269355	0.16422612201180578	-0.051196608795682774
8.5	1.7667555555555556	0.16246153846153844	-0.050908987397954686
8.6	1.7902222222222222	0.16246153846153844	-0.051196608795682774
8.7	1.8058666666666667	0.16246153846153844	-0.050525492200983235
8.8	1.829598198792693	0.16469965457224311	-0.04966262800779764
8.9	1.8430222222222223	0.16584615384615384	-0.04918325901158327
9.0	1.8625777777777779	0.16584615384615387	-0.04793689962142578
9.1	1.874311111111111	0.16246153846153846	-0.04745753062521163
9.2	1.9018432646630297	0.15502069732791157	-0.04745753062521163
9.3	1.9134222222222221	0.1556923076923077	-0.047841025822183525
9.4	1.9408	0.1556923076923077	-0.04879976381461204
9.5	1.9564444444444444	0.1556923076923077	-0.04918325901158327
9.6	1.9818666666666667	0.15569230769230774	-0.0502378708032547
9.7	1.9994666666666667	0.15569230769230774	-0.05100486119719716
9.8	2.0229646458117565	0.14696204982510652	-0.05215534678811151
9.9	2.0288	0.15569230769230774	-0.05273058958356858
10.0	2.0464	0.15907692307692312	-0.052347094386597126
10.1	2.058290886852978	0.15210914108368173	-0.05253884198508296
10.2	2.085747930773091	0.14302248302208234	-0.05225122058735443
10.3	2.1031594963598574	0.14268991044972734	-0.05244296818584049
10.4	2.1248072690860194	0.15281735746741332	-0.0518677253903832
10.5	2.140447484730699	0.15218783179298523	-0.051292482594925914
10.6	2.163906028138359	0.15495998450946602	-0.05062136600022571
10.7	2.1755912234899633	0.15482673316039755	-0.050525492200983235
10.8	2.2010071709441714	0.1538491967198511	-0.05033374460249762
10.9	2.2146492350477973	0.14993905095766522	-0.050429618401740095
11.0	2.2420202553830983	0.1488863194063075	-0.0503337446024974
11.1	2.2596044221989446	0.12902687995560033	-0.05071723979946863
11.2	2.28307678588605	0.14730722207927094	-0.051196608795682774
11.3	2.3026275146969795	0.14655527097115828	-0.05158010399265445
11.4	2.3260883892700943	0.14565292964142307	-0.05186772539038298
11.5	2.337818826556652	0.14520175897655546	-0.05225122058735465
11.6	2.345291549568829	0.18685985036599687	-0.05311408478054003
11.7	2.361281880376019	0.14815228747561884	-0.05292233718205441
11.8	2.3887376135931166	0.15001424606847652	-0.05301821098129733
11.9	2.4062915359354777	0.1498441954259362	-0.05320995857978317
12.0	2.4316444444444443	0.17261538461538475	-0.05359345377675462
12.1	2.451260643765513	0.1520572392581718	-0.05378520137524023
12.2	2.470755555555556	0.17600000000000013	-0.052059472988868816
12.3	2.4824888888888887	0.17600000000000013	-0.051963599189625675
12.4	2.509954000439272	0.14932926691931786	-0.051675977791897365
12.5	2.521161216739144	0.2003949703120248	-0.05138835639416861
12.6	2.554840038436957	0.1448575593690538	-0.05129248259492569
12.7	2.5681264119493985	0.1988158729849882	-0.05138835639416839
12.8	2.5998458054517877	0.14256163511804823	-0.051580103992654225
12.9	2.6150481610956287	0.2006205556444586	-0.051963599189625675
13.0	2.640464108549837	0.20159809208500507	-0.05282646338281172
13.1	2.6584610312588715	0.14104172902782133	-0.053401706178269226
13.2	4.464402889827219	0.13941173544408803	-0.05455219176918291
13.3	4.464402889827219	0.13941173544408803	-0.05455219176918291
13.4	2.7465170695292898	0.0986781494665997	-0.05589442495858288
13.5	2.761066666666667	0.06430769230769212	-0.05608617255706827
13.6	2.7904	0.06430769230769214	-0.0551274345646402
13.7	2.7973628214540516	0.09928205459142483	-0.05426457037145438
13.8	2.7973628214540516	0.09928205459142483	-0.05301821098129733
13.9	2.7973628214540516	0.09928205459142483	-0.05301821098129733
14.0	2.7369339816166685	0.03376051275417134	-0.05062136600022593
14.1	2.7369339816166685	0.03376051275417134	-0.05062136600022593
14.2	2.8834875121114547	0.04692174914623033	-0.048320394818397894
14.3	2.8764444444444446	0.0744615384615383	-0.047265783026725794
14.4	2.8579994648186777	0.10239721160181832	-0.046115297435811664
14.5	2.8541179728310366	0.10316769203305735	-0.0463070450342975
14.6	2.9049217119741466	0.10063174243626971	-0.04640291883354086
14.7	2.9049217119741466	0.10063174243626971	-0.04640291883354086
14.8	2.9049217119741466	0.10063174243626971	-0.04640291883354086
14.9	3.028147670068293	0.051986575448336896	-0.048224521019154754
15.0	3.0281629053123313	0.09985910715736167	-0.048512142416883286
15.1	3.0211555555555556	0.07784615384615372	-0.04755340442445455
15.2	3.022341132733077	0.10346847247630245	-0.04755340442445455
15.3	3.039936788662913	0.10279171647900105	-0.04697816162899726
15.4	3.067307808998214	0.10173898492764334	-0.0463070450342975
15.5	3.0867281996170703	0.061509600643615985	-0.044773064246412586
15.6	3.1081905552450686	0.0657205268490469	-0.043718452454740264
15.7	3.1502222222222223	0.0879999999999999	-0.04323908345852612
15.8	3.167822222222222	0.0879999999999999	-0.04275971446231219
15.9	3.2234981809488628	0.06948389631499788	-0.04199272406836907
16.0	3.2293632618156174	0.06971996844290841	-0.04199272406836885
16.1	3.252845201728327	0.07098167032369085	-0.04180097646988301
16.2	3.2704406580339183	0.07167379928676042	-0.04180097646988301
16.3	3.295856317141994	0.07267354112230538	-0.04256796686382658
16.4	3.311474393950185	0.07302497823365578	-0.04256796686382658
16.5	3.3349347174172044	0.07396926674529788	-0.042280345466098046
16.6	3.349688888888889	0.08799999999999994	-0.04208859786761243
16.7	3.371989298087012	0.08223179122216627	-0.04132160747366953
16.8	3.3803549948271896	0.10363566415272063	-0.04132160747366953
16.9	3.397950237427454	0.10292744776898906	-0.0416092288713974
17.0	3.4122666666666666	0.09476923076923073	-0.041129859875183694
17.1	3.4357333333333333	0.0981538461538461	-0.03978762668578373
17.2	3.450127590609196	0.09228386174261005	-0.03978762668578373
17.3	3.478755555555556	0.10153846153846151	-0.039020636291840605
17.4	3.5159111111111114	0.09815384615384613	-0.03873301489411207
17.5	3.5296000000000003	0.09815384615384613	-0.03815777209865545
17.6	3.546666443445531	0.09057828501453487	-0.038253645897897925
17.7	3.5628444444444445	0.09815384615384613	-0.037966024500169615
17.8	3.59148457145124	0.09850559516275896	-0.037966024500169615
17.9	3.602637013102882	0.09490099542003116	-0.038733014894112294
18.0	3.6260973365699014	0.09584528393167327	-0.039116510091083745
18.1	3.6469333333333336	0.09815384615384616	-0.039595879087298114
18.2	3.656711111111111	0.10153846153846154	-0.039883500485026646
18.3	3.669048836108304	0.10428076376914942	-0.04036286948124079
18.4	3.6788240896114104	0.10466527985974362	-0.04017112188275496
18.5	3.711466666666667	0.10492307692307694	-0.040266995681997875
18.6	3.7159256199527446	0.10951018260123065	-0.03978762668578373
18.7	3.751072099593458	0.11427818212459886	-0.03921238389032666
18.8	3.779911111111111	0.11169230769230773	-0.03844539349638354
18.9	3.7994666666666665	0.11169230769230773	-0.03777427690168356
19.0	3.824888888888889	0.10830769230769234	-0.03729490790546919
19.1	3.831229178318928	0.11743121406747137	-0.03643204371228359
19.2	3.8444444444444446	0.10830769230769234	-0.03681553890925526
19.3	3.8679111111111113	0.10830769230769234	-0.0370072865077411
19.4	3.8816	0.10830769230769234	-0.037870150700926475
19.5	3.9172958421167303	0.1174312140674714	-0.03882888869335477
19.6	3.949393246883318	0.09489622984381824	-0.039212383890326885
19.7	3.9598222222222224	0.10830769230769237	-0.040362869481241015
19.8	3.975895345938133	0.12617739594130495	-0.04074636467821202
19.9	3.985633750697536	0.12689030989608893	-0.04074636467821202
20.0	4.005177993090503	0.1306891025899809	-0.04084223847745516
20.1	4.02273528103887	0.13173521263757598	-0.04045874328048327
20.2	4.04	0.11507692307692316	-0.04017112188275496
20.3	4.063466666666667	0.11846153846153855	-0.03978762668578373
20.4	4.0813423690870385	0.13742605077837028	-0.03892476249259813
20.5	4.108713078895735	0.13850269583203406	-0.03806189829941231
20.6	4.126352968171795	0.13581108319787463	-0.03767840310244108
20.7	4.145903475178008	0.13658011537906303	-0.03729490790546963
20.8	4.161244444444445	0.11507692307692319	-0.038253645897897925
20.9	4.185004489190431	0.1381181797414399	-0.03882888869335521
21.0	4.200355555555555	0.11507692307692319	-0.039883500485026646
21.1	4.2388055930676645	0.09106878445621448	-0.04045874328048371
21.2	4.256401435750965	0.09040673351913375	-0.041417481272912005
21.3	4.273022977800234	0.14099083277112437	-0.04151335507215492
21.4	4.284712074922114	0.14204024386550085	-0.042184471666854906
21.5	4.304260697833696	0.1455777345306116	-0.04170510267064054
21.6	4.31603179151104	0.14543052251206515	-0.04170510267064054
21.7	4.348977777777778	0.121846153846154	-0.04160922887139762
21.8	4.364906790850808	0.15004132888921864	-0.04141748127291245
21.9	4.386330312775575	0.15211970917119177	-0.04112985987518325
22.0	4.411787906431016	0.15515310161049242	-0.04036286948124057
22.1	4.436372413359058	0.09445980014522797	-0.04036286948124079
22.2	4.452845843679025	0.15396362347888334	-0.04055461707972663
22.3	4.452845843679025	0.15396362347888334	-0.04055461707972663
22.4	4.452845843679025	0.15396362347888334	-0.04055461707972663
22.5	4.552882273570729	0.009915029372241917	-0.04122573367442661
22.6	4.568888888888889	0.043999999999999824	-0.04208859786761199
22.7	4.599851067800297	0.009151482956142003	-0.04275971446231219
22.8	4.617777777777778	0.04061538461538444	-0.04208859786761221
22.9	4.630287652571332	0.07428850870280128	-0.042088597867611766
23.0	4.636152804673196	0.07405779904844474	-0.041129859875183694
23.1	4.658413722877996	0.01822606269416534	-0.04055461707972641
23.2	4.6714095063127035	0.07880447613020705	-0.040266995681997875
23.3	4.696000000000001	0.050769230769230615	-0.03997937428426912
23.4	4.716443182310072	0.08105599189725933	-0.03997937428426912
23.5	4.736013803516818	0.08309059744644925	-0.03882888869335521
23.6	4.757588112964054	0.08620850751122172	-0.037774276901684
23.7	4.779068852964887	0.08482008499510839	-0.0370072865077411
23.8	4.7966645088947235	0.084143328997807	-0.03652791751152673
23.9	4.802580134967764	0.08498596604778921	-0.03604854851531214
24.0	4.82794567499221	0.08294020722482674	-0.03547330571985552
24.1	4.855696111758865	0.03952825411308455	-0.03528155812136968
24.2	4.871336517363835	0.040143479858035284	-0.03499393672364115
24.3	4.9013333333333335	0.06092307692307681	-0.03566505331834113
24.4	4.919857321115616	0.07982554040735781	-0.035952674716069444
24.5	4.934577777777778	0.06092307692307682	-0.03585680091682675
24.6	4.949252622379788	0.08246786335007691	-0.03566505331834091
24.7	4.958044444444445	0.0643076923076922	-0.03633616991304067
24.8	4.974687606673948	0.08443973349448831	-0.035952674716069444
24.9	5.0030222222222225	0.06769230769230761	-0.036048548515312584
25.0	5.018666666666667	0.06769230769230761	-0.035952674716069444
25.1	5.041229820778587	0.08553680101291372	-0.034993936723640706
25.2	5.058852239066335	0.057038779890984034	-0.03451456772742634
25.3	5.07928888888889	0.07446153846153838	-0.0329805869395412
25.4	5.0949333333333335	0.0744615384615384	-0.0329805869395412
25.5	5.116444444444445	0.07107692307692301	-0.031254858553169784
25.6	5.131224961635051	0.0605228326595284	-0.030487868159226883
25.7	5.16055072214437	0.06167638093131103	-0.030391994359984187
25.8	5.174197327290325	0.061792011548566075	-0.030391994359983965
25.9	5.2064	0.07107692307692304	-0.031063110954683726
26.0	5.223047327647986	0.07821856504768741	-0.03154247995089832
26.1	5.236842132439066	0.061291864840716824	-0.03240534414408369
26.2	5.246484087030765	0.07713392777319829	-0.03240534414408369
26.3	5.253333333333334	0.07107692307692304	-0.03288471314029828
26.4	5.27194417910931	0.07951792753488239	-0.03240534414408347
26.5	5.279764381911796	0.07921031466240702	-0.03240534414408347
26.6	5.318865395924219	0.07128928319616627	-0.03192597514786977
26.7	5.318865395924219	0.07128928319616627	-0.03192597514786977
26.8	5.3472	0.07784615384615383	-0.030775489556955415
26.9	5.3472	0.07784615384615383	-0.030775489556955415
27.0	5.361832078367418	0.07636489559200983	-0.029145634969826695
27.1	5.361832078367418	0.07636489559200983	-0.029145634969826695
27.2	5.406798244481706	0.07813366960874321	-0.028474518375127156
27.3	5.406798244481706	0.07813366960874321	-0.028474518375127156
27.4	5.4352	0.07784615384615386	-0.02761165418194156
27.5	5.4352	0.07784615384615386	-0.02761165418194156
27.6	5.494887005960599	0.07404795745460141	-0.029337382568312753
27.7	5.494887005960599	0.07404795745460141	-0.029337382568312753
27.8	5.5260310400204995	0.0829400076058979	-0.029912625363769596
27.9	5.5408	0.07784615384615387	-0.029912625363769596
28.0	5.547536336531934	0.08380560540823649	-0.030391994359984187
28.1	5.547536336531934	0.08380560540823649	-0.030391994359984187
28.2	5.57097807036342	0.08797728152795498	-0.030296120560741047
28.3	5.57097807036342	0.08797728152795498	-0.030296120560741047
28.4	5.57097807036342	0.08797728152795498	-0.030296120560741047
28.5	5.613989185777087	0.08966915232656951	-0.0298167515645269
28.6	5.631584642082678	0.09036128128963909	-0.02943325636755545
28.7	5.655000817519664	0.09466786150429422	-0.028762139772855688
28.8	5.670975829192704	0.0771168951174382	-0.027995149378912787
28.9	5.700278014427233	0.0762110891557721	-0.027995149378912787
29.0	5.700278014427233	0.0762110891557721	-0.027995149378912787
29.1	5.7774222222222225	0.08461538461538469	-0.027611654181941336
29.2	5.7774222222222225	0.08461538461538469	-0.027611654181941336
29.3	5.8270897121448	0.09805160310152329	-0.028666265973612548
29.4	5.8270897121448	0.09805160310152329	-0.028666265973612548
29.5	5.852505371252875	0.09905134493706824	-0.029145634969826695
29.6	5.860325574055361	0.09935895780954361	-0.02933738256831253
29.7	5.887651850893589	0.10381934446043645	-0.02952913016679859
29.8	5.887651850893589	0.10381934446043645	-0.02952913016679859
29.9	5.913339584369345	0.06870617502593239	-0.029720877765284204
30.0	5.913339584369345	0.06870617502593239	-0.029720877765284204
30.1	5.965872100206446	0.10931196583355024	-0.029049761170584
30.2	5.965872100206446	0.10931196583355024	-0.029049761170584
30.3	6.012088888888889	0.09138461538461551	-0.028186896977398623
30.4	6.012088888888889	0.09138461538461551	-0.028186896977398623
30.5	6.0707555555555555	0.08800000000000013	-0.027228158984970108
30.6	6.0707555555555555	0.08800000000000013	-0.027228158984970108
30.7	6.122351882919529	0.11123505428687275	-0.02789927557967009
30.8	6.122351882919529	0.11123505428687275	-0.02789927557967009
30.9	6.1626666666666665	0.08461538461538476	-0.029529130166798367
31.0	6.17119943354709	0.11365207753219057	-0.029529130166798367
31.1	6.200415530022516	0.11950760095668023	-0.030008499163012514
31.2	6.210225647988933	0.1191842506358571	-0.030008499163012514
31.3	8.063003830155617	0.12387708644932617	-0.031254858553169784
31.4	8.063003830155617	0.12387708644932617	-0.031254858553169784
31.5	6.34986397602305	0.057139091062299585	-0.030391994359984187
31.6	6.34986397602305	0.057139091062299585	-0.030391994359984187
31.7	6.3870099393348525	0.05567792991804158	-0.028858013572098384
31.8	6.3870099393348525	0.05567792991804158	-0.028858013572098384
31.9	6.437217453925589	-0.005639633310844853	-0.029049761170584443
32.0	6.437217453925589	-0.005639633310844853	-0.029049761170584443
32.1	6.504298176779089	0.050455919354359634	-0.029816751564527344
32.2	6.504298176779089	0.050455919354359634	-0.029816751564527344
32.3	6.531625751050365	0.046019407816494926	-0.03087136335619811
32.4	6.531625751050365	0.046019407816494926	-0.03087136335619811
32.5	6.544791417469079	-0.005460128486437898	-0.03106311095468417
32.6	6.544791417469079	-0.005460128486437898	-0.03106311095468417
32.7	6.602065516403187	0.04721857592496895	-0.03240534414408347
32.8	6.602065516403187	0.04721857592496895	-0.03240534414408347
32.9	6.62294901252346	0.0009997418355448253	-0.032213596545597856
33.0	6.62294901252346	0.0009997418355448253	-0.032213596545597856
33.1	6.570799866947858	0.05075723850952209	-0.031158984753927088
33.2	6.570799866947858	0.05075723850952209	-0.031158984753927088
33.3	6.705832837668541	0.05374575445429634	-0.027707527981184255
33.4	6.705832837668541	0.05374575445429634	-0.027707527981184255
33.5	6.695197022505507	0.010612644100400057	-0.02540655679935555
33.6	6.695197022505507	0.010612644100400057	-0.02540655679935555
33.7	6.712795838031643	0.011730437286557639	-0.025310683000113077
33.8	6.712795838031643	0.011730437286557639	-0.025310683000113077
33.9	6.772230053616868	0.04692174914623016	-0.026077673394055756
34.0	6.917983936435389	0.026147094160406135	-0.02626942099254137
34.1	6.959466666666667	0.04738461538461533	-0.022626216621312922
34.2	7.060556565749326	0.04178476664016295	-0.020516993037970277
34.3	7.1185253882695765	0.05067681679145944	-0.020133497840998826
34.4	7.172007228604742	0.04629573730754272	-0.02042111923872758
34.5	7.177858183084422	0.04650620919837348	-0.020229371640241967
34.6	7.2	0.05076923076923077	-0.019941750242513212
34.7	7.211733333333333	0.05076923076923077	-0.020037624041755908
34.8	7.216928961748561	0.05144825292150513	-0.019654128844784458
34.9	7.232553472097647	0.05209324955892258	-0.019366507447055925
35.0	7.241066666666667	0.054153846153846164	-0.01917475984857031
35.1	7.248148221999173	0.056106475733401516	-0.01917475984857031
35.2	7.2606222222222225	0.057538461538461545	-0.018791264651599082
35.3	7.280177777777778	0.057538461538461545	-0.018695390852355942
35.4	7.292311573184566	0.06164355507933627	-0.01840776945462763
35.5	7.320502215911017	0.0589078650790328	-0.018311895655384935
35.6	7.334169408044911	0.059568866942755906	-0.01754490526144159
35.7	7.356444444444445	0.05753846153846157	-0.017065536265227665
35.8	7.3662222222222224	0.05753846153846157	-0.016586167269013297
35.9	7.384165400212992	0.0686982980729237	-0.01668204106825666
36.0	7.392820216712459	0.06192958822186116	-0.016586167269013297
36.1	7.413155555555556	0.0541538461538462	-0.01725728386371328
36.2	7.424888888888889	0.0541538461538462	-0.017736652859927426
36.3	7.444444444444445	0.0541538461538462	-0.018599517053113468
36.4	7.457355764954503	0.06429109034735175	-0.018887138450841556
36.5	7.478861322661336	0.065137025746659	-0.019654128844784458
36.6	7.491377777777778	0.057538461538461594	-0.01965412884478468
36.7	7.508121341348818	0.06995604057081904	-0.02032524543948444
36.8	7.519872954403914	0.07013573492438373	-0.019941750242513212
36.9	7.5344	0.06092307692307699	-0.019845876443270294
37.0	7.542222222222223	0.06092307692307699	-0.019462381246298843
37.1	7.56088458614649	0.07513444410210846	-0.018983012250084697
37.2	7.575466666666667	0.06430769230769239	-0.018503643253870328
37.3	7.599985600158915	0.0766725084644853	-0.017928400458413485
37.4	7.6175810564645055	0.07736463742755487	-0.017832526659170567
37.5	7.64104166487196	0.07828747604498099	-0.01725728386371328
37.6	7.6576	0.06092307692307702	-0.017449031462199116
37.7	7.674277526782521	0.07959483075300129	-0.017449031462199338
37.8	7.68796288168687	0.0801331532798332	-0.01802427425765618
37.9	7.707601809581312	0.07665078627090134	-0.018311895655384713
38.0	7.719310803282306	0.07752615924641555	-0.019078886049327393
38.1	7.7447037849753535	0.07897960500805058	-0.019750002644027154
38.2	7.758434243999736	0.07856337786691232	-0.020037624041755908
38.3	7.779918062596186	0.07985720768156482	-0.020037624041755908
38.4	7.801403801856783	0.08356554050263333	-0.020612866837212973
38.5	7.828775112697473	0.08459539751587003	-0.020708740636456113
38.6	7.838550580854863	0.08496320359202597	-0.02070874063645589
38.7	7.856122458894786	0.08617359698971118	-0.020996362034184424
38.8	7.865897823300251	0.08654957254376751	-0.021955100026613383
38.9	7.883390228272454	0.09680655924424778	-0.02157160482964171
39.0	7.893095059379455	0.10113742404115317	-0.021763352428127103
39.1	7.916555933952569	0.10203976537088835	-0.02195510002661294
39.2	7.942053796304445	0.10123444335946934	-0.021763352428127547
39.3	7.97318482279443	0.04600595449146395	-0.02157160482964171
39.4	7.983152285736391	0.09933101023223696	-0.02157160482964149
39.5	8.00656112705556	0.10144091580381284	-0.021092235833427342
39.6	8.01435302407124	0.1024157409249447	-0.020900488234941728
39.7	8.042844444444444	0.07107692307692325	-0.02118810963267026
39.8	8.055453000638217	0.10061105826547428	-0.021859226227370465
39.9	8.055453000638217	0.10061105826547428	-0.021859226227370465
40.0	8.055453000638217	0.10061105826547428	-0.021859226227370465
40.1	8.1575206079194	-0.047490698045815405	-0.02358495461374166
40.2	8.171194713986603	-0.04638992027654155	-0.024160197409198725
40.3	8.186429005081196	-0.01097848617844476	-0.025310683000112855
40.4	8.200121180706839	-0.01188229710482991	-0.024160197409198725
40.5	8.211805876697197	-0.008026452348957994	-0.0233932070152556
40.6	8.215711652233566	-0.006466779529768785	-0.022626216621313144
40.7	8.231529966337414	-0.03200942698872258	-0.021763352428127103
40.8	8.248860999084098	0.0015790973270367187	-0.020612866837213195
40.9	8.284681168431545	-0.05200763253566455	-0.019366507447055703
41.0	8.315362271574546	-0.018784874993381842	-0.018503643253870106
41.1	8.332842240843044	0.01158004706493513	-0.016969662465984747
41.2	8.342626221698273	-0.013299691495314377	-0.015435681678099167
41.3	8.3660303773531	0.015688256496243586	-0.01447694368567043
41.4	8.377760681556827	0.01614967580495664	-0.014668691284156266
41.5	8.403216655371908	0.01322003916298932	-0.014668691284156044
41.6	8.418861179240341	0.014380901788223288	-0.01524393407961333
41.7	8.446236467946434	0.01594136349198856	-0.015819176875070173
41.8	8.467737446755873	0.016303482241194343	-0.015339807878856027
41.9	8.487243520791615	0.020456256019611797	-0.01562742927658478
42.0	8.498973824995343	0.02091767532832485	-0.01533980787885647
42.1	8.514614230600314	0.021532901073275587	-0.015435681678099167
42.2	8.522421063285659	0.02094644459273416	-0.01514806028037019
42.3	8.531949939960134	0.007223310983059013	-0.014189322287942119
42.4	8.539941023767451	0.029300126103278607	-0.01361407949248461
42.5	8.555536996401953	0.03329909344545839	-0.013134710496270463
42.6	8.586817807611892	0.03452954493535986	-0.012751215299299012
42.7	8.611855274956234	0.01957811889637071	-0.012655341500056316
42.8	8.634311111111112	0.05415384615384607	-0.012080098704599473
42.9	8.647379946360681	0.040297286294272996	-0.011888351106113637
43.0	8.66691796566011	0.040761787419217314	-0.01131310831065635
43.1	8.676693100438035	0.04115524096573485	-0.011600729708385549
43.2	8.706666666666667	0.05415384615384609	-0.011888351106113637
43.3	8.723219116459067	0.029046931399960972	-0.01208009870459903
43.4	8.744670277937868	0.029783101249365982	-0.012847089098542375
43.5	8.761422222222222	0.0541538461538461	-0.012655341500056094
43.6	8.784205073040185	0.04527654561967943	-0.01294296289778507
43.7	8.793980080516796	0.045679361861847394	-0.012751215299299012
43.8	8.813559255913486	0.04683405983437458	-0.013422331893998996
43.9	8.8227363392883	0.039942507627937204	-0.013805827090970446
44.0	8.845511111111112	0.0575384615384615	-0.013230584295513603
44.1	8.859789215556262	0.046567302720572405	-0.0133264580947563
44.2	8.885096418574921	0.05194636409093556	-0.013422331893998996
44.3	8.902678264882624	0.053329551300457516	-0.013326458094756521
44.4	8.931981342062125	0.05563486331632745	-0.012942962897784849
44.5	8.941678784796737	0.05618541803258777	-0.012367720102327784
44.6	8.966755555555556	0.06430769230769229	-0.011792477306870719
44.7	8.975655576617777	0.06332271326880438	-0.01131310831065635
44.8	8.998325706740577	0.0608541203905965	-0.011504855909141964
44.9	9.019890573600632	0.06255079936393722	-0.011504855909141964
45.0	9.050031524747716	0.06290683242121256	-0.01246359390157048
45.1	9.063697506157547	0.06350340240793131	-0.012942962897785293
45.2	9.08822297004155	0.06809096772794031	-0.0133264580947563
45.3	9.10189707610875	0.06919174549721417	-0.014189322287941897
45.4	9.116458815598369	0.06890528343448223	-0.014285196087185037
45.5	9.118370685776274	0.06920383040445674	-0.015243934079613553
45.6	9.135060546636433	0.07499948424963482	-0.01610679827279915
45.7	9.153537814628148	0.07389057603599444	-0.01610679827279915
45.8	9.185713440540603	0.08271558666257876	-0.015531555477341863
45.9	9.202368022774618	0.07924154426863302	-0.015435681678099167
46.0	9.232711111111112	0.07107692307692312	-0.01524393407961333
46.1	9.245403295898432	0.08074837902478388	-0.014285196087184593
46.2	9.264928885353337	0.0817596469663453	-0.014093448488698979
46.3	9.27861407404243	0.08231048193146986	-0.01370995329172775
46.4	9.302123929224894	0.08271462189239298	-0.013709953291727972
46.5	9.322454501212624	0.09372336435531742	-0.014381069886427733
46.6	9.347085483231057	0.08168095625704182	-0.015148060280370634
46.7	9.366660872307417	0.08213263695092304	-0.016682041068256437
46.8	9.388988842529617	0.09768134996558493	-0.01687378866674183
46.9	9.400710604525488	0.09858302396526725	-0.017544905261441368
47.0	9.419376014844547	0.0879762130013225	-0.018120148056898655
47.1	9.431133112457449	0.08805418474607388	-0.018695390852356386
47.2	9.455644444444445	0.07446153846153855	-0.019270633647813007
47.3	9.470161249946603	0.09340587194326458	-0.01888713845084178
47.4	9.496198773572903	0.11357503864852489	-0.018791264651598638
47.5	9.517095054017068	0.09775364405464622	-0.018503643253870328
47.6	9.54152978647381	0.13711103123038823	-0.01840776945462763
47.7	9.558179231786935	0.09886627327072108	-0.018311895655384713
47.8	9.577730168101713	0.09960188542303301	-0.018503643253870106
47.9	9.591387823498598	0.10061105826547433	-0.01831189565538427
48.0	9.59920811502297	0.10091183870871939	-0.018407769454627854
48.1	9.615911600821855	0.14265567871900023	-0.020229371640241745
48.2	9.652689708710062	0.12259936129469352	-0.02157160482964149
48.3	9.664676319623473	0.1713800364362313	-0.02157160482964149
48.4	9.703857449304339	0.1489799606974748	-0.02185922622737002
48.5	9.714656225082493	0.10079551844765167	-0.022146847625098776
48.6	9.744600857424025	0.12598091644777487	-0.02272209042055584
48.7	9.751747245812242	0.10339327736549116	-0.023872576011470192
48.8	9.786925186669848	0.10747293545277052	-0.024064323609955807
48.9	9.796729375960709	0.10720323354896666	-0.024064323609955807
49.0	9.820119276369503	0.11210729201233556	-0.02463956640541265
49.1	9.841593706214468	0.11361981243582338	-0.025214809200869714
49.2	9.851369070619933	0.11399578798987971	-0.025310683000112855
49.3	9.851369070619933	0.11399578798987971	-0.025310683000112855
49.4	9.941381962316497	-0.008298014588660333	-0.0250230616023841
49.5	9.957773044766473	0.0635989613842823	-0.024831314003898486
49.6	9.991008906677033	0.062291606676261976	-0.024735440204655346
49.7	10.011911111111111	0.027076923076922905	-0.02473544020465579
49.8	10.030048853361581	0.05669711355169473	-0.024735440204655568
49.9	10.04766094402458	0.05667767175358651	-0.024735440204655568
50.0	10.062755555555556	0.02707692307692292	-0.024064323609955585
50.1	10.072533333333334	0.027076923076922922	-0.024064323609955585
50.2	10.08189701469505	0.0869871067321585	-0.024064323609955585
50.3	10.103646486815096	-0.00030761287247550967	-0.024447818806927257
50.4	10.131756089242439	0.056170747776015884	-0.024160197409198947
50.5	10.144658118557674	0.004691096305249213	-0.024064323609955585
50.6	10.17293647043192	0.0624804231869858	-0.02396844981071289
50.7	10.194423045482578	0.06106115518636047	-0.0233932070152556
50.8	10.210081982588033	0.060985299710219126	-0.023009711818284373
50.9	10.225066666666667	0.03723076923076911	-0.021667478628884407
51.0	10.233550217251343	0.062411941973351016	-0.021188109632670482
51.1	10.237478593866713	0.06275302598497498	-0.020229371640241967
51.2	10.252444444444444	0.0406153846153845	-0.019750002644027376
51.3	10.266133333333334	0.0406153846153845	-0.019941750242513434
51.4	10.27851689351648	0.06068245442469189	-0.019941750242513434
51.5	10.327393715543804	0.058802576654410244	-0.02042111923872736
51.6	10.371733333333333	0.040615384615384525	-0.02070874063645567
51.7	10.377600000000001	0.040615384615384525	-0.020996362034184646
51.8	10.385422222222223	0.040615384615384525	-0.02147573103039857
51.9	10.39086120792454	0.02453212657991043	-0.02147573103039857
52.0	10.436956040922192	0.058624578431113836	-0.022434469022827308
52.1	10.450623553204895	0.05775431680725021	-0.021667478628884185
52.2	10.471466666666668	0.04738461538461531	-0.021188109632670038
52.3	10.494933333333334	0.04738461538461532	-0.020804614435698587
52.4	10.51394053612274	0.036144512515855556	-0.020133497840998826
52.5	10.52695939647006	0.06152257449507345	-0.01917475984857009
52.6	10.543221863661591	0.04068180238486723	-0.018599517053113468
52.7	10.558304109397918	0.06389685595444888	-0.017928400458413485
52.8	10.5888	0.05415384615384611	-0.017544905261441812
52.9	10.607160908165998	0.06175328414942996	-0.01764077906068473
53.0	10.635733333333334	0.050769230769230726	-0.018120148056898877
53.1	10.652082641309818	0.05660076853546755	-0.01888713845084178
53.2	10.669678097615408	0.055908639572397965	-0.01888713845084178
53.3	10.680711111111112	0.05076923076923074	-0.019366507447055925
53.4	10.700993138558344	0.05486357218327712	-0.01955825504554154
53.5	10.717866666666668	0.05076923076923075	-0.01994175024251299
53.6	10.741333333333333	0.050769230769230754	-0.02042111923872736
53.7	10.757716858867582	0.05587040360549099	-0.019845876443270294
53.8	10.786311111111111	0.05415384615384615	-0.019270633647813007
53.9	10.802727944589188	0.05744421779156115	-0.01888713845084178
54.0	10.821511111111112	0.05753846153846153	-0.018695390852355942
54.1	10.837155555555556	0.057538461538461545	-0.018503643253870328
54.2	10.851667896662079	0.058811171356523154	-0.018311895655384713
54.3	10.86648888888889	0.06092307692307693	-0.017832526659170345
54.4	10.898907792263246	0.0648294128741836	-0.01754490526144159
54.5	10.914528207002755	0.06554936084982255	-0.017544905261441812
54.6	10.947445405045627	0.055004805803152375	-0.01840776945462741
54.7	10.960355555555557	0.05753846153846157	-0.018695390852356164
54.8	10.968177777777779	0.05753846153846157	-0.01840776945462741
54.9	10.990455998068496	0.05327361019847518	-0.018503643253870328
55.0	10.994708839403128	0.06557848422494507	-0.018503643253870328
55.1	11.000573843889095	0.06582017397024585	-0.01840776945462763
55.2	11.036622222222222	0.05753846153846158	-0.018983012250084474
55.3	11.036622222222222	0.05753846153846158	-0.018983012250084474
55.4	11.036622222222222	0.05753846153846158	-0.018983012250084474
55.5	11.08657057909423	0.07247414326853131	-0.018599517053113024
55.6	11.08657057909423	0.07247414326853131	-0.018599517053113024
55.7	11.104188115828475	0.07290425077666203	-0.018599517053113246
55.8	11.104188115828475	0.07290425077666203	-0.018599517053113246
55.9	11.187973351736886	0.052786967789509066	-0.01917475984857031
56.0	11.187973351736886	0.052786967789509066	-0.01917475984857031
56.1	11.24071687346237	0.04737291981109789	-0.01716141006447036
56.2	11.24071687346237	0.04737291981109789	-0.01716141006447036
56.3	11.307513388693081	0.08090218546102161	-0.017544905261441368
56.4	11.307513388693081	0.08090218546102161	-0.017544905261441368
56.5	11.338794199903022	0.08213263695092309	-0.018695390852356164
56.6	11.338794199903022	0.08213263695092309	-0.018695390852356164
56.7	11.38963073803245	0.08650798911188097	-0.01879126465159886
56.8	11.38963073803245	0.08650798911188097	-0.01879126465159886
56.9	11.414749440993393	0.04457809643010167	-0.020037624041755908
57.0	11.414749440993393	0.04457809643010167	-0.020037624041755908
57.1	11.418889182025973	0.09151244985731109	-0.019845876443270294
57.2	11.440208160238074	0.04700561653273097	-0.018983012250084697
57.3	11.457830127788572	0.045219092253878816	-0.019558255045541983
57.4	11.457830127788572	0.045219092253878816	-0.019558255045541983
57.5	11.551870184761432	0.0982030498605437	-0.018216021856142017
57.6	11.551870184761432	0.0982030498605437	-0.018216021856142017
57.7	11.589033718123675	0.09676369770974558	-0.017832526659170567
57.8	11.589033718123675	0.09676369770974558	-0.017832526659170567
57.9	11.618334190879894	0.0984984671945652	-0.01802427425765618
58.0	11.618334190879894	0.0984984671945652	-0.01802427425765618
58.1	11.633784690844482	0.03829780262318302	-0.01946238124629862
58.2	11.633784690844482	0.03829780262318302	-0.01946238124629862
58.3	11.633784690844482	0.03829780262318302	-0.01946238124629862
58.4	11.745198562977848	-0.0005508349651246985	-0.020229371640241967
58.5	11.760794486758341	0.004229676996536127	-0.020900488234941506
58.6	11.760794486758341	0.004229676996536127	-0.020900488234941506
58.7	11.792072358230913	0.003947599173245872	-0.021379857231155874
58.8	11.792072358230913	0.003947599173245872	-0.021379857231155874
58.9	11.80394896805455	-0.026811801380170718	-0.02118810963267026
59.0	11.80394896805455	-0.026811801380170718	-0.02118810963267026
59.1	11.856503105147842	0.014765417878817464	-0.018983012250084474
59.2	11.882311111111111	0.047384615384615233	-0.018983012250084474
59.3	11.921422222222223	0.047384615384615233	-0.017449031462199116
59.4	11.925333333333333	0.047384615384615233	-0.017449031462199116
59.5	11.936654807395714	0.01731195604677174	-0.017257283863713502
59.6	11.936654807395714	0.01731195604677174	-0.017257283863713502
59.7	11.971851096484494	0.019302707747829148	-0.01725728386371328
59.8	11.971851096484494	0.019302707747829148	-0.01725728386371328
59.9	12.020720966485866	0.020695656546822618	-0.016682041068255993
60.0	12.020720966485866	0.020695656546822618	-0.016682041068255993
60.1	12.020720966485866	0.020695656546822618	-0.016682041068255993
60.2	12.075379917676482	0.030146061502585857	-0.01562742927658456
60.3	12.075379917676482	0.030146061502585857	-0.01562742927658456
60.4	12.092975373982073	0.03083819046565544	-0.01457281748491357
60.5	12.092975373982073	0.03083819046565544	-0.01457281748491357
60.6	12.110561274956467	0.031082830174885747	-0.013901700890213142
60.7	12.145761742898847	0.03291457735486417	-0.01361407949248461
60.8	12.194536502560313	0.04123393167503834	-0.012751215299299012
60.9	12.204977777777778	0.05753846153846145	-0.012271846303085088
61.0	12.272795605468756	0.04129702812981795	-0.011888351106113415
61.1	12.272795605468756	0.04129702812981795	-0.011888351106113415
61.2	12.296230005750703	0.0416511994401677	-0.011313108310656128
61.3	12.296230005750703	0.0416511994401677	-0.011313108310656128
61.4	12.333402177188015	0.04368102789150205	-0.011217234511413432
61.5	12.341208989972337	0.043752034372750645	-0.011504855909141964
61.6	12.3888	0.06092307692307687	-0.010833739314442203
61.7	12.404444444444444	0.060923076923076885	-0.01102548691292804
61.8	12.44866130258373	0.05498580095497181	-0.010929613113685122
61.9	12.44866130258373	0.05498580095497181	-0.010929613113685122
62.0	12.467022222222221	0.06430769230769227	-0.010641991715956589
62.1	12.472888888888889	0.06430769230769227	-0.009970875121256384
62.2	12.513114964834353	0.06082791829161199	-0.009395632325799319
62.3	12.513114964834353	0.06082791829161199	-0.009395632325799319
62.4	12.553435353093414	0.05724044400224077	-0.009108010928070787
62.5	12.55810711081453	0.059213987598691134	-0.009108010928070787
62.6	12.602271446190565	0.061171793178218865	-0.009012137128827646
62.7	12.680177777777777	0.06430769230769232	-0.011313108310656128
62.8	12.753537814628148	0.07389057603599444	-0.011600729708385327
62.9	12.845426815673198	0.08053396367886627	-0.009779127522770548
63.0	12.863851189496042	0.08900574534414372	-0.010162622719741998
63.1	12.873618408115473	0.08979201517933934	-0.011025486912928262
63.2	12.891377777777777	0.07107692307692313	-0.011121360712170736
63.3	12.905066666666666	0.07107692307692313	-0.01208009870459903
63.4	12.922666666666666	0.07107692307692315	-0.012847089098542153
63.5	12.93831111111111	0.07107692307692315	-0.013422331893999218
63.6	12.957866666666666	0.07107692307692315	-0.014381069886427511
63.7	12.971555555555556	0.07107692307692316	-0.014668691284156044
63.8	12.984211895642538	0.08620850751122167	-0.014668691284156488
63.9	12.992750031408903	0.10204847856917527	-0.014668691284156266
64.0	13.00960949162098	0.09023413297351959	-0.01457281748491357
64.1	13.019358375283252	0.09097650703458987	-0.014476943685670207
64.2	13.038908882289464	0.09174553921577829	-0.01486043888264188
64.3	13.052621095005025	0.09188842541136745	-0.015339807878856249
64.4	13.074083450633022	0.09609935161679836	-0.015819176875070395
64.5	13.085785666133905	0.09697495804785954	-0.015915050674313314
64.6	13.106277667296677	0.13643560743122374	-0.016106798272799372
64.7	13.124871899477414	0.10143820448439828	-0.015915050674313536
64.8	13.146421147233461	0.0988815707168152	-0.01601092447355623
64.9	13.16010665740111	0.09940793649249406	-0.016106798272799372
65.0	13.175747240449855	0.1000094973789842	-0.016394419670527682
65.1	13.185493251865587	0.10089702217192048	-0.016969662465984525
65.2	13.203118260785155	0.10106222893034192	-0.016586167269013075
65.3	13.220769199470666	0.10072352164876049	-0.017832526659170345
65.4	13.230544764831224	0.10108350564321639	-0.01773665285992765
65.5	13.23836521711967	0.10137149283878111	-0.01831189565538449
65.6	13.267664475149695	0.10298570132366783	-0.01917475984857031
65.7	13.285287930850348	0.10309941601216942	-0.01994175024251299
65.8	13.289128003060485	0.10717869059184572	-0.019845876443270072
65.9	13.296977011132547	0.10691524635340195	-0.02080461443569881
66.0	13.308678939375264	0.10791430274415764	-0.021283983431912956
66.1	13.339989498719003	0.10849917592900792	-0.022050973825855857
66.2	13.371354504173729	0.05622949993401148	-0.023105585617527735
66.3	13.392735953515546	0.11382693904695522	-0.022913838019041677
66.4	13.404436025282214	0.11490261819112083	-0.022146847625098776
66.5	13.432163715503997	0.17672056119396554	-0.020996362034184868
66.6	13.447740174409418	0.14848848052608304	-0.020612866837213417
66.7	13.447740174409418	0.14848848052608304	-0.020612866837213417
66.8	13.447740174409418	0.14848848052608304	-0.020612866837213417
66.9	13.541379440552985	-0.007475617383833446	-0.02176335242812777
67.0	13.553837054176945	0.06114268112882619	-0.023009711818284373
67.1	13.570747472143323	-0.008920773301785808	-0.02387257601146997
67.2	13.594208080550777	-0.007997934684359704	-0.02358495461374166
67.3	13.617668688958231	-0.007075096066933599	-0.0242560712084412
67.4	13.628066004047898	0.05406296233754589	-0.024351945007684117
67.5	13.651022222222222	0.02369230769230753	-0.02358495461374166
67.6	13.659391248228307	0.056216252444873466	-0.022913838019041455
67.7	13.672365675605157	-0.001538064362376983	-0.022626216621313144
67.8	13.688744485858393	0.05782504021386375	-0.022050973825855857
67.9	13.705777777777778	0.030461538461538314	-0.022050973825855857
68.0	13.72315256085084	0.003845160905941951	-0.021571604829641933
68.1	13.746844444444445	0.033846153846153706	-0.021571604829641267
68.2	13.761187183572016	0.06236850989438078	-0.020804614435698587
68.3	13.78791111111111	0.04061538461538448	-0.019654128844784458
68.4	13.799644444444445	0.040615384615384484	-0.019366507447055925
68.5	13.823837671932832	0.0666750901090359	-0.019270633647813007
68.6	13.833633237541358	0.06680841219867875	-0.019078886049327615
68.7	13.850091836562793	0.018492316686324388	-0.018695390852355942
68.8	13.864177777777778	0.0406153846153845	-0.019270633647813007
68.9	13.881372267852154	0.019751368035180527	-0.01888713845084178
69.0	13.901333333333334	0.040615384615384505	-0.018599517053113246
69.1	13.922434433402799	0.021840513945750956	-0.018503643253869884
69.2	13.940016076743555	0.021671513828636503	-0.018983012250084474
69.3	13.956763254824223	0.06105842997874824	-0.018695390852356164
69.4	13.962665016609964	0.061614825384647166	-0.0181201480568991
69.5	13.982988203799417	0.027226985419013843	-0.018120148056898877
69.6	13.99592656655797	0.06329134851180683	-0.018407769454627187
69.7	14.017432124264802	0.06244541311249956	-0.01888713845084178
69.8	14.038937681971635	0.0615994777131923	-0.019174759848570533
69.9	14.059199116505347	0.03399122240852798	-0.01917475984857031
70.0	14.075377777777778	0.0507692307692307	-0.01888713845084178
70.1	14.099653300730369	0.06625757723355415	-0.01888713845084178
70.2	14.110577777777777	0.05415384615384609	-0.017353157662956198
70.3	14.13208888888889	0.054153846153846094	-0.016682041068256437
70.4	14.143822222222223	0.054153846153846094	-0.01610679827279915
70.5	14.163377777777779	0.0541538461538461	-0.016106798272799372
70.6	14.180977777777779	0.0541538461538461	-0.016106798272799372
70.7	14.205267732561673	0.035501805044396775	-0.0157233030758277
70.8	14.223378942387061	0.04383483432773976	-0.016010924473556454
70.9	14.247466666666668	0.05076923076923073	-0.017065536265227443
71.0	14.2592	0.05076923076923073	-0.017257283863713058
71.1	14.27288888888889	0.05076923076923074	-0.017353157662956198
71.2	14.283971423473192	0.04611275565185592	-0.01754490526144159
71.3	14.306133333333333	0.05415384615384613	-0.017449031462199116
71.4	14.324981523797323	0.05114896104728047	-0.017449031462199116
71.5	14.351111111111111	0.054153846153846136	-0.017544905261442034
71.6	14.36753745938866	0.0588606505590243	-0.017065536265227665
71.7	14.390222222222222	0.05753846153846153	-0.01677791486749891
71.8	14.401955555555556	0.06092307692307692	-0.0157233030758277
71.9	14.426215452576512	0.059907606914577714	-0.014956312681884576
72.0	14.437155555555556	0.06092307692307693	-0.014572817484913791
72.1	14.455903733235276	0.05985849358615991	-0.01447694368567043
72.2	14.472355555555556	0.057538461538461545	-0.014956312681884576
72.3	14.495822222222223	0.05753846153846156	-0.015052186481127716
72.4	14.511466666666667	0.05753846153846156	-0.01601092447355623
72.5	14.538844444444445	0.05753846153846156	-0.016777914867499133
72.6	14.546666666666667	0.05753846153846157	-0.01725728386371328
72.7	14.566222222222223	0.05753846153846157	-0.017449031462199116
72.8	14.57515882444991	0.06477285174060914	-0.016969662465984747
72.9	14.597511111111112	0.060923076923076955	-0.01687378866674183
73.0	14.618165885001142	0.06952050917943298	-0.016777914867499133
73.1	14.648355555555556	0.06092307692307697	-0.016873788666742273
73.2	14.66313205111543	0.07128928319616636	-0.017353157662955976
73.3	14.691377777777777	0.06430769230769236	-0.016969662465984747
73.4	14.703111111111111	0.06769230769230775	-0.016586167269013297
73.5	14.726577777777779	0.06769230769230776	-0.016298545871284542
73.6	14.742222222222223	0.06769230769230776	-0.016298545871284542
73.7	14.757866666666667	0.06769230769230776	-0.016298545871284986
73.8	14.790974087337418	0.09513254252156551	-0.01649029346977038
73.9	14.800888888888888	0.06769230769230777	-0.01649029346977038
74.0	14.827074809358743	0.05128306557328374	-0.016682041068255993
74.1	14.848817434703976	0.08197883051468538	-0.016969662465984747
74.2	14.866412891009567	0.08267095947775496	-0.017544905261441812
74.3	14.878143195213294	0.08313237878646801	-0.017544905261441812
74.4	14.894755555555555	0.0676923076923078	-0.017353157662956198
74.5	14.904533333333333	0.0676923076923078	-0.017928400458413263
74.6	14.934795232560841	0.08874631370914347	-0.018503643253870106
74.7	14.959288888888889	0.07107692307692319	-0.019270633647813007
74.8	14.981725359435604	0.0929813760522258	-0.019845876443270294
74.9	14.99929500715102	0.09414427873570543	-0.01946238124629862
75.0	15.018817979717085	0.05352463981071372	-0.019270633647813007
75.1	15.027733333333334	0.07784615384615397	-0.018599517053113024
75.2	15.046200947238907	0.09879271205548991	-0.018599517053113024
75.3	15.055976415396296	0.09916051813164588	-0.018599517053113024
75.4	15.094222222222223	0.0744615384615386	-0.01773665285992765
75.5	15.112615980376436	0.04644954374378027	-0.017832526659170123
75.6	15.140180128798132	0.09439618360607899	-0.01792840045841304
75.7	15.16554666282999	0.09651231438332303	-0.018887138450841556
75.8	15.188088888888888	0.06769230769230786	-0.018599517053113468
75.9	15.194845741324336	0.09828000983032503	-0.019078886049327615
76.0	15.21423418383827	0.039066834804371446	-0.01946238124629862
76.1	15.229155555555556	0.07107692307692325	-0.02042111923872736
76.2	15.263229846098564	0.10429561869522634	-0.020996362034184868
76.3	15.263229846098564	0.10429561869522634	-0.020996362034184868
76.4	15.351203517447756	-0.01127885478070329	-0.021475731030399015
76.5	15.376568191274716	-0.005306322050200247	-0.020900488234941728
76.6	15.38829718583424	-0.004135731094619518	-0.019845876443270516
76.7	15.41171467091543	-0.0005383225268320494	-0.018983012250084474
76.8	15.415624772316672	-0.0003845160905943683	-0.01773665285992787
76.9	15.4273550765204	7.690321811868727e-05	-0.016394419670527682
77.0	15.458591454759869	0.0046910963052491945	-0.016394419670527682
77.1	15.47227680966422	0.005229418832081088	-0.016106798272798928
77.2	15.499647519472916	0.00630606388574488	-0.01562742927658478
77.3	15.521155249620511	0.007745096413560549	-0.016106798272799372
77.4	15.542703067857051	0.004614193087130372	-0.016202672072041624
77.5	15.548568219958915	0.004844902741486897	-0.016490293469770823
77.6	15.562253574863263	0.005383225268318793	-0.016490293469770823
77.7	15.584	0.03384615384615371	-0.0157233030758277
77.8	15.605220257306462	0.010458837664162352	-0.015531555477342085
77.9	15.632550957778783	0.015414997716309699	-0.015435681678099611
78.0	15.659917243953387	0.015995869368718975	-0.015531555477342085
78.1	15.669687571861795	0.015895523279308616	-0.01457281748491357
78.2	15.683200275197871	-7.815970093361102e-17	-0.013518205693241692
78.3	15.693056963842508	0.02360721279105244	-0.012655341500056316
78.4	15.7124145551738	0.005686436305812395	-0.012080098704599251
78.5	15.728038910524381	0.006054277731006099	-0.011792477306870497
78.6	15.751662306766903	0.02935163457020857	-0.011504855909141742
78.7	15.765347495455998	0.029902469535333123	-0.011504855909141964
78.8	15.800128375973237	0.0003069795977480172	-0.011888351106113415
78.9	15.816168039751807	0.03158079338596851	-0.012175972503841948
79.0	15.825963254594784	0.03268386770050766	-0.012367720102328006
79.1	15.847198977681426	0.01564676972039264	-0.011984224905356333
79.2	15.863644444444443	0.04738461538461531	-0.011408982109899268
79.3	15.872884471409694	0.03452954493535987	-0.011504855909142186
79.4	15.897669270525277	0.010992956388463536	-0.011696603507627357
79.5	15.92170418615964	0.03958142677966469	-0.01217597250384217
79.6	15.952483646481845	0.030427060195298217	-0.012655341500056316
79.7	15.965333333333332	0.0541538461538461	-0.012175972503841948
79.8	15.984888888888888	0.05753846153846148	-0.012080098704599251
79.9	15.993949252029976	0.04926038402399623	-0.011408982109899268
80.0	16.017364109753842	0.05358837303568921	-0.011408982109899268
80.1	16.033817907853255	0.037611615071957406	-0.011313108310655906
80.2	16.05913983237057	0.04027102487008922	-0.011121360712170736
80.3	16.077987063093047	0.056139349226754454	-0.010737865515199285
80.4	16.107312823602367	0.05729289749853708	-0.010641991715956589
80.5	16.120317667634975	0.05118616627123453	-0.010929613113685122
80.6	16.140576273698848	0.05516218722175939	-0.0109296131136849
80.7	16.154278473387745	0.05575483313616025	-0.011313108310656572
80.8	16.169901678032623	0.05634254786131203	-0.011313108310655906
80.9	16.186769216667436	0.05655698812267543	-0.012080098704599251
81.0	16.213346790733205	0.05924706236539608	-0.012751215299299012
81.1	16.234391119142746	0.06229160667626182	-0.013422331893998773
81.2	16.257007804694666	0.0654708612507058	-0.014093448488698979
81.3	16.269495648393228	0.0671897491936169	-0.01399757468945606
81.4	16.287151460282253	0.07498766679273346	-0.013997574689455838
81.5	16.294908824921066	0.07144308963240399	-0.013518205693241914
81.6	16.325156685100136	0.07784071368436594	-0.01284708909854193
81.7	16.3506888544655	0.07622898399143212	-0.012847089098542153
81.8	16.373064864557158	0.08487985877736799	-0.01217597250384217
81.9	16.3917131625168	0.07945642081365001	-0.011888351106113415
82.0	16.421016239696304	0.08176173282951994	-0.012080098704599251
82.1	16.427896705533776	0.07328876686725622	-0.012655341500055872
82.2	16.455267415342476	0.07436541192092001	-0.013038836697027767
82.3	16.466083997306253	0.0814512179713031	-0.0140934484886992
82.4	16.486357390548328	0.09485669570418345	-0.014572817484913791
82.5	16.50412035595134	0.07656606015231375	-0.015531555477341641
82.6	16.532420487416214	0.08994198146831166	-0.01639441967052746
82.7	16.550511286903017	0.10678871920221727	-0.017257283863713502
82.8	16.57643612581052	0.08251715304151726	-0.01764077906068473
82.9	16.588166430014248	0.08297857235023032	-0.017449031462199116
83.0	16.60376240264875	0.0869775396924101	-0.017449031462199338
83.1	16.616192493152504	0.10389272818187122	-0.01687378866674183
83.2	16.645495570332006	0.10619804019774114	-0.01658616726901263
83.3	16.66632402506863	0.08943844267221304	-0.016394419670527682
83.4	16.691739684176707	0.090438184507758	-0.016202672072041846
83.5	16.710459318673326	0.1280872371604225	-0.01601092447355601
83.6	16.73604383848821	0.12834273362883442	-0.016777914867499133
83.7	16.741789949714967	0.1303567932387435	-0.017640779060684952
83.8	16.751075445381787	0.11111603916493033	-0.017640779060684952
83.9	16.778552938667588	0.111292851245787	-0.019845876443270516
84.0	16.778552938667588	0.111292851245787	-0.019845876443270516
84.1	16.817887697754166	0.13913730262788165	-0.021283983431912956
84.2	16.817887697754166	0.13913730262788165	-0.021283983431912956
84.3	16.871659666483584	0.09636519195286063	-0.022530342822070226
84.4	16.871659666483584	0.09636519195286063	-0.022530342822070226
84.5	16.90287042378492	0.1015133995952095	-0.023105585617527513
84.6	16.90287042378492	0.1015133995952095	-0.023105585617527513
84.7	16.92078225963281	0.16457826572974352	-0.023489080814498742
84.8	16.92078225963281	0.16457826572974352	-0.023489080814498742
84.9	16.95360359086379	0.11299002659510983	-0.023393207015256268
85.0	16.984885088967435	0.1141670060388089	-0.023489080814498742
85.1	17.012256399808123	0.11519686305204559	-0.02320145941677021
85.2	17.012256399808123	0.11519686305204559	-0.02320145941677021
85.3	17.049563064006833	0.17943758931136192	-0.024735440204655568
85.4	17.049563064006833	0.17943758931136192	-0.024735440204655568
85.5	17.049563064006833	0.17943758931136192	-0.024735440204655568
85.6	17.049563064006833	0.17943758931136192	-0.024735440204655568
85.7	17.157155555555555	0.020307692307692127	-0.02674878998875574
85.8	17.162975668550725	-0.013377420581596576	-0.02674878998875574
85.9	17.194252513521246	-0.01138167628158874	-0.027515780382698196
86.0	17.205982817724973	-0.010920256972875691	-0.028666265973612548
86.1	17.2432	0.020307692307692148	-0.03106311095468417
86.2	17.2432	0.020307692307692148	-0.03106311095468417
86.3	17.24957156175473	0.05321702693823863	-0.03183010134862663
86.4	17.263241646276136	0.05203501668139623	-0.03183010134862663
86.5	17.290656112675464	0.05436606511654549	-0.03096723715544103
86.6	17.30724386604407	0.08378054247048253	-0.030296120560741047
86.7	17.335682658523	0.05660076853546766	-0.028570392174370074
86.8	17.335682658523	0.05660076853546766	-0.028570392174370074
86.9	17.388513460410245	0.05790812324348795	-0.02636529479178451
87.0	17.388513460410245	0.05790812324348795	-0.02636529479178451
87.1	17.404171435978125	0.057837671338078794	-0.02550243059859869
87.2	17.417244444444446	0.03046153846153833	-0.02550243059859869
87.3	17.47254973985564	0.053699687118769705	-0.025310683000112855
87.4	17.47254973985564	0.053699687118769705	-0.025310683000112855
87.5	17.501906401046277	0.05344773659259511	-0.02550243059859869
87.6	17.501906401046277	0.05344773659259511	-0.02550243059859869
87.7	17.544978842523392	0.05555564076827702	-0.026461168591026984
87.8	17.544978842523392	0.05555564076827702	-0.026461168591026984
87.9	17.567822222222222	0.040615384615384525	-0.0266529161895126
88.0	17.567822222222222	0.040615384615384525	-0.0266529161895126
88.1	17.62648888888889	0.050769230769230685	-0.025502430598598913
88.2	17.62648888888889	0.050769230769230685	-0.025502430598598913
88.3	17.685947764727484	0.06652128367279816	-0.024064323609955363
88.4	17.685947764727484	0.06652128367279816	-0.024064323609955363
88.5	17.704711111111113	0.05415384615384609	-0.022626216621313366
88.6	17.704711111111113	0.05415384615384609	-0.022626216621313366
88.7	17.75046443784798	0.06398347747487637	-0.023297333216013127
88.8	17.75046443784798	0.06398347747487637	-0.023297333216013127
88.9	17.7993596754652	0.062244351059075206	-0.02358495461374166
89.0	17.7993596754652	0.062244351059075206	-0.02358495461374166
89.1	17.84551111111111	0.05415384615384612	-0.02348908081449852
89.2	17.84551111111111	0.05415384615384612	-0.02348908081449852
89.3	17.861155555555555	0.05415384615384612	-0.024160197409198947
89.4	17.861155555555555	0.05415384615384612	-0.024160197409198947
89.5	17.878755555555557	0.05753846153846151	-0.023680828412984356
89.6	17.89718210633551	0.0649832193104213	-0.023680828412984356
89.7	17.940279359083384	0.06678693295144893	-0.022050973825855857
89.8	17.948078121319117	0.06641495865216111	-0.020900488234941728
89.9	17.988266666666668	0.0643076923076923	-0.02051699303797072
90.0	17.988266666666668	0.0643076923076923	-0.02051699303797072
90.1	18.029333333333334	0.06092307692307693	-0.020037624041755908
90.2	18.029333333333334	0.06092307692307693	-0.020037624041755908
90.3	18.066488888888887	0.06092307692307693	-0.02157160482964171
90.4	18.066488888888887	0.06092307692307693	-0.02157160482964171
90.5	18.121244444444443	0.06092307692307694	-0.021667478628884407
90.6	18.121244444444443	0.06092307692307694	-0.021667478628884407
90.7	18.16313108643346	0.05775898062877516	-0.021859226227370465
90.8	18.16313108643346	0.05775898062877516	-0.021859226227370465
90.9	18.20728888888889	0.06769230769230773	-0.021092235833427564
91.0	18.20728888888889	0.06769230769230773	-0.021092235833427564
91.1	18.245314429957496	0.0614456712769545	-0.02042111923872758
91.2	18.245314429957496	0.0614456712769545	-0.02042111923872758
91.3	18.270748500476937	0.0601983926171839	-0.019366507447055703
91.4	18.270748500476937	0.0601983926171839	-0.019366507447055703
91.5	18.305066666666665	0.07107692307692313	-0.019078886049327393
91.6	18.383288888888888	0.06769230769230777	-0.020037624041755908
91.7	18.486933333333333	0.07107692307692318	-0.020804614435698587
91.8	18.586666666666666	0.07784615384615395	-0.02013349784099905
91.9	18.625777777777778	0.07784615384615397	-0.01927063364781323
92.0	18.640308091589944	0.099107156049249	-0.019941750242513212
92.1	18.657903747519782	0.09978391204655038	-0.01955825504554154
92.2	18.672711111111113	0.0744615384615386	-0.019941750242513434
92.3	18.69031111111111	0.0744615384615386	-0.020325245439484663
92.4	18.70095879696785	0.09805442449789126	-0.020133497840998826
92.5	18.72249210090201	0.09827778354887161	-0.020516993037970277
92.6	18.736177756322355	0.09879271205548994	-0.020996362034184646
92.7	18.757556280162213	0.04597575951949425	-0.02195510002661294
92.8	18.76939939110162	0.10281142881660468	-0.02281796421979898
92.9	18.778311111111112	0.07784615384615401	-0.023297333216013127
93.0	18.788850184488982	0.1082057644574122	-0.023297333216012905
93.1	18.80847371865157	0.05083079972475286	-0.023680828412984356
93.2	18.818164182738027	0.11203373079710437	-0.023584954613741216
93.3	18.8448	0.08461538461538479	-0.0233932070152556
93.4	18.861133740595072	0.11703589343282537	-0.02320145941677021
93.5	18.861133740595072	0.11703589343282537	-0.02320145941677021
93.6	18.94127359049996	0.09788175978170029	-0.022338595223584612
93.7	18.955773561095384	0.06029212300517209	-0.022146847625098776
93.8	18.96361218895487	0.060749227582308656	-0.021379857231156096
93.9	18.985784873667043	0.12885315309620482	-0.02080461443569881
94.0	18.996829625808427	0.05867715542467641	-0.021475731030399015
94.1	19.01734144769657	0.08867766887712977	-0.021763352428127325
94.2	19.032969755525638	0.08744816913533249	-0.023105585617527513
94.3	19.05151120898958	0.05248618734626381	-0.023776702212227274
94.4	19.066091112458835	0.0814543578940707	-0.023776702212227274
94.5	19.089533574202434	0.07961010828137476	-0.024256071208440977
94.6	19.099349708058288	0.08012089620643341	-0.024351945007684117
94.7	19.120745599305984	0.07596603447323574	-0.02444781880692748
94.8	19.12856010730323	0.07536491847344753	-0.024447818806927035
94.9	19.14551949760091	0.10437306323437673	-0.02463956640541287
95.0	19.157225652928375	0.10299165504450998	-0.0242560712084412
95.1	19.17881996218775	0.10383584893831743	-0.024543692606169953
95.2	19.19430349256106	0.05325831982738258	-0.024831314003898486
95.3	19.219752483155922	0.09941422273080192	-0.024927187803141404
95.4	19.234316448865968	0.07739368497273273	-0.024831314003898708
95.5	19.250078918264677	0.0805322330877227	-0.024831314003898708
95.6	19.2648442129346	0.09906215721078954	-0.024160197409198725
95.7	19.26766076457238	0.07914904587820074	-0.02358495461374166
95.8	19.259846610657846	0.07976379574909938	-0.022817964219798537
95.9	19.254985184231366	0.05529341382744732	-0.023105585617527513
96.0	19.259671818695562	0.07453827685814267	-0.02300971181828415
96.1	19.284308384627277	0.0947799508047465	-0.023584954613741438
96.2	19.305689841796667	0.09095707162081586	-0.023872576011470192
96.3	19.334958206427128	0.08757995262499348	-0.02348908081449852
96.4	19.350723107144635	0.0881792144588897	-0.023776702212227274
96.5	19.380877199129547	0.06685404846022781	-0.02454369260616973
96.6	19.409166517569492	0.08142568169014722	-0.025598304397841165
96.7	19.45801541949564	0.07677317183836188	-0.02703641138648427
96.8	19.486457074179327	0.06193604949303862	-0.026844663787998435
96.9	19.499257142003614	0.07702921583630526	-0.02732403278421236
97.0	19.50807373558857	0.06415961855196228	-0.026844663787998657
97.1	19.53450788882262	0.07616548354864026	-0.026269420992541592
97.2	19.541333745988215	0.06439504897663319	-0.02550243059859869
97.3	19.559935132792095	0.07582396064379712	-0.02550243059859869
97.4	19.57749436578329	0.073751848358997	-0.024160197409198725
97.5	19.590261005157625	0.06393398657345921	-0.022913838019041677
97.6	19.613703466901228	0.06208973696076326	-0.02272209042055584
97.7	19.636086295679448	0.06729259732080896	-0.022913838019041455
97.8	19.655919059947706	0.04981121898912085	-0.02320145941677021
97.9	19.666360208620755	0.054559051042254836	-0.02339320701525538
98.0	19.684776104224	0.05835681448240477	-0.02358495461374166
98.1	19.694422894565566	0.05656099088509965	-0.02387257601146997
98.2	19.719786231108404	0.05356793980705502	-0.024447818806927257
98.3	19.73739249599713	0.05166689502577865	-0.02511893540162724
98.4	19.760130055595162	0.04718205259147107	-0.02550243059859847
98.5	19.775815764030547	0.04604306463415503	-0.025214809200869936
98.6	19.797395543818674	0.04765296199898562	-0.024735440204655568
98.7	19.810397315089666	0.0469878662706123	-0.024064323609955807
98.8	19.828711079848745	0.048512848831569456	-0.023393207015255824
98.9	19.837843243230875	0.049224144792925556	-0.022530342822070004
99.0	19.855484804343423	0.051882731991234124	-0.022146847625098776
99.1	19.865227600647998	0.05160205935774279	-0.021859226227370243
99.2	19.888688209055456	0.05067922074031669	-0.020996362034184868
99.3	19.911518866093072	0.04451204167348405	-0.020612866837213195
99.4	19.949889679633333	0.042417741092006536	-0.020612866837212973
99.5	19.960161488798477	0.03537939864047608	-0.02080461443569881
99.6	19.97910395960926	0.03673130478619407	-0.02147573103039857
99.7	19.992800352655166	0.03530351560028307	-0.020900488234941728
99.8	20.00786937769615	0.03903059181454014	-0.020804614435698587
99.9	20.021554566385245	0.03847975684941558	-0.021092235833427342
100.0	20.056733703367943	0.03729806078763819	-0.020996362034184424
100.1	20.075138991692842	0.018418775864889863	-0.021092235833427564
100.2	20.095879150350836	0.03914373802249039	-0.0205169930379705
100.3	20.11040619013596	0.016803519050937115	-0.02042111923872758
100.4	20.129159445231863	0.04122012491169911	-0.020133497840998826
100.5	20.14088974943559	0.04075870560298605	-0.020133497840998382
100.6	20.16096063252932	0.02920061886768563	-0.019462381246298843
100.7	20.17417004431662	0.042835092492194776	-0.018983012250084697
100.8	20.199598416572933	0.04147000380294887	-0.018695390852356386
100.9	20.217181159730288	0.04114322169358025	-0.01754490526144159
101.0	20.250810283574506	0.022917547491925577	-0.016969662465984747
101.1	20.266002482724506	0.03624404341103047	-0.01677791486749891
101.2	20.285879138038265	0.017642195706069303	-0.01649029346977038
101.3	20.295285129876873	0.031732336762354485	-0.016394419670527238
101.4	20.314844828820412	0.030530577593180064	-0.01639441967052746
101.5	20.353929028240245	0.029939414599094636	-0.016298545871284764
101.6	20.363704496397634	0.029571608522938678	-0.016586167269013075
101.7	20.37739819088278	0.028574142108281315	-0.016969662465984747
101.8	20.406973349247338	-0.014243987599538743	-0.01802427425765618
101.9	20.418498167449755	0.03037882476775172	-0.017736652859927426
102.0	20.434130369166304	0.030307220675250574	-0.01764077906068473
102.1	20.449822779611264	0.03255948298127845	-0.01735315766295642
102.2	20.490853795099337	0.03264035325587379	-0.016682041068255993
102.3	20.50846642919793	0.030895710397100082	-0.016106798272798928
102.4	20.51854049452197	0.006909859984877173	-0.015052186481127938
102.5	20.53798940749726	-0.02048204958937786	-0.014189322287942119
102.6	20.56911683380921	0.03199912862556793	-0.012655341500056316
102.7	20.563564259197648	0.005635462498014348	-0.01246359390157048
102.8	20.55543117838887	0.032514057132186275	-0.012463593901570702
102.9	20.5573952341354	0.03180753187316581	-0.012367720102327784
103.0	20.57300038724335	0.027146835995950983	-0.012080098704599251
103.1	20.58861773661897	0.028510732360907263	-0.01246359390157048
103.2	20.610146350555155	0.02568567485169298	-0.013134710496270463
103.3	20.62968223434956	0.026334915052766198	-0.01399757468945606
103.4	22.465068731080713	-0.004116512331416116	-0.014764565083399184
103.5	20.735644444444446	0.01692307692307674	-0.014764565083398962
103.6	20.784480965062162	-0.012511822779257978	-0.014668691284156266
103.7	20.821578790359474	-0.006921289630695917	-0.013422331893998996
103.8	20.841244444444445	0.027076923076922915	-0.0133264580947563
103.9	20.821870105078858	-0.037499742124817506	-0.01131310831065635
104.0	20.784533333333336	0.027076923076922905	-0.00977912752277077
104.1	20.803937768882985	-0.0035341702081293914	-0.009491506125042237
104.2	20.86059208898216	0.0026482037483226656	-0.008341020534127885
104.3	20.896591313022633	0.060320196489576955	-0.008149272935642049
104.4	20.949412446397822	0.0594461876058648	-0.008724515731099558
104.5	20.970311111111112	0.030461538461538328	-0.008724515731099558
104.6	20.988469027439777	0.05452438164625892	-0.008724515731099558
104.7	21.00606448374537	0.053832252683189336	-0.01140898210989949
104.8	21.027022222222225	0.02369230769230757	-0.01965412884478468
104.9	21.039154759510478	0.04188367672187529	-0.0322135965455983
105.0	21.0604867769464	0.027521410556923413	-0.04515655944338315
105.1	21.076046412233513	0.020610062455849693	-0.058003648541925745
105.2	21.09551211397278	0.013534802000203535	-0.0699878734472823
105.3	21.132563797162696	0.0044365115378646415	-0.08225971975036739
105.4	21.165699488363952	0.011243658643297424	-0.10651579095880881
105.5	21.173745184988995	0.026553735205216533	-0.10651579095880881
105.6	21.187005653631452	0.0027519444231847772	-0.11850001586416559
105.7	21.21049510147041	0.023901436955224842	-0.13038836697027922
105.8	21.227673325413175	-0.014753996901567442	-0.14275608707260723
105.9	21.25847911408316	0.003997054613034477	-0.15483618577720648
106.0	21.27776706971342	-0.0012835692540405022	-0.16662866308407764
106.1	21.30659746134723	-0.012835692540405483	-0.17832526659170567
106.2	21.338880539041263	-0.020177829789575764	-0.20325245439484718
106.3	21.35438752516402	-0.03863819459266668	-0.2157160482964181
106.4	21.359432442345767	-0.020502621554864757	-0.2157160482964181
106.5	21.376265129038966	-0.030155384576140053	-0.22827551599723162
106.6	21.39154715281337	-0.03851062755932779	-0.23997211950485975
106.7	21.415389007886326	-0.033507323260753626	-0.25233983960718775
106.8	21.432824496464598	-0.04785275138180548	-0.2648993073080017
106.9	21.466443535434966	-0.05588894730283475	-0.28992236891038625
107.0	21.47147640903981	-0.05271536970839312	-0.28992236891038625
107.1	21.490877397202684	-0.06660141037971004	-0.302194215213471
107.2	21.50357316129873	-0.06808083621532383	-0.3136990711226133
107.3	21.539250207659805	-0.08434086613535233	-0.33709227813786946
107.4	21.54840462328572	-0.08467524221069714	-0.33709227813786946
107.5	21.578624772504085	-0.09870805071265824	-0.349076503043226
107.6	21.61707450800256	-0.11902902213321571	-0.37218208866075364
107.7	21.62300379799365	-0.1232773679522446	-0.37218208866075364
107.8	21.638088255694402	-0.13045698964635283	-0.3833993231721674
107.9	21.6668788720565	-0.1467299846572044	-0.40631316119120875
108.0	21.685227186009254	-0.15289330744044105	-0.41829738609656564
108.1	21.708718221173296	-0.1643977959847188	-0.430377484801165
108.2	21.723061521125214	-0.17344023657004537	-0.430377484801165
108.3	21.74722591116915	-0.18464066909322027	-0.45472942980884956
108.4	21.745538763625614	-0.19215504045833096	-0.45472942980884956
108.5	21.764642456758462	-0.20014153424296646	-0.47841025822183436
108.6	21.776495015884134	-0.1989270645917841	-0.47841025822183436
108.7	22.13474152904735	-1.280281696598235	-0.5006529796461763
108.8	22.117087119170478	-1.2841498598551366	-0.5120619617560753
108.9	22.106387834225927	-1.2968116562883119	-0.5120619617560753
109.0	21.85805649868326	-0.2624413207501147	-0.5280728862296319
109.1	22.079364825087985	-1.3682238270423188	-0.530565605009946
109.2	22.082444982915295	-1.3624116601812013	-0.530565605009946
109.3	22.105451198055942	-1.3173515234352804	-0.5427415775137883
109.4	21.85274373494818	-0.255173963168835	-0.5464806556842592
109.5	21.85274373494818	-0.255173963168835	-0.5464806556842592
109.6	22.009995481198256	-1.445587363057539	-0.555205171415359
109.7	21.95670963182677	-0.31647872388941045	-0.555205171415359
109.8	22.07704665171241	-1.3723950519591814	-0.577352019040458
109.9	22.07704665171241	-1.3723950519591814	-0.577352019040458
110.0	22.008462314441545	-1.5109813171308883	-0.5979648858776714
110.1	22.012366330565133	-1.5219344327753228	-0.6036214400329994
110.2	21.970026218229336	-1.520260932306361	-0.6036214400329994
110.3	21.964039012353474	-1.553387306152417	-0.6093738679875706
110.4	21.949002079350667	-1.5612039531661255	-0.6134005675557707
110.5	21.9334296958657	-1.5839744049107933	-0.6167561505292706
110.6	21.923048106875722	-1.599154706073905	-0.6203993549004989
110.7	21.940107139292543	-1.6236933456084603	-0.6249054234649128
110.8	21.911495877992795	-1.637652609204552	-0.6292197444308413
110.9	21.93583831164911	-0.5016925251406192	-0.633917560593741
111.0	21.974542647846864	-0.5083217559898774	-0.6386153767566409
111.1	21.94901157241556	-0.54203890037512	-0.6442719309119691
111.2	22.02512533190608	-0.5370100224516039	-0.6556809130218684
111.3	22.035474472269286	-0.5597923068327494	-0.6688156235181395
111.4	22.038546041856723	-0.5664327691702848	-0.6825255768098675
111.5	22.071175666949852	-0.5513337837076834	-0.6960437825031094
111.6	22.07937397852493	-0.552341990890955	-0.7091784929993803
111.7	22.094575482314855	-0.5526096845113149	-0.7232719414880797
111.8	22.064055455814547	-0.5670751660746478	-0.7363107781851077
111.9	22.126290560522374	-0.571047920982789	-0.7505959742722927
112.0	22.14158115022817	-0.585781558776931	-0.7642100537647776
112.1	22.173628044059573	-0.6035798875833506	-0.779645735442877
112.2	22.22405902293098	-0.6195587955570876	-0.7937391839315762
112.3	22.25901906151731	-0.659622607263564	-0.80831200141649
112.4	22.304627281916446	-0.6676413083603704	-0.80831200141649
112.5	22.38045503541498	-0.7357046352566823	-0.8379370053825315
112.6	22.39020318913109	-0.7455573032302223	-0.8525098228674449
112.7	22.39020318913109	-0.7455573032302223	-0.8525098228674449
112.8	22.376599012088334	-0.7426709530993084	-0.8664115237576585
112.9	22.38985999526224	-0.7440169377557493	-0.8800256032501435
113.0	22.446901085201553	-0.7875945994033405	-0.8937355565418716
113.1	22.446901085201553	-0.7875945994033405	-0.8937355565418716
113.2	22.473404775002738	-0.7981493211577835	-0.9078290050305708
113.3	22.473404775002738	-0.7981493211577835	-0.9078290050305708
113.4	22.504364882047202	-0.8265318527273289	-0.9353447854132695
113.5	22.504364882047202	-0.8265318527273289	-0.9353447854132695
113.6	22.5405898841551	-0.8537741079439608	-0.9633399347921825
113.7	22.5405898841551	-0.8537741079439608	-0.9633399347921825
113.8	22.57685275899252	-0.8917810443504551	-1.0058120278567662
113.9	22.57685275899252	-0.8917810443504551	-1.0058120278567662
114.0	22.618115120015545	-0.9282834096092311	-1.0344782938303791
114.1	22.618115120015545	-0.9282834096092311	-1.0344782938303791
114.2	22.635906033567714	-0.9467109210280689	-1.0493387327130212
114.3	22.649567055326507	-0.9659635841644275	-1.0644867929933919
114.4	22.66353227256471	-0.9835040043516061	-1.0784843676828484
114.5	22.66353227256471	-0.9835040043516061	-1.0784843676828484
114.6	22.66353227256471	-0.9835040043516061	-1.0784843676828484
114.7	22.67130876096205	-0.9936733361198727	-1.0928654375692763
114.8	22.67597649639479	-1.0004704687431087	-1.1076300026526755
114.9	22.689744101285967	-1.0155889727445377	-1.1367756376225029
115.0	22.689744101285967	-1.0155889727445377	-1.1367756376225029
115.1	22.702073129138235	-1.0381499067190434	-1.1367756376225029
115.2	22.713623924053756	-1.0510882135710211	-1.1507732123119594
115.3	22.729536672146324	-1.0685231474379033	-1.164674913202173
115.4	22.74567300584698	-1.1012884483878065	-1.1785766140923866
115.5	22.76179239424888	-1.1268208013050143	-1.2059965206758423
115.6	22.76179239424888	-1.1268208013050143	-1.2059965206758423
115.7	22.777230762671902	-1.1633620739103154	-1.2347586604486982
115.8	22.781110565427724	-1.1706205082741359	-1.2494273517328547
115.9	22.797565238068938	-1.203294339100338	-1.2642877906154968
116.0	22.797565238068938	-1.203294339100338	-1.2642877906154968
116.1	22.816991953508698	-1.2172767613455981	-1.294008668380781
116.2	22.816991953508698	-1.2172767613455981	-1.294008668380781
116.3	22.822091206760852	-1.2517696564720517	-1.3241130413430366
116.4	22.822091206760852	-1.2517696564720517	-1.3241130413430366
116.5	22.826634653523207	-1.2867325380960641	-1.3683108627939917
116.6	22.83288056465944	-1.288776436868506	-1.3828836802789053
116.7	22.861948693055666	-1.3445637958516756	-1.4115499462525183
116.8	22.861948693055666	-1.3445637958516756	-1.4115499462525183
116.9	22.874717236947998	-1.406988639510775	-1.4400244646276454
117.0	22.874717236947998	-1.406988639510775	-1.4400244646276454
117.1	22.84933526842999	-1.4225191334321066	-1.454022039317102
117.2	22.84248210455805	-1.4408769592616602	-1.468307235404287
117.3	22.8898396229919	-1.4584890860770303	-1.498890977362757
117.4	22.8898396229919	-1.4584890860770303	-1.498890977362757
117.5	22.854056699559724	-1.4254919799501646	-1.5287077289272841
117.6	22.870509070949925	-1.4015563347142712	-1.5287077289272841
117.7	22.87792569365944	-1.4524502475725183	-1.5440475368061406
117.8	22.87792569365944	-1.4524502475725183	-1.5440475368061406
117.9	22.871371599708482	-1.5228328379321159	-1.5721385599842963
118.0	22.871371599708482	-1.5228328379321159	-1.5721385599842963
118.1	22.89132814153771	-1.5312043768357484	-1.609433467889766
118.2	22.89132814153771	-1.5312043768357484	-1.609433467889766
118.3	22.892234550046997	-1.5082011620426061	-1.6360863840792792
118.4	22.892234550046997	-1.5082011620426061	-1.6360863840792792
118.5	22.88399059296649	-1.5500857035712001	-1.649125220776307
118.6	22.912287972860664	-1.5344881974324274	-1.649125220776307
118.7	22.85885492302758	-1.5643164718666411	-1.67376478718172
118.8	22.85885492302758	-1.5643164718666411	-1.67376478718172
118.9	22.874289037666188	-1.562715299413951	-1.7120184330796184
119.0	22.874289037666188	-1.562715299413951	-1.7120184330796184
119.1	22.843632385277356	-1.598879694784786	-1.7263036291668032
119.2	22.843632385277356	-1.598879694784786	-1.7263036291668032
119.3	22.871831021959213	-1.6670923390847165	-1.7534359143525307
119.4	22.871831021959213	-1.6670923390847165	-1.7534359143525307
119.5	22.855435585473824	-1.709603486853869	-1.7674334890419872
119.6	22.855435585473824	-1.709603486853869	-1.7674334890419872
119.7	22.847811716627184	-1.773989873658616	-1.7688715960306296
119.8	22.847811716627184	-1.773989873658616	-1.7688715960306296
119.9	22.87858800061762	-1.7456384869974566	-1.7714601886101868
120.0	22.87858800061762	-1.7456384869974566	-1.7730900431973153
120.1	22.87858800061762	-1.7456384869974566	-1.7730900431973153
120.2	22.874540134496762	-1.774393095737051	-1.774528150185958
120.3	22.825135152522606	-1.8459830370111947	-1.7771167427655155
120.4	22.84609056147788	-1.8863680874634192	-1.7761580047730867
120.5	22.751483909945	-2.0283523387076263	-1.7691592174283584
120.6	22.686286475899117	-2.0949738769289024	-1.7657077606556157
120.7	22.734411143972544	-2.173057580138451	-1.7566956235267877
120.8	22.68556217627352	-2.1532648046993224	-1.749984457579788
120.9	22.686161522546215	-2.1493690539268355	-1.7481628553941737
121.0	22.718652516969673	-2.1528911390359666	-1.745478389015374
121.1	22.684195182232624	-2.1921750112444567	-1.745478389015374
121.2	22.68258253860491	-2.225463885159587	-1.7410681942502024
121.3	22.6858946077998	-2.2874246545935257	-1.7380961064736742
121.4	22.687697201056658	-2.297341529960244	-1.7356033876933603
121.5	22.68981328879297	-2.3053112562823554	-1.7333024165115316
121.6	22.644598246432384	-2.3195048766516435	-1.7301385811365173
121.7	22.66388449805364	-2.3470069427871114	-1.7269747457615032
121.8	22.648517910237747	-2.3667612638961515	-1.723906784185732
121.9	22.689078498817846	-2.384195005250815	-1.7210305702084465
122.0	22.665912424835934	-2.398291180802335	-1.7189213466251037
122.1	22.680173333549767	-2.4285250365236353	-1.7178667348334322
122.2	22.675601021650422	-2.4659583667331986	-1.7159492588485752
122.3	22.644734934824385	-2.4647250205690368	-1.7151822684546323
122.4	22.66157280955912	-2.4809844511258934	-1.7140317828637182
122.5	22.645700873243282	-2.494118168901144	-1.712306054477347
122.6	22.67228083434598	-2.512199412336084	-1.710963821287947
122.7	22.670925246405883	-2.5281918980859497	-1.709621588098547
122.8	22.644290871496935	-2.538745172276464	-1.7078958597121758
122.9	22.670135833593587	-2.5690317179851743	-1.7058825099280757
123.0	22.673194329299093	-2.583690191089918	-1.70367741254549
123.1	22.67271299082883	-2.607236555961262	-1.701759936560633
123.2	22.652213378463166	-2.615484621763031	-1.699842460575776
123.3	22.650483584825736	-2.636972502725777	-1.699842460575776
123.4	22.6495400610235	-2.648693165069093	-1.6955281396098476
123.5	22.651821557415442	-2.658355005490977	-1.6936106636249906
123.6	22.65134848164445	-2.6683184601555756	-1.692076682837105
123.7	22.649146926105903	-2.6956666722899794	-1.690830323446948
123.8	22.65138693212844	-2.7253365856995524	-1.6910220710454338
123.9	22.64183187201334	-2.7422683628686424	-1.6904468282499765
124.0	22.637667386512046	-2.754088268311314	-1.6895839640567907
124.1	22.63530857700646	-2.783389924169604	-1.6884334784658765
124.2	22.636389398769893	-2.793342852728755	-1.6873788666742051
124.3	22.636389398769893	-2.793342852728755	-1.6865160024810195
124.4	22.63536795485999	-2.8008676361736993	-1.6859407596855625
124.5	22.632586766393395	-2.816237783138182	-1.6853655168901054
124.6	22.634454873562557	-2.836038209843049	-1.684790274094648
124.7	22.634762248498006	-2.875197776619293	-1.6845985264961625
124.8	22.63291799888531	-2.8986402383628946	-1.683639788503734
124.9	22.63522331090118	-2.912403804916903	-1.682968671909034
125.0	22.630567838013874	-2.9244115365730656	-1.6821058077158484
125.1	22.63199587407896	-2.953428112968206	-1.6801883317309914
125.2	22.631073749272613	-2.965149343840007	-1.6792295937385626
125.3	22.629097045308413	-2.9868206449966155	-1.6780791081476487
125.4	22.638	-3.002088888888889	-1.6766410011590056
125.5	22.621627481874057	-3.0375193239700287	-1.677024496355977
125.6	22.62579837627189	-3.051099908953711	-1.67644925356052
125.7	22.615243940096974	-3.0802305196722335	-1.67644925356052
125.8	22.606865458755163	-3.0940403429686194	-1.6765451273597627
125.9	22.616123593027687	-3.1058898543060387	-1.676545127359763
126.0	22.615180069225453	-3.1176105166493544	-1.6768327487574914
126.1	22.626000486539425	-3.137076258908938	-1.677024496355977
126.2	22.615258696208972	-3.158723692698583	-1.677024496355977
126.3	22.631153002153386	-3.1782211895629207	-1.677695612950677
126.4	22.619547189193263	-3.197798017204539	-1.677216243954463
126.5	22.621084063870512	-3.2213292761517147	-1.6763533797612773
126.6	22.60512262752633	-3.2384562886206494	-1.6754905155680915
126.7	22.616909862862883	-3.2644822273312943	-1.6747235251741486
126.8	22.61678081477422	-3.276028353553452	-1.6734771657839915
126.9	22.63338319547883	-3.2936580468405103	-1.6724225539923203
127.0	22.61410244939991	-3.3207945161604164	-1.6711761946021633
127.1	22.591162892784254	-3.347953031742803	-1.6710803208029201
127.2	22.62792302903424	-3.358043462151187	-1.6717514373976203
127.3	22.627020687704505	-3.3815043367243023	-1.6716555635983772
127.4	22.604710011903215	-3.398852768266248	-1.6721349325945916
127.5	22.625462164012593	-3.4089616052066933	-1.6725184277915628
127.6	22.626010330090313	-3.4205232807772536	-1.6728060491892918
127.7	22.604634872403242	-3.4438730171170535	-1.6735730395832344
127.8	22.627396663258562	-3.459750698032044	-1.6735730395832342
127.9	22.62987810191533	-3.4832550186691833	-1.6734771657839915
128.0	22.6067387784025	-3.504609109828988	-1.6729977967877774
128.1	22.58301433643305	-3.5332711898114577	-1.6723266801930774
128.2	22.581692729336183	-3.5449796497214567	-1.6715596897991345
128.3	22.63040446769101	-3.5575912342147387	-1.6707926994051916
128.4	22.630946619365133	-3.5750228749259287	-1.6694504662157916
128.5	22.576503263479182	-3.607228702500066	-1.668683475821849
128.6	22.628584972623408	-3.622025430925876	-1.6684917282233633
128.7	22.62748155439494	-3.6513518353980445	-1.6683958544241202
128.8	22.623435687557222	-3.6689051760458784	-1.6687793496210916
128.9	22.622433785945017	-3.6768072338973825	-1.669354592416549
129.0	22.622433785945017	-3.6768072338973825	-1.669354592416549
129.1	22.51956643266295	-3.7698665576676	-1.6700257090112487
129.2	22.554086903030754	-3.7824779973763456	-1.669929835212006
129.3	22.551309953523514	-3.7979702025092883	-1.6702174566097345
129.4	22.581569780354624	-3.8205903055018298	-1.6696422138142775
129.5	22.55115626605579	-3.8429903847214324	-1.6697380876135202
129.6	22.552693140733037	-3.8665216436686083	-1.6688752234203346
129.7	22.551997629301372	-3.8858913899973446	-1.6683958544241204
129.8	22.585637260024786	-3.901114464875593	-1.6677247378294204
129.9	22.55545951515208	-3.917491238520227	-1.6669577474354778
130.0	22.611607955921176	-3.941815663370673	-1.6659031356438063
130.1	22.554141128421033	-3.962380533435216	-1.665327892848349
130.2	22.528179593092258	-3.9812341981870354	-1.6645609024544061
130.3	22.526935995214707	-3.9987721357911306	-1.6637939120604635
130.4	22.549619391378542	-4.03479234444181	-1.6645609024544061
130.5	22.545008767346804	-4.050331855067303	-1.664081533458192
130.6	22.56980349150263	-4.077057783487708	-1.6644650286551634
130.7	22.545623517217702	-4.08558434488628	-1.6642732810566776
130.8	22.545359307860082	-4.101343613607876	-1.664177407257435
130.9	22.567761942459057	-4.122062597959336	-1.6642732810566776
131.0	22.544086642540456	-4.1481863734061255	-1.6643691548559207
131.1	22.564916137176787	-4.162951007332682	-1.6643691548559207
131.2	22.547467766830398	-4.191341814343211	-1.6644650286551634
131.3	22.54992676631399	-4.203151842418586	-1.664081533458192
131.4	22.54915832897537	-4.212919534811753	-1.663314543064249
131.5	22.54942901082641	-4.228820731783615	-1.6629310478672779
131.6	22.54921203005254	-4.263933731928526	-1.6613970670793923
131.7	22.54716039189495	-4.281382178767499	-1.6603424552877208
131.8	22.546048226360266	-4.310954117787572	-1.659383717295292
131.9	22.543010830266383	-4.334127717690603	-1.6590002220983209
132.0	22.537478081428294	-4.361388459187897	-1.659479591094535
132.1	22.537515770326667	-4.373368049847205	-1.6590002220983209
132.2	22.5350190819447	-4.392645074846032	-1.6590960958975636
132.3	22.542890351038356	-4.407095292306217	-1.6590960958975638
132.4	22.52106104218892	-4.425222292838265	-1.6594795910945352
132.5	22.52817836561065	-4.445548692586809	-1.6598630862915065
132.6	22.527949458429365	-4.482507844863172	-1.660150707689235
132.7	22.51615384615385	-4.4892	-1.660150707689235
132.8	22.524103722531958	-4.515185204308972	-1.6599589600907494
132.9	22.528139998469296	-4.52569519092925	-1.6591919696968065
133.0	22.532606534513793	-4.551737256996315	-1.6584249793028638
133.1	22.53091519113086	-4.576794680867199	-1.6564116295187639
133.2	22.533565260332146	-4.5845710761886975	-1.6564116295187639
133.3	22.532149974628794	-4.6021520697036715	-1.6551652701286068
133.4	22.52560252982692	-4.641254971355016	-1.654206532136178
133.5	22.524314611935054	-4.656881708442971	-1.6552611439278497
133.6	22.52206075562429	-4.684228498346894	-1.655644639124821
133.7	22.521535331853652	-4.691919623154805	-1.655644639124821
133.8	22.519491030282143	-4.717314391565322	-1.656890998514978
133.9	22.51713222077656	-4.746616047423613	-1.6571786199127065
134.0	22.516503204908403	-4.754429822319157	-1.6571786199127065
134.1	22.518574522898163	-4.773940266993857	-1.6577538627081636
134.2	22.523031459462178	-4.803420938580508	-1.656890998514978
134.3	22.522570397059003	-4.809281554016408	-1.656890998514978
134.4	22.5237998968008	-4.836719889920851	-1.655548765325578
134.5	22.530794302508298	-4.86149577614174	-1.6541106583369354
134.6	22.539846153846156	-4.880311111111111	-1.6541106583369354
134.7	22.522570397059003	-4.895414841483429	-1.6541106583369354
134.8	22.539846153846156	-4.917466666666667	-1.652289056151321
134.9	22.51427127380187	-4.957839275596126	-1.6526725513482923
135.0	22.51319010093546	-4.979221679610295	-1.6525766775490496
135.1	22.511351211915102	-4.994956506690163	-1.6533436679429925
135.2	22.50996802470558	-5.012538352997864	-1.6538230369392068
135.3	22.508054648550267	-5.018622068770706	-1.6538230369392068
135.4	22.523411593568888	-5.049180643401377	-1.6540147845376927
135.5	22.49277713559864	-5.071366938627345	-1.654206532136178
135.6	22.5254879804581	-5.082460938282407	-1.654206532136178
135.7	22.528214312098502	-5.109818331084228	-1.653056046545264
135.8	22.493677700664193	-5.122358933894636	-1.6515220657573784
135.9	22.507930335937314	-5.135685495288503	-1.650946822961921
136.0	22.525958458774163	-5.168470517517016	-1.6498922111702496
136.1	22.525231465223584	-5.199697283398468	-1.6487417255793355
136.2	22.52074423109448	-5.228981185835169	-1.6480706089846358
136.3	22.539846153846156	-5.2499111111111105	-1.6473994923899358
136.4	22.512064007697198	-5.27972861618266	-1.64854997798085
136.5	22.51154907919058	-5.293414271603005	-1.6485499779808497
136.6	22.510167485503796	-5.3149706454069126	-1.6489334731778214
136.7	22.50971631483893	-5.32670108269347	-1.6489334731778214
136.8	22.509560016434605	-5.3617946630763225	-1.649029346977064
136.9	22.50838594693564	-5.377483297756554	-1.649029346977064
137.0	22.510519222177344	-5.410762391527145	-1.649029346977064
137.1	22.514023817965857	-5.424441477684835	-1.648358230382364
137.2	22.513303849976946	-5.44399260840595	-1.64720774479145
137.3	22.515594946028298	-5.45581454912207	-1.6463448805982643
137.4	22.51456508901506	-5.48318585996276	-1.645769637802807
137.5	22.514123721723674	-5.494916421751627	-1.6450026474088644
137.6	22.530857017440642	-5.581441481978512	-1.6436604142194644
137.7	22.46096618045639	-5.59648190697833	-1.6433727928217359
137.8	22.52255295268754	-5.631986070347125	-1.642605802427793
137.9	22.48804023687432	-5.6453061990073765	-1.642605802427793
138.0	22.485378029869636	-5.660838622639856	-1.6420305596323357
138.1	22.453067913081785	-5.678479008874089	-1.6415511906361218
138.2	22.51380403415172	-5.706125054087727	-1.6412635692383932
138.3	22.50988787184414	-5.723526718630972	-1.6405924526436932
138.4	22.454222323060215	-5.7528496461174585	-1.6404007050452074
138.5	22.510677090356108	-5.7766589383005	-1.639346093253536
138.6	22.51088772797311	-5.788334190364686	-1.638674976658836
138.7	22.488298091756402	-5.7959879664798635	-1.6378121124656504
138.8	22.514390697171905	-5.831494463712227	-1.6372368696701933
138.9	22.515516403503845	-5.8511367884197805	-1.6352235198860934
139.0	22.469938101219768	-5.872369768248273	-1.6344565294921507
139.1	22.46991208114164	-5.89786894213567	-1.632155558310322
139.2	22.4683488893958	-5.925197022505507	-1.6313885679163793
139.3	22.486064741445016	-5.942678598505027	-1.6311009465186508
139.4	22.46361682439736	-5.97015947374916	-1.6307174513216793
139.5	22.46226819991702	-5.983765476406545	-1.630333956124708
139.6	22.498584838328796	-6.017289518902829	-1.6297587133292508
139.7	22.480727927407003	-6.030770617546276	-1.6294710919315223
139.8	22.463459442978753	-6.058181152493636	-1.628991722935308
139.9	22.479384218628372	-6.081559773174647	-1.6287041015375794
140.0	22.46921329329325	-6.091552003036064	-1.6282247325413652
140.1	22.483284579945998	-6.110951004045741	-1.6277453635451509
140.2	22.48607456228633	-6.1327131225788385	-1.6267866255527224
140.3	22.473116888919165	-6.1482505342582	-1.6249650233671082
140.4	22.475577789919505	-6.183576716280143	-1.6232392949807366
140.5	22.49575807811462	-6.209285864511626	-1.6212259451966369
140.6	22.47610410030629	-6.240184146277889	-1.6195002168102657
140.7	22.475656502920796	-6.2598217233778035	-1.6183497312193513
140.8	22.475420430792884	-6.265686804244559	-1.6158570124390372
140.9	22.482379094060914	-6.304888743823674	-1.6188291002155655
141.0	22.482135300976495	-6.310846129704338	-1.6210341975981513
141.1	22.468769230769233	-6.291155555555555	-1.6210341975981513
141.2	22.479040203420848	-6.259867189120957	-1.625252644764837
141.3	22.493227418131415	-6.279495564989142	-1.6261155089580224
141.4	22.487018086088565	-6.289352051880208	-1.6261155089580224
141.5	22.491633695428995	-6.318938547124886	-1.6259237613595368
141.6	22.491633695428995	-6.318938547124886	-1.6259237613595368
141.7	22.48841390069933	-6.3580053898447755	-1.6253485185640797
141.8	22.48841390069933	-6.3580053898447755	-1.6253485185640797
