0.0	0.0	-0.1391965256980771
0.1	0.19698049799332673	-0.13458000590080677
0.2	0.19867866213965946	-0.13420831470598704
0.3	0.20001744132793967	-0.17920616959775407
0.4	0.20171331899936126	-0.17864938349496176
0.5	0.2040310457901471	-0.08742300462550734
0.6	0.20573058626858173	-0.08723700840351724
0.7	0.20776251589924555	-0.08703982363913859
0.8	0.2091734110367539	-0.22105443877371
0.9	0.21702858618619372	-0.1332973410659863
1.0	0.21872666202032526	-0.13291681987066273
1.1	0.21604044444444445	-0.04278153846153846
1.2	0.21665460078796264	-0.13096643820504303
1.3	0.2158172960117106	0.0020435391692912516
1.4	0.21751683649014525	0.001857542947301144
1.5	0.21629844553023347	0.047768943367687854
1.6	0.21601678833014082	0.04345591346634105
1.7	0.2128935968509208	0.04485382620768007
1.8	0.21343539771190825	0.042580390274848216
1.9	0.21015246118330128	0.04200262268738447
2.0	0.21185070770165879	0.04163936140003527
2.1	0.20689564354054085	0.0442271843983136
2.2	0.20842769587004614	0.04386666363167453
2.3	0.2066415676550043	0.042310539032392465
2.4	0.20833981417336178	0.04194727774504327
2.5	0.20322031322498216	0.04365774277719359
2.6	0.20491855974333967	0.04329448148984438
2.7	0.20411129069408013	0.04666273674185125
2.8	0.20474004478709343	0.0033057164259193833
2.9	0.20244858269336805	0.0043384848933684175
3.0	0.20414814381379445	0.004156713650542071
3.1	0.20401916163968806	0.0036573753127481443
3.2	0.2047925592870031	0.04558604884372962
3.3	0.20573466666666668	-0.036283076923076904
3.4	0.20579396329161373	0.0032310913793139814
3.5	0.2039817777777778	-0.036283076923076904
3.6	0.2056817777777778	-0.036283076923076904
3.7	0.20091787010800505	0.00349092708431481
3.8	0.20261748544910205	0.0033207528323902016
3.9	0.19932732129832248	0.006073495368557134
4.0	0.20036211378963312	0.005917145022557829
4.1	0.19897535582518988	0.044628296459495315
4.2	0.20067367929618243	0.044273091550529546
4.3	0.2018056574872722	0.00495989560621346
4.4	0.2035052378895859	0.004782161707932282
4.5	0.19302283884804142	-0.08924812430093065
4.6	0.19472239996846782	-0.08906635305810431
4.7	0.19207948521403542	-0.19313586249086948
4.8	0.19377554749159404	-0.19259167138577046
4.9	0.19148795632508175	-0.19243950401015533
5.0	0.19282313845235377	-0.141438660457887
5.1	0.19071422222222223	-0.037366153846153875
5.2	0.19241422222222224	-0.037366153846153875
5.3	0.19128844444444446	-0.03140923076923079
5.4	0.19010805912857776	0.07118908249558921
5.5	0.19013303319939734	0.07478946865679219
5.6	0.18867926410570765	0.12276778218306432
5.7	0.1896995606003735	0.07648219006834808
5.8	0.18973663943875918	0.07622810491986576
5.9	0.19092620765327908	0.08006734616709153
6.0	0.1924767009178454	0.074586039565651
6.1	0.1940135006793275	0.07314140276633681
6.2	0.19497015467134526	0.018791984387366192
6.3	0.1958217777777778	-0.0297846153846154
6.4	0.1957430184338408	-0.08086184588095917
6.5	0.1960853146266148	0.016760586784506197
6.6	0.19531321554672298	-0.08288594847717057
6.7	0.19497555555555557	-0.03195076923076925
6.8	0.19418222222222223	-0.03140923076923078
6.9	0.1918928888888889	-0.03032615384615386
7.0	0.19342666666666666	-0.029243076923076934
7.1	0.1948085797177412	0.019871015223771785
7.2	0.19468033700718668	0.018112275022934318
7.3	0.19453733333333334	-0.028160000000000008
7.4	0.19258044444444444	-0.02761846153846155
7.5	0.19278444444444445	-0.02761846153846155
7.6	0.19399700828224056	0.02033765042243754
7.7	0.19468844444444447	-0.028160000000000008
7.8	0.19390600314070375	0.020083137673537012
7.9	0.19443155555555558	-0.028160000000000004
8.0	0.19463555555555556	-0.028160000000000004
8.1	0.19442694403882108	0.06687988932976448
8.2	0.19338133333333335	-0.028160000000000004
8.3	0.1934301186759645	0.018373795730277098
8.4	0.1932068137223891	0.06673135003250871
8.5	0.19399333333333332	-0.027618461538461536
8.6	0.1941090910466549	0.06669758208191702
8.7	0.19539866666666666	-0.02707692307692308
8.8	0.19410666666666668	-0.02707692307692308
8.9	0.1946431111111111	-0.02707692307692308
9.0	0.1943536171923516	0.020716543423145828
9.1	0.19455244444444444	-0.026535384615384613
9.2	0.1949226666666667	-0.025993846153846152
9.3	0.19579155555555558	-0.025993846153846152
9.4	0.19555200238724954	-0.0721299777012743
9.5	0.19619955555555557	-0.026535384615384613
9.6	0.19590488888888888	-0.026535384615384613
9.7	0.19594629303022265	0.019192372495687934
9.8	0.19514933333333334	-0.026535384615384607
9.9	0.19485925945926164	0.0179378695255641
10.0	0.19472952057317267	0.01884696613509991
10.1	0.19526266666666667	-0.025993846153846145
10.2	0.19546666666666668	-0.02599384615384614
10.3	0.19583688888888892	-0.02545230769230768
10.4	0.1957108640159366	0.017390763902863947
10.5	0.1953162673369753	0.059930895157885106
10.6	0.19561874392121403	0.018115102779324842
10.7	0.19549130193485292	0.017028630626275416
10.8	0.19635989744841276	0.016877626168346586
10.9	0.19628054821266805	0.06279675172252445
11.0	0.1969325264143833	0.01756843743657535
11.1	0.19680512327833216	0.01649410933947618
11.2	0.19650933333333334	-0.024910769230769216
11.3	0.1967758324161664	-0.06607802713702657
11.4	0.1967511111111111	-0.02436923076923075
11.5	0.1956921646351945	-0.06442345578545584
11.6	0.19632617359906865	0.016620802891257117
11.7	0.19576403207234974	-0.06507669102416275
11.8	0.1965697777777778	-0.02382769230769229
11.9	0.19610655440784516	0.016615299045389352
12.0	0.1955510537130939	-0.06297531805867634
12.1	0.19551698774645393	0.01638813256251825
12.2	0.19555573437247487	0.01572220028589063
12.3	0.19559562176136847	0.013875209194693382
12.4	0.19646424170470086	0.013730628012343742
12.5	0.19633335415789585	0.015327991680879286
12.6	0.1969347282241433	-0.06414329582750711
12.7	0.19641111111111112	-0.024910769230769205
12.8	0.19694477696556606	0.014939128963938411
12.9	0.19615376719388083	0.013151043290215391
13.0	0.19575729531539673	0.050930876926162126
13.1	0.19745575824455805	0.0505907591931636
13.2	0.19915422117371934	0.05025064146016509
13.3	0.19217558489409503	-0.06219486636972963
13.4	0.1925602328137995	-0.11392374909489464
13.5	0.19231600000000001	-0.009747692307692336
13.6	0.19188617410951908	-0.1667127289707386
13.7	0.1919963095220519	-0.06027193199473181
13.8	0.1924293333333333	-0.009747692307692332
13.9	0.19224113575305948	-0.05839306429435496
14.0	0.19343848092494503	-0.05999405244828019
14.1	0.19314848288727154	-0.05761622489731083
14.2	0.19384843707700952	-0.05863941976405972
14.3	0.19325437117505648	0.042702831530266175
14.4	0.1936215663826907	0.04422408927048739
14.5	0.1931627115582282	0.04247914644058573
14.6	0.19289777777777778	-0.0043323076923077125
14.7	0.19306787571391887	0.04438305227230571
14.8	0.1944332760431687	0.04531881386459505
14.9	0.19400844444444443	-0.004873846153846173
15.0	0.1937137777777778	-0.004873846153846173
15.1	0.19371626757330537	0.0444231915701337
15.2	0.1936231111111111	-0.00487384615384617
15.3	0.19266355555555556	-0.004332307692307707
15.4	0.19353244444444445	-0.004332307692307707
15.5	0.19351213943433598	-0.05426835268507208
15.6	0.19440091633688703	0.04490196228428829
15.7	0.19477090020640506	0.044760720231852354
15.8	0.19501333333333337	-0.004873846153846166
15.9	0.1947186666666667	-0.004873846153846166
16.0	0.19505106771701505	0.04382329686964732
16.1	0.19479422222222226	-0.005956923076923088
16.2	0.194832	-0.005956923076923088
16.3	0.1945373333333333	-0.005956923076923087
16.4	0.19507377777777776	-0.005956923076923085
16.5	0.19477911111111107	-0.005956923076923085
16.6	0.19548177777777778	-0.005956923076923085
16.7	0.19485466666666665	-0.005415384615384622
16.8	0.19499684943315002	-0.05308575998815883
16.9	0.1942248693571841	0.043233643738449186
17.0	0.1947610478028167	0.043086807414818976
17.1	0.19494716338638446	-0.05107308342064715
17.2	0.19583221591145317	0.0433348033284271
17.3	0.19607866666666665	-0.004332307692307695
17.4	0.1964488888888889	-0.004332307692307695
17.5	0.19615422222222223	-0.004873846153846156
17.6	0.19646358284640758	-0.050935514905794815
17.7	0.19622977777777778	-0.005415384615384617
17.8	0.19676622222222223	-0.005415384615384615
17.9	0.1964278612643615	0.0424422303618562
18.0	0.19663164040728587	0.042303354008845925
18.1	0.19648540173898346	-0.050305489026704016
18.2	0.19675111111111113	-0.004873846153846151
18.3	0.19595777777777781	-0.004332307692307688
18.4	0.19599555555555556	-0.004332307692307688
18.5	0.19520222222222225	-0.0037907692307692256
18.6	0.19569257486641034	0.04207809983340916
18.7	0.19594266666666668	-0.0037907692307692247
18.8	0.19674828880087258	-0.04936778703830809
18.9	0.19694922355145406	-0.050313484748995545
19.0	0.1971585434395162	-0.04806734141578731
19.1	0.19671271011605637	0.040858192366332244
19.2	0.19706893549925808	-0.047382350193193944
19.3	0.196668	-0.0048738461538461435
19.4	0.19720444444444446	-0.0048738461538461435
19.5	0.19657733333333335	-0.004873846153846143
19.6	0.19728	-0.004873846153846143
19.7	0.1975867980588624	-0.047713846475009834
19.8	0.1970231111111111	-0.00433230769230768
19.9	0.1973307741004203	-0.046928921024246756
20.0	0.19637236392855845	-0.046292963247481674
20.1	0.1962463242806861	-0.04521798173339655
20.2	0.19611773792774131	-0.04509905260389053
20.3	0.19682254595811952	-0.04404721374573107
20.4	0.1973722420386183	0.03722987972552971
20.5	0.19789026757723702	-0.04575608318855865
20.6	0.19728240231169447	0.03644501831939606
20.7	0.1961589060946749	0.03527485000021058
20.8	0.19752609254148704	0.03510780787807034
20.9	0.1982296270785111	0.03442049204916084
21.0	0.19741012478661873	-0.04678106343011149
21.1	0.19684933333333332	-0.005415384615384594
21.2	0.19784159601724668	0.03514701917874505
21.3	0.1957163739288626	0.03617555522418693
21.4	0.19675003041895828	0.03656086213723877
21.5	0.19677770372561376	-0.041767065819047905
21.6	0.1957084444444445	-0.002707692307692282
21.7	0.1945258805939304	-0.04113779484895472
21.8	0.195784	-0.0010830769230768956
21.9	0.195988	-0.001083076923076895
22.0	0.19718933333333336	-0.0010830769230768947
22.1	0.19734347047456643	0.036989239960850094
22.2	0.1990430689155671	0.03681536799757636
22.3	0.20074266735656773	0.03664149603430264
22.4	0.1932755555555556	0.014621538461538434
22.5	0.19340481408832738	0.06605541133600903
22.6	0.19393932153838359	0.06661321951451912
22.7	0.1933722873048683	-0.03861382705750205
22.8	0.19442399999999996	0.011913846153846127
22.9	0.19396311111111114	0.010830769230769206
23.0	0.1938142792201465	-0.039262672217354404
23.1	0.193519495889451	-0.039149088975918844
23.2	0.19322471255875534	-0.03903550573448329
23.3	0.19311688888888887	0.010289230769230747
23.4	0.19381955555555555	0.01083076923076921
23.5	0.19433673231979992	-0.03811683170419796
23.6	0.1955573333333333	0.011913846153846134
23.7	0.19452701512704093	0.061690326755665895
23.8	0.19478193278171493	-0.03772460129691786
23.9	0.19432237982479592	-0.0365138793939421
24.0	0.19464098574634975	0.06076736815384759
24.1	0.19501581293559694	0.05845189342760533
24.2	0.19545155555555552	0.010289230769230752
24.3	0.19591948888356236	0.05926447600424854
24.4	0.19550265250852256	-0.03857059589627204
24.5	0.19586977184828838	-0.0401066503057697
24.6	0.1952702222222222	0.009206153846153833
24.7	0.19561138334800818	-0.040399400388932014
24.8	0.1945146666666666	0.009206153846153833
24.9	0.1948585263366981	-0.03850410178054779
25.0	0.19509302604963336	-0.09042855040492678
25.1	0.19609652893465035	-0.03878466068461676
25.2	0.1962551444881601	0.059232418216380894
25.3	0.19650702405166148	-0.036863176479893546
25.4	0.19590488888888888	0.011372307692307683
25.5	0.19619935649865455	0.05993118907917008
25.6	0.19578829635800865	-0.03706783882622544
25.7	0.19668311111111106	0.011372307692307685
25.8	0.1966925769709755	-0.03792553737167362
25.9	0.19789541542325012	-0.036610547041752
26.0	0.19696266666666665	0.010830769230769225
26.1	0.19733288888888886	0.010830769230769225
26.2	0.19653955555555555	0.011372307692307689
26.3	0.19657733333333327	0.01191384615384615
26.4	0.19575717375777307	-0.03608338474742566
26.5	0.19745669210313807	-0.03589296252385535
26.6	0.19802044444444447	0.012455384615384613
26.7	0.19972044444444442	0.012455384615384613
26.8	0.20023343589399742	-0.03268616822032655
26.9	0.2019329970144238	-0.032504396977500204
27.0	0.20329836094475148	-0.033387124612796776
27.1	0.20269733333333328	0.01299692307692308
27.2	0.20364887796537678	0.05911591997200485
27.3	0.20102735946483247	0.05907537480106579
27.4	0.20247822222222223	0.01299692307692308
27.5	0.2006616905133436	-0.032332673279549085
27.6	0.20236125163376995	-0.03215090203672274
27.7	0.20126177777777776	0.011913846153846159
27.8	0.2029617777777777	0.011913846153846159
27.9	0.19798728659508452	-0.031865179682106844
28.0	0.19968682707351912	-0.031679183460116736
28.1	0.1969037519380105	-0.02909562429110219
28.2	0.1986033323403242	-0.02891789039282102
28.3	0.19749911111111113	0.01408000000000001
28.4	0.19919911111111108	0.01408000000000001
28.5	0.19721806500738795	-0.030035087127250944
28.6	0.1974225002630767	-0.029429879970239905
28.7	0.19565555555555555	0.01299692307692309
28.8	0.19735555555555553	0.01299692307692309
28.9	0.19537173139791092	-0.030665341463129728
29.0	0.19707127187634554	-0.030479345241139624
29.1	0.19461957054084256	-0.028480065583515932
29.2	0.19631915094315627	-0.02830233168523476
29.3	0.19154045721683466	-0.026708115644548433
29.4	0.19324003761914837	-0.026530381746267262
29.5	0.19244821907443083	-0.025529096488111178
29.6	0.1934797620063273	-0.02721771705240972
29.7	0.1913791111111111	0.014621538461538484
29.8	0.1930791111111111	0.014621538461538484
29.9	0.19193004594099117	-0.027040434169121313
30.0	0.19280180874267971	-0.025147018720005965
30.1	0.19252755555555554	0.0129969230769231
30.2	0.19422755555555557	0.0129969230769231
30.3	0.19435158206919206	0.05300969735933599
30.4	0.19605116247150584	0.052831963461054815
30.5	0.19398444964797304	-0.02590170323644051
30.6	0.19568404808897374	-0.02572783127316678
30.7	0.19566721077384475	0.05214721262352476
30.8	0.19492990727684692	-0.02468045643296121
30.9	0.19438233992540055	0.0930999015948962
31.0	0.19544243332794278	0.053738014573101636
31.1	0.19714201373025647	0.05356028067482046
31.2	0.19884159413257024	0.05338254677653927
31.3	0.19140933333333332	0.03140923076923074
31.4	0.19310933333333336	0.03140923076923074
31.5	0.1910105644047977	-0.021180834851832038
31.6	0.19271010488323237	-0.020994838629841923
31.7	0.18975664206970427	-0.019775911698037895
31.8	0.1914562031901307	-0.019594140455211538
31.9	0.19202730678746865	0.08065305985656626
32.0	0.1937268679078951	0.08047128861373991
32.1	0.19509165888085714	0.08093313010016445
32.2	0.19109683380604625	-0.02515107160051156
32.3	0.19279637428448085	-0.024965075378521454
32.4	0.1901626666666667	0.02707692307692306
32.5	0.1911977777777778	0.02707692307692306
32.6	0.19057066666666667	0.02815999999999998
32.7	0.1922706666666667	0.02815999999999998
32.8	0.1906462222222222	0.029243076923076906
32.9	0.19234622222222222	0.029243076923076906
33.0	0.19045112386899582	0.07767851148987434
33.1	0.19148705236152144	0.0769805038848239
33.2	0.19069708610121838	0.07525798653044634
33.3	0.19239666650353218	0.07508025263216517
33.4	0.19070666666666664	0.0265353846153846
33.5	0.19240666666666667	0.0265353846153846
33.6	0.18979353497423632	-0.023341196702078057
33.7	0.19149309609466275	-0.0231594254592517
33.8	0.18870446934734836	-0.02425424944298717
33.9	0.190404009825783	-0.024068253220997055
34.0	0.18766944355424692	-0.12316205648125625
34.1	0.18520885727674818	-0.12410844279987102
34.2	0.1821037461013233	-0.12123509593715305
34.3	0.18063028665563782	-0.12433968139166984
34.4	0.18068228941152156	-0.12062040906674802
34.5	0.1800580248901436	-0.11976224630519919
34.6	0.18023081165589117	-0.1256048451091954
34.7	0.17948439065912647	-0.07049494546507667
34.8	0.17951311580736673	-0.11705708344405807
34.9	0.1789803461770946	-0.023779991155948133
35.0	0.1786782222222222	0.02599384615384616
35.1	0.17911208896960637	0.07325898195966958
35.2	0.17942769296389022	-0.021680225181048455
35.3	0.17901639783132917	0.0746448791785091
35.4	0.179884965429191	0.07448685431249032
35.5	0.17969822222222218	0.027076923076923082
35.6	0.18012992097612623	0.07313781522923142
35.7	0.18127761231148035	-0.020974014918868748
35.8	0.18197244444444444	0.026535384615384624
35.9	0.18218473951869285	-0.019613433155570965
36.0	0.1832185368006073	-0.02052231740558956
36.1	0.18275853285636032	-0.01934283411493191
36.2	0.1829623316162768	-0.019210268225348076
36.3	0.18299993455835886	-0.019083169597235643
36.4	0.18274173002859037	-0.11222377448610192
36.5	0.18241151896424787	-0.01830917866941535
36.6	0.1829497496910405	-0.01661927661255505
36.7	0.182986474094978	-0.017496916911295297
36.8	0.18335646867272898	-0.017358883760240067
36.9	0.18306258156545832	-0.01624645155982559
37.0	0.18331671402183847	0.07136052518932573
37.1	0.1829727418385344	-0.015461590153691928
37.2	0.18334184641628548	-0.016314293791780714
37.3	0.18326334891850554	0.07099304602466673
37.4	0.1842489525572078	-0.015051343884469173
37.5	0.18478319136451427	-0.016912943445107263
37.6	0.18520434754818194	0.07056141620316211
37.7	0.18485111111111116	0.02816000000000002
37.8	0.1852315159464004	-0.013985857114759751
37.9	0.18459422222222224	0.02816000000000002
38.0	0.1849743432405107	-0.013747998855747717
38.1	0.18483600000000003	0.029243076923076945
38.2	0.18653599999999998	0.029243076923076945
38.3	0.1880821287180876	-0.011653976040596384
38.4	0.18911775722003676	-0.01058900602269408
38.5	0.1893730863940239	-0.09334313808657935
38.6	0.19017777777777775	0.03140923076923079
38.7	0.18956522944027684	-0.009130519783362025
38.8	0.18951715970308458	-0.049354164241506814
38.9	0.18946000000000005	0.030867692307692332
39.0	0.1877640532701001	-0.04898295642925103
39.1	0.18797303846202307	-0.04702820380158358
39.2	0.18591644444444444	0.030326153846153878
39.3	0.1876985870662345	-0.05111456282637539
39.4	0.1883273766107724	-0.011375611253427745
39.5	0.18869516295876515	-0.012701746567986082
39.6	0.1887271111111111	0.028160000000000032
39.7	0.19042711111111116	0.028160000000000032
39.8	0.18291562499844966	-0.06935547501023406
39.9	0.18283844085918302	-0.11934536789960828
40.0	0.18219884059290378	-0.12281585024995392
40.1	0.18220005857444058	-0.06608016732259817
40.2	0.183236149169452	-0.0652110998241636
40.3	0.18447637337169848	-0.011367415792000748
40.4	0.18385342585934344	-0.006740979657800364
40.5	0.18389510598021927	-0.007338005930603117
40.6	0.1827727530849932	-0.0016434624756200972
40.7	0.1835817777777779	0.0476553846153846
40.8	0.182649641310196	0.09727972032458043
40.9	0.18421720573244038	-0.0029160570899295427
41.0	0.18591676685286676	-0.002734285847103196
41.1	0.18761632797329328	-0.0025525146042768357
41.2	0.18931588909371963	-0.002370743361450482
41.3	0.191015450214146	-0.0021889721186241287
41.4	0.19271501133457236	-0.002007200875797782
41.5	0.19441457245499888	-0.0018254296329714217
41.6	0.19611413357542526	-0.0016436583901450683
41.7	0.1978136946958516	-0.0014618871473187148
41.8	0.199513255816278	-0.0012801159044923752
41.9	0.18541608169099452	-0.005409373523815153
42.0	0.1862848697368993	-0.007617967400055353
42.1	0.1879843880822643	-0.0074275451764850425
42.2	0.1846990732211311	-0.00451375122935381
42.3	0.1855160000000001	0.04440615384615383
42.4	0.18523813510172513	-0.0511598338254885
42.5	0.1857577777777778	0.044406153846153845
42.6	0.18629422222222214	0.044406153846153845
42.7	0.18669090368327665	0.0926453366180183
42.8	0.1870829129193459	-0.0047634104965130625
42.9	0.18778412643469955	-0.006282699051442887
43.0	0.18732199103521902	-0.005587071413778795
43.1	0.18800054203057567	0.0922280795326316
43.2	0.18735200000000005	0.04169846153846153
43.3	0.18743368064133284	-0.004681787604178561
43.4	0.18776	0.04224
43.5	0.18798083273845057	-0.10000170738225414
43.6	0.18837742598382093	-0.005338806055228192
43.7	0.18904915945119324	-0.09914200568092163
43.8	0.18861987383601442	-0.005637103208302047
43.9	0.1889899840566331	-0.004399445668995715
44.0	0.18869506327059224	-0.005376996188207243
44.1	0.1890651899407972	-0.0041452484127708425
44.2	0.18960122558574286	-0.005088917812141082
44.3	0.19030359860748997	-0.004936487217316619
44.4	0.19050756530971896	-0.0037202144366623793
44.5	0.1908258811714746	-0.04780093268671735
44.6	0.19008280482449866	-0.005099183790431512
44.7	0.19045249241702503	-0.006080823725488349
44.8	0.18999203201364673	-0.0037753516875791843
44.9	0.1896981940306504	-0.004184137513003561
45.0	0.18967110536132284	-0.0973422285492267
45.1	0.1907705509219156	-0.00389046486574314
45.2	0.1903111152258359	-0.001167751207206913
45.3	0.19101351376164513	-0.0010220926373485373
45.4	0.19204812724844322	-0.0018692946077572756
45.5	0.19053929687241497	-0.043733145390794176
45.6	0.19013143577198807	0.0004019716050603847
45.7	0.19060872678889892	-0.04522310063271069
45.8	0.19087030893138826	0.0001302479334440998
45.9	0.19157252048057835	-0.0007140077955996652
46.0	0.19170893351623347	-0.04699709251686001
46.1	0.19161250717472453	-0.08301623295772192
46.2	0.19151797169592752	-0.0008798418902147276
46.3	0.191721770455844	-0.0007472760006309032
46.4	0.1910348667912585	-0.042570488233308536
46.5	0.19073973353859033	-0.042343394936732344
46.6	0.1901123574986453	-0.042137653575554435
46.7	0.19050266666666665	0.043323076923076936
46.8	0.1900819003339773	0.0007939196336645693
46.9	0.19057822222222226	0.04278153846153848
47.0	0.1894920537829019	6.040547408530522e-05
47.1	0.18969747926357106	0.002608494560158131
47.2	0.18901534705557782	-0.03782553255813223
47.3	0.18956577777777783	0.04440615384615387
47.4	0.1903098360852431	0.002622884257225809
47.5	0.1908460376433013	0.0027631969390136887
47.6	0.19065903156100053	-0.03675932915745554
47.7	0.1907142222222221	0.04440615384615387
47.8	0.19041955555555562	0.04440615384615387
47.9	0.19078977777777784	0.04440615384615387
48.0	0.19080758457150307	-0.03578712865953647
48.1	0.19040735860054198	0.005227442804224006
48.2	0.19090311111111116	0.044947692307692334
48.3	0.1908190726911072	0.005913334339689227
48.4	0.1914773333333334	0.04657230769230772
48.5	0.19106178692173179	0.00758659410417617
48.6	0.19155288888888897	0.04765538461538465
48.7	0.19097405919519095	0.008577063446199733
48.8	0.19196088888888893	0.04873846153846157
48.9	0.19366088888888888	0.04873846153846157
49.0	0.195360888888889	0.04873846153846157
49.1	0.18890898029829373	-0.05915081604584192
49.2	0.18994338249254655	-0.0564227833661421
49.3	0.19032689627437435	0.0008767004974470707
49.4	0.1910096448463551	-0.054665171082876864
49.5	0.1905489960740568	-0.05235290101354555
49.6	0.19125043285493382	-0.05204099102601869
49.7	0.19062226113846903	-0.05388235220112021
49.8	0.19101260476067475	0.002878637256777908
49.9	0.1913850112588689	0.004106590581290058
50.0	0.19066881092263496	0.1104587369481652
50.1	0.19236835140106956	0.1102727407261751
50.2	0.19406789187950416	0.11008674450418499
50.3	0.19576743235793892	0.10990074828219486
50.4	0.19746697283637352	0.10971475206020476
50.5	0.1991665133148081	0.10952875583821464
50.6	0.2008660537932427	0.10934275961622453
50.7	0.20256559427167747	0.10915676339423441
50.8	0.20426513475011207	0.1089707671722443
50.9	0.20596467522854667	0.10878477095025418
51.0	0.20766421570698126	0.10859877472826407
51.1	0.20936375618541603	0.10841277850627395
51.2	0.21106329666385062	0.10822678228428384
51.3	0.21276283714228522	0.10804078606229374
51.4	0.21446237762071985	0.10785478984030362
51.5	0.19560518550741246	-0.09871679025010152
51.6	0.1953479528534543	-0.20401257193950398
51.7	0.19515617679276256	-0.2102582473401422
51.8	0.196406173220877	-0.15620559833532716
51.9	0.19560739676992714	-0.15634117131606495
52.0	0.19589921098866295	-0.2097904065926005
52.1	0.19527618965163251	-0.20869533558985953
52.2	0.1948675298167529	-0.20187001903945634
52.3	0.19555321477747553	-0.09739729992103194
52.4	0.1958099863100487	-0.15048447211719035
52.5	0.19545034623150415	-0.10038161910852737
52.6	0.1951752447622356	-0.09566257065722233
52.7	0.19390882703279327	-0.0017964601140528572
52.8	0.1939475499940854	-2.9224713118454482e-05
52.9	0.19315533564005785	0.0006122003251179953
53.0	0.19352659380420265	0.0002019232851122113
53.1	0.19306679357577655	0.0008568625424453594
53.2	0.19338133333333332	0.048738461538461536
53.3	0.19297684115190536	0.002734648467067967
53.4	0.1930144440939874	0.002861747095180403
53.5	0.19255442753303553	0.004542399099428343
53.6	0.19253982499543884	0.09709333079897903
53.7	0.19279734449905253	0.00324540647175265
53.8	0.19366591209691422	0.0034034313377713857
53.9	0.19386840386879797	0.00406077199910914
54.0	0.19453407913148293	-0.0892597621530466
54.1	0.19438900515416704	-0.044839207963919436
54.2	0.1944403704242032	-0.08849711153394871
54.3	0.19382669987736595	-0.08504295116326852
54.4	0.19386290655322852	-0.08466210327878772
54.5	0.19392771564759986	0.005817224603616056
54.6	0.19413265925137152	0.0064885027683141555
54.7	0.19367187540028488	0.00456272438580943
54.8	0.19370940468709602	0.005729920585187918
54.9	0.19457798671835025	0.005884355520657296
55.0	0.19191124481385	0.09383214388980916
55.1	0.19232761294589487	0.006603673833763694
55.2	0.19230844444444434	0.05144615384615386
55.3	0.1933435555555556	0.05144615384615386
55.4	0.19327357340920864	0.009070253469586204
55.5	0.19474888888888878	0.051987692307692325
55.6	0.19428799999999988	0.051987692307692325
55.7	0.195988	0.051987692307692325
55.8	0.1950882576883701	0.010704126938699099
55.9	0.1954582622686776	0.010839093732416552
56.0	0.19449982702819393	0.011472950680621374
56.1	0.1958670134750061	0.011639992802761602
56.2	0.19538947489585334	-0.0700107205777098
56.3	0.1965738995075927	-0.07234611212107316
56.4	0.19646139621382278	-0.06862745717780384
56.5	0.19731353194730414	-0.025202744384338144
56.6	0.1961860276637022	-0.026281907578237354
56.7	0.19788435113469469	-0.025926702669271592
56.8	0.19529810445935883	-0.06351988596499529
56.9	0.19699450063950083	-0.0629992528662305
57.0	0.19833900904451843	-0.0662332739669672
57.1	0.19956299002493053	-0.06060446160645866
57.2	0.19794497212780932	0.014143791394909955
57.3	0.19964455253012317	0.01432152529319114
57.4	0.19563288888888883	0.053070769230769255
57.5	0.19733288888888878	0.053070769230769255
57.6	0.1926029666037241	0.011546801350809266
57.7	0.19430256504472473	0.011720673314082983
57.8	0.19229728239498367	0.09145714146805162
57.9	0.1939968627972974	0.09127940756977045
58.0	0.18730791002977207	-0.17889832905227568
58.1	0.18899947325312902	-0.1781022993001077
58.2	0.1874202033729596	-0.061419652736630616
58.3	0.18911818436987188	-0.06102987230692335
58.4	0.18830783533808867	-0.16807394459575808
58.5	0.19000017764149835	-0.16731547185473414
58.6	0.18789546301189913	-0.05790691243152021
58.7	0.1895936271582318	-0.05753522123670047
58.8	0.18733891435015024	-0.0035859486113641245
58.9	0.1880804960917418	-0.10275126829728207
59.0	0.1887213318522097	-0.055495941476963115
59.1	0.19041940768634122	-0.05511542028163953
59.2	0.19211748352047273	-0.054734899086315944
59.3	0.19381555935460423	-0.05435437789099236
59.4	0.19551363518873588	-0.05397385669566874
59.5	0.1972117110228674	-0.05359333550034515
59.6	0.1989097868569989	-0.05321281430502156
59.7	0.2006078626911304	-0.052832293109697975
59.8	0.20230593852526207	-0.052451771914374355
59.9	0.20400401435939358	-0.05207125071905077
60.0	0.2057020901935251	-0.05169072952372718
60.1	0.2074001660276566	-0.05131020832840359
60.2	0.2090982418617881	-0.05092968713308001
60.3	0.21079631769591975	-0.05054916593775639
60.4	0.21249439353005126	-0.0501686447424328
60.5	0.2141924693641828	-0.049788123547109216
60.6	0.2158905451983143	-0.04940760235178563
60.7	0.21758862103244594	-0.04902708115646201
60.8	0.19488584875838158	0.16007436207897574
60.9	0.19658409527673903	0.15971110079162654
61.0	0.19246361492929337	0.16081402542374162
61.1	0.194161861447651	0.16045076413639237
61.2	0.19249301299210192	0.20860933362748466
61.3	0.1941890752696605	0.20806514252238564
61.4	0.18937507662131942	0.21256042171652373
61.5	0.19107095429274112	0.2120036356137314
61.6	0.18675294068535025	0.21659582953368284
61.7	0.18844862047506244	0.2160258531337796
61.8	0.18574712213744934	0.2567252888445342
61.9	0.18744014058844455	0.256001002876194
62.0	0.18385595544512354	0.30786602311527306
62.1	0.18554457799163562	0.30694201624987655
62.2	0.1868622443674287	0.2081021512034802
62.3	0.18855830664498743	0.20755796009838112
62.4	0.18896888888888896	0.06660923076923077
62.5	0.19066888888888892	0.06660923076923077
62.6	0.19070666666666664	0.06606769230769231
62.7	0.19240666666666661	0.06606769230769231
62.8	0.19386565471859632	0.020183554895426524
62.9	0.19301381246473517	-0.1711396236066518
63.0	0.19328715420135342	-0.255160950815318
63.1	0.1896767306446722	-0.3851878793065545
63.2	0.18493230315754647	-0.49203849368263214
63.3	0.18374121255446962	-0.44822886818284324
63.4	0.18479770166881682	-0.39243407650282125
63.5	0.18387781812114634	-0.3814212424807804
63.6	0.18352784827910373	-0.3902466250110108
63.7	0.18362824724971355	-0.29476835106777
63.8	0.18274772041148665	-0.3287061055945588
63.9	0.18205517415274863	-0.24544817009386655
64.0	0.18165176052235216	-0.23964384888305557
64.1	0.18051377182409717	-0.16207896591744972
64.2	0.18040808254364293	-0.07899896759912264
64.3	0.17859260328115809	-0.02854709714674574
64.4	0.17828783277784013	-0.03175607256380747
64.5	0.17785124393815063	0.008012790769243591
64.6	0.17884716937017403	-0.03449059350497857
64.7	0.17792213434429938	0.005154310118404143
64.8	0.17829213892460688	0.005289276912121582
64.9	0.177612888888889	0.0481969230769231
65.0	0.17814933333333333	0.04765538461538464
65.1	0.17802088888888895	0.04765538461538464
65.2	0.17772622222222217	0.0481969230769231
65.3	0.17848246405106657	0.006993966518106291
65.4	0.17879911111111113	0.04982153846153849
65.5	0.1793932141942923	0.009435875029816167
65.6	0.1800382222222222	0.05198769230769234
65.7	0.17974355555555557	0.0525292307692308
65.8	0.1804747739556905	-0.025980993844249574
65.9	0.18004700107759963	0.011173316332424015
66.0	0.18054191325002375	-0.029801045116550726
66.1	0.18058363207431133	-0.028462890534638116
66.2	0.18182641525444082	0.01377593570139922
66.3	0.18352597637486717	0.013957706944225573
66.4	0.18522553749529355	0.01413947818705192
66.5	0.17859902065463648	-0.12322730041601299
66.6	0.17924443888299665	-0.063996427618393
66.7	0.1789551880888721	-0.057947456708697935
66.8	0.1792431952431836	-0.10599236845963335
66.9	0.1790392455692901	-0.001145323201183067
67.0	0.17923966621306373	-0.0533657394223869
67.1	0.17986444444444435	0.05686153846153844
67.2	0.17966048060322024	-0.04955803268552787
67.3	0.17977052983938757	0.1121424066301167
67.4	0.18047644444444444	0.06119384615384613
67.5	0.1809481847747641	-0.04345843287067005
67.6	0.18264634892109677	-0.04308674167585031
67.7	0.18434451306742947	-0.042715050481030574
67.8	0.18604267721376228	-0.0423433592862108
67.9	0.18774084136009495	-0.04197166809139106
68.0	0.18943900550642764	-0.04159997689657133
68.1	0.1911371696527603	-0.04122828570175159
68.2	0.19283533379909315	-0.04085659450693181
68.3	0.19453349794542582	-0.040484903312112075
68.4	0.1962316620917585	-0.040113212117292345
68.5	0.19792982623809116	-0.03974152092247261
68.6	0.199627990384424	-0.03936982972765283
68.7	0.20132615453075667	-0.0389981385328331
68.8	0.18083911111111106	0.06552615384615383
68.9	0.18104311111111104	0.0660676923076923
69.0	0.18138882972407547	0.11706602942911877
69.1	0.1803263348842185	0.1660440812128979
69.2	0.18036341372260425	0.16578999606441558
69.3	0.1816720178891177	0.11606211584734012
69.4	0.18104716114598746	0.11487356083015125
69.5	0.18226711111111105	0.06498461538461538
69.6	0.18396711111111103	0.06336
69.7	0.18492542710260962	0.013996611588081152
69.8	0.1856243279368414	0.01252059110963618
69.9	0.18649174817503303	0.012133363327624595
70.0	0.18602876098500282	0.01277730978721578
70.1	0.18656741597551657	0.009549514617630706
70.2	0.1865900621895597	-0.03829424629561216
70.3	0.1864736405394014	0.011552965143640966
70.4	0.18684440146720546	0.010578465426491039
70.5	0.18708507560690088	-0.08603813645555064
70.6	0.18708619861221357	0.012492325529873442
70.7	0.18761111505775194	-0.034196608695317224
70.8	0.1873287621072748	0.013293652765050706
70.9	0.1875325608671913	0.013426218654634545
71.0	0.18695199711330232	-0.07977796891562133
71.1	0.186980576940372	-0.0821053611045636
71.2	0.18714910582605945	0.014874438189519654
71.3	0.1880043448419651	-0.03157711075710626
71.4	0.18838801272051003	0.012409620264559516
71.5	0.18867422222222233	0.061193846153846154
71.6	0.18927528064910135	-0.03288303989806962
71.7	0.18966461198808007	0.014514155097301279
71.8	0.19053317958594174	0.014672179963320015
71.9	0.18889414370237215	-0.027975486124196793
72.0	0.18926349602425735	-0.027705688956824126
72.1	0.18981427375448012	0.01609486750313109
72.2	0.18950319175636757	-0.02867188640684329
72.3	0.19022375822667134	0.01584733326084277
72.4	0.18962711598789547	-0.07260579585014097
72.5	0.19011177733408763	-0.029425530363736102
72.6	0.1895370148228887	-0.07131778223792595
72.7	0.189693225934198	-0.026317391231001297
72.8	0.18916533333333332	0.06336000000000001
72.9	0.1899516337334285	0.019722108948438774
73.0	0.1901557208780929	0.017288187849654572
73.1	0.19067296655305424	-0.023824709700926927
73.2	0.19023091031267073	0.017548294869749383
73.3	0.1904172114781307	-0.022807158223384527
73.4	0.18997420574506596	0.019361203298092967
73.5	0.19017729748226414	0.020467759053897694
73.6	0.189864054507403	-0.022104526398257704
73.7	0.19044513427394955	-0.06419696318608986
73.8	0.19027278500703296	-0.02104427104991881
73.9	0.19083161883557306	-0.06819670376340531
74.0	0.19067824112310564	-0.021897462025640566
74.1	0.19055250364763315	-0.01974624643730459
74.2	0.18992809764419255	-0.017719583195126273
74.3	0.18956577777777767	0.0639015384615385
74.4	0.18877244444444444	0.0639015384615385
74.5	0.18955667356372985	0.023125461122440766
74.6	0.18992801538961018	0.02141164776850906
74.7	0.19060903946164626	-0.018266251013157042
74.8	0.19041955555555562	0.0649846153846154
74.9	0.19029111111111108	0.06552615384615387
75.0	0.18991615197167458	0.025013441172448414
75.1	0.19011995957423122	0.025143062078095343
75.2	0.18999276989753344	0.023365810808743108
75.3	0.19067691849133978	-0.014076190844050693
75.4	0.19074455565471068	-0.056296489827880186
75.5	0.19157911746938378	-0.016183001953611262
75.6	0.19164484386486405	0.026644716094023933
75.7	0.19184863315826756	0.026780363875265632
75.8	0.19262577777777778	0.06877538461538465
75.9	0.19432577777777776	0.06877538461538465
76.0	0.18605487215005476	-0.23265817322760549
76.1	0.18726268523586587	-0.16911776515438537
76.2	0.18719469013495232	-0.26457032523555796
76.3	0.18869873805044987	-0.21836195388774568
76.4	0.18898988964165983	-0.2719013926452974
76.5	0.18972646369649424	-0.16329593193126402
76.6	0.1896002332727459	-0.16223118395232053
76.7	0.18904733798157766	-0.10090240574955935
76.8	0.19074301777128988	-0.10033242934965608
76.9	0.19243869756100226	-0.09976245294975276
77.0	0.19413437735071445	-0.0991924765498495
77.1	0.19583005714042667	-0.09862250014994622
77.2	0.1975257369301389	-0.09805252375004297
77.3	0.19922141671985125	-0.09748254735013966
77.4	0.20091709650956346	-0.09691257095023639
77.5	0.20261277629927568	-0.09634259455033312
77.6	0.2043084560889879	-0.09577261815042987
77.7	0.20600413587870012	-0.09520264175052659
77.8	0.20769981566841247	-0.09463266535062329
77.9	0.2093954954581247	-0.09406268895072001
78.0	0.2110911752478369	-0.09349271255081676
78.1	0.21278685503754913	-0.09292273615091348
78.2	0.21448253482726148	-0.09235275975101018
78.3	0.2161782146169737	-0.09178278335110691
78.4	0.18212987433213515	0.2810666206904934
78.5	0.18198552873642337	0.324231492032162
78.6	0.18301503187304938	0.28157409751379625
78.7	0.18221639388576508	0.2817188377469413
78.8	0.18390941233676014	0.28099455177860116
78.9	0.17924685199780924	0.2861300828442165
79.0	0.18054069303632636	0.27669967850878463
79.1	0.1808641207652673	0.27988504261955244
79.2	0.18123532668999076	0.27879085333048936
79.3	0.18281974419582742	0.27276187128671076
79.4	0.18621365335975942	0.18026783867596607
79.5	0.1879017690879009	0.18049472715970388
79.6	0.189497777777778	0.08231384615384615
79.7	0.19020044444444442	0.08068923076923078
79.8	0.1917161960813522	-0.01470928572852491
79.9	0.19208192555991066	-0.01343334170351504
80.0	0.19320106518616068	-0.062351381874556105
80.1	0.19397667402974186	-0.014445054441850999
80.2	0.19472345995255733	-0.1128509110993185
80.3	0.19511549447397258	-0.06587087697272799
80.4	0.19529052556993942	-0.11174628803625321
80.5	0.19420271586214724	-0.1571979525934866
80.6	0.19457864284273999	-0.10201200518604187
80.7	0.19394899755426845	-0.06017909588232076
80.8	0.19330639786219653	-0.10466675871136247
80.9	0.19253448295134265	-0.05847910468128502
81.0	0.19187130325662244	-0.10694611596673818
81.1	0.19176255619962895	-0.10227491804047405
81.2	0.1919993563226783	-0.050982055371491766
81.3	0.19097111111111145	0.07852307692307692
81.4	0.1901452995256583	-0.011869921766764643
81.5	0.18966531352327504	0.03534473571991538
81.6	0.19021945720242983	-0.011361751469799938
81.7	0.19029111111111124	0.07798153846153849
81.8	0.19094187700793164	0.03425465525366585
81.9	0.19098093017218898	0.03338887435981735
82.0	0.19106933333333342	0.07798153846153849
82.1	0.19073708493035282	-0.010069490499614836
82.2	0.1904472705767336	-0.005464060895334272
82.3	0.19065139216585128	-0.006536093785932659
82.4	0.1910043961966158	0.03809523798041846
82.5	0.19123078134539176	-0.004381136571911123
82.6	0.19193237645455402	-0.004089987469140147
82.7	0.19147339045138348	-0.003331557191271317
82.8	0.192675823662691	0.0005895369529547168
82.9	0.1913861230670705	0.0012876078840329264
83.0	0.19158698769834545	-0.002044208546356202
83.1	0.1909596116584004	-0.0018384671851782997
83.2	0.1919934495548391	-0.0015259661470091168
83.3	0.19170091347930268	0.0022493681668328547
83.4	0.1925637641618356	-0.0015390607289545305
83.5	0.19227017119903775	0.0004891117678953727
83.6	0.19245633230615702	0.04121046260700936
83.7	0.1916112500853541	-0.03563951586769658
83.8	0.192128343002247	-0.040454948984753714
83.9	0.19225548494023548	0.000755163425803812
84.0	0.192794772444427	0.003351229669765296
84.1	0.19449316791363055	0.0036987274639757456
84.2	0.19368556976688195	0.04178890985739866
84.3	0.19538513088730833	0.04197068110022501
84.4	0.19566226820277388	-0.03954322952862502
84.5	0.19612628183587255	0.04278841011981643
84.6	0.19534420861328602	0.0011265328858412055
84.7	0.19371522521470197	0.04263639692842076
84.8	0.19424980420265303	0.04378046256895821
84.9	0.19548933333333338	0.0850215384615385
85.0	0.043192000000000064	0.08448000000000004
85.1	0.0440608888888889	0.08393846153846157
85.2	0.04576088888888885	0.08393846153846157
85.3	0.19131301738854326	-0.15581079605374104
85.4	0.19300367665850962	-0.1549733177775967
85.5	0.1938394037191329	-0.15698200739748325
85.6	0.19553006298909928	-0.15614452912133892
85.7	0.19749060784691203	-0.2626322389920726
85.8	0.20103303566789169	-0.15740888178342793
85.9	0.21279561653501708	0.04662499722766667
86.0	0.21449505796756316	0.04683005803400706
86.1	0.21619449940010924	0.047035118840347466
86.2	0.21789394083265531	0.04724017964668787
86.3	0.2195933822652017	0.0474452404530283
86.4	0.22129282369774778	0.047650301259368706
86.5	0.1965019261676611	0.03932940151914322
86.6	0.1982014666460957	0.039515397741133336
86.7	0.19990100712453032	0.03970139396312344
86.8	0.20160054760296492	0.03988739018511354
86.9	0.20330008808139952	0.04007338640710365
87.0	0.2049996285598341	0.040259382629093766
87.1	0.20669916903826901	0.040445378851083895
87.2	0.2083987095167036	0.040631375073073996
87.3	0.2100982499951382	0.04081737129506411
87.4	0.21179779047357283	0.041003367517054225
87.5	0.19474362489576785	-0.00868186760558498
87.6	0.19594339946120293	-0.012574301871049645
87.7	0.19480933333333317	0.08393846153846152
87.8	0.19650933333333312	0.08393846153846152
87.9	0.19534519105117107	-0.10797916310604222
88.0	0.1970382095021664	-0.10725487713770196
88.1	0.19741661414910575	0.0365563673327831
88.2	0.19812086374048735	0.03564173438768963
88.3	0.19736205199401852	-0.007675225035807157
88.4	0.1990604474632221	-0.007327727241596707
88.5	0.19842810227532626	-0.0102166692482044
88.6	0.19956515212089215	-0.055775986244665954
88.7	0.19843175143150654	-0.05863000989949657
88.8	0.20012781370906543	-0.05808581879439746
88.9	0.19821440313803929	0.03490096937056233
89.0	0.19827935591381662	-0.013230383205382307
89.1	0.19593541332369008	-0.0531961637255378
89.2	0.19695124375184864	-0.059021585407225186
89.3	0.19756580033584126	-0.009273418096959987
89.4	0.19926404685419874	-0.008910156809610811
89.5	0.19481962069786005	-0.010007965994942386
89.6	0.19585439238893135	-0.007547186970836214
89.7	0.1930354118584102	0.0379039896368299
89.8	0.19473497297883657	0.038085760879656254
89.9	0.19161305926454747	0.03912648527346277
90.0	0.19331263966686116	0.03930421917174394
90.1	0.19172158808151812	-0.004543236319408103
90.2	0.19258726529185896	-0.008355614026562125
90.3	0.19129655798571282	-0.00608520173417379
90.4	0.192425197731573	-0.0500957079192202
90.5	0.19154147241638342	-0.004482044389892123
90.6	0.19307360216674394	-0.004129700716429582
90.7	0.19278076746208606	-0.0033554160790055104
90.8	0.19447901398044354	-0.0029921547916563207
90.9	0.19302104190685454	-0.002836328168154198
91.0	0.194719288425212	-0.0024730668808049944
91.1	0.19392578342361175	-0.0022735698017560813
91.2	0.1942927758050408	-0.0025396841422155175
91.3	0.19333428953856246	-0.000403135863837209
91.4	0.195032613009555	-4.793095487146126e-05
91.5	0.19307507817622088	-0.001864769607861902
91.6	0.19477332469457834	-0.0015015083205127122
91.7	0.1923221465646638	0.0010579262391583466
91.8	0.1940204700356563	0.0014131311481241082
91.9	0.18874924189292763	0.004783834081813432
92.0	0.1862626822184132	0.04587172085637081
92.1	0.18478133516417763	-0.03504399379511186
92.2	0.1838430957998446	0.046957272958517815
92.3	0.18504780853398572	0.045246623588146094
92.4	0.18541411399001864	0.04724748925969635
92.5	0.18595399350732186	0.045528157151727915
92.6	0.18698877135641048	0.0456880593486687
92.7	0.18802471099856186	0.04638962426309048
92.8	0.18866811978465375	-0.03944984456513827
92.9	0.18903975261970132	-0.038484038562260375
93.0	0.18930748615942158	0.04800008050382503
93.1	0.1888799617073887	0.006990934278636479
93.2	0.18825493413412595	0.007748297495264206
93.3	0.1887879418466784	0.007499737676481627
93.4	0.18879949848959263	0.04751144570259299
93.5	0.18967006963996214	0.04656891202039433
93.6	0.03658923569827241	0.02870832522182469
93.7	0.03828870469716619	0.028908262751106306
93.8	0.03998817369606025	0.029108200280387964
93.9	0.18471852179012999	-0.23932003980981686
94.0	0.18483712908054512	-0.10847212019918565
94.1	0.18619245674863288	-0.1089812671623561
94.2	0.18741194701972919	-0.2162518749792788
94.3	0.18909881941014237	-0.21525959710256515
94.4	0.20363627601199794	0.046658417097264086
94.5	0.205335717444544	0.04686347790360449
94.6	0.2070351588770904	0.04706853870994492
94.7	0.18923333333333348	0.07581538461538459
94.8	0.19192647645022606	-0.030759097830912213
94.9	0.19479422222222226	0.08068923076923074
95.0	0.19649878187277278	-0.022158788341167995
95.1	0.19819694601910545	-0.021787097146348258
95.2	0.19989511016543812	-0.021415405951528507
95.3	0.2015932743117708	-0.021043714756708784
95.4	0.20329143845810346	-0.020672023561889047
95.5	0.20498960260443644	-0.020300332367069227
95.6	0.20668776675076914	-0.019928641172249503
95.7	0.2083859308971018	-0.019556949977429766
95.8	0.21008409504343448	-0.01918525878261003
95.9	0.21178225918976715	-0.018813567587790278
96.0	0.21348042333609982	-0.018441876392970555
96.1	0.21517858748243252	-0.018070185198150818
96.2	0.18597336579656767	0.27197724253345135
96.3	0.18640562838667646	0.23104250515863725
96.4	0.18635941197172534	0.18005215600853575
96.5	0.18737731471921348	0.18191431177061185
96.6	0.18596177777777761	0.08448
96.7	0.18677009474731823	0.18371459063738588
96.8	0.18769955555555531	0.08339692307692306
96.9	0.18757111111111094	0.08177230769230769
97.0	0.1889386666666664	0.08123076923076922
97.1	0.18997377777777794	0.07960615384615383
97.2	0.1910088888888889	0.07906461538461537
97.3	0.19185926835225903	-0.01492401309536176
97.4	0.19270044145796528	0.02864932742695301
97.5	0.1924250456729832	-0.016021133575290725
97.6	0.1931231693588497	-0.01837140580080021
97.7	0.19399083203722145	-0.018062732582884433
97.8	0.1936933573466618	-0.018372517378890604
97.9	0.19506076742972114	-0.015951239029889527
98.0	0.19447852744853178	-0.11499834656356624
98.1	0.19413682739781327	-0.017588426705670207
98.2	0.1943423429971472	-0.01678138922658602
98.3	0.19371562581694077	-0.018183774618778237
98.4	0.1935905568198345	-0.01524373756562454
98.5	0.1927954205880819	-0.017188765345498902
98.6	0.19316706391578356	-0.01636437955978709
98.7	0.19287584948090727	-0.013452000756180735
98.8	0.1934096414047167	-0.015291177289242952
98.9	0.19303243963185165	-0.058430101715099506
99.0	0.19348135964484547	-0.01531326147955464
99.1	0.19268961130550516	-0.012999530106739807
99.2	0.1927259336171883	-0.011276903618131676
99.3	0.19342591606131418	-0.01298972407094355
99.4	0.19296464459570845	-0.012768391764121256
99.5	0.19316784020209118	-0.012503389001752269
99.6	0.19370497872381473	-0.010229742851738208
99.7	0.19322988807042166	0.033663565410024784
99.8	0.19328310225525294	-0.009222867341894925
99.9	0.19282244523754452	-0.01043573181605266
100.0	0.19286184406888118	-0.009639611950855179
100.1	0.1929759051485676	-0.0528236257368854
100.2	0.19277220497060604	-0.008600324551062133
100.3	0.19314383733793722	-0.007782369458091229
100.4	0.1930164698545333	-0.005596172057178661
100.5	0.19338726162875639	-0.003473364319669575
100.6	0.1930884202806145	-0.005641294542221495
100.7	0.19345777260249972	-0.005371497374848835
100.8	0.19283039656255466	-0.005165756013670933
100.9	0.1928675060971634	-0.004917310781696452
101.0	0.19323458977591262	-0.005189526563315505
101.1	0.19393618488507489	-0.0048983774605445285
101.2	0.19413941581332156	-0.004639256260871014
101.3	0.19434443151042893	-0.00257116941962246
101.4	0.1934266666666668	0.07960615384615387
101.5	0.19375691752250454	-0.0028419225700614947
101.6	0.19295270383658408	0.04014284765438729
101.7	0.19299000966218938	0.04166540921455552
101.8	0.1930287219132141	0.042326044695547675
101.9	0.19374830883984473	0.0003092341861041653
102.0	0.19469083296101466	-0.03947051774580396
102.1	0.19514108494441906	0.04209481375079473
102.2	0.19519480905288736	0.003983556656347767
102.3	0.19604875236558333	0.0414508874286296
102.4	0.19492038686212027	0.041915289768332115
102.5	0.19479466565947176	0.040162667758381725
102.6	0.19533486473658948	0.0003170687349565715
102.7	0.19619800234084883	0.04141761922359836
102.8	0.19740214750737828	-0.00038768021531508656
102.9	0.1976076790182526	0.0004255351422160769
103.0	0.19714825854328547	-0.00022733476316889878
103.1	0.04505822222222211	0.08448000000000004
103.2	0.04675822222222209	0.08448000000000004
103.3	0.19051195825358183	-0.2975525839813266
103.4	0.1900227548851588	-0.3329524291478202
103.5	0.19064867637943514	-0.28745037506546195
103.6	0.19247995899911347	-0.2873220126732908
103.7	0.19416115079898955	-0.28613528904984886
103.8	0.1958423425988659	-0.28494856542640673
103.9	0.19752353439874198	-0.2837618418029648
104.0	0.19920472619861807	-0.28257511817952286
104.1	0.19304240932293917	-0.21711074865466498
104.2	0.1950258096558646	-0.09791406087596874
104.3	0.19623441686828685	-0.09577929348643309
104.4	0.1979302945397084	-0.0952225073836408
104.5	0.19962617221112994	-0.09466572128084849
104.6	0.20132204988255178	-0.0941089351780561
104.7	0.20301792755397333	-0.0935521490752638
104.8	0.20471380522539487	-0.09299536297247152
104.9	0.2064096828968164	-0.09243857686967921
105.0	0.20810556056823795	-0.0918817907668869
105.1	0.20980143823965947	-0.09132500466409463
105.2	0.18660556311747864	0.2216173294010909
105.3	0.18491559676936478	0.2797696263305186
105.4	0.18454458650030728	0.07301377956208442
105.5	0.18322520017445137	0.15296588347454007
105.6	0.1825662198682919	0.18276419035618363
105.7	0.1841675639993428	0.07039477945815864
105.8	0.18379744613993418	0.047192599166878416
105.9	0.18490090046141103	0.08031115583124218
106.0	0.18598147162572903	-0.04260443042876821
106.1	0.18684205684722283	-0.059441608431950156
106.2	0.186602281556432	-0.03076963957808981
106.3	0.1868486022856485	-0.14409249087455894
106.4	0.18633345677831734	-0.2120919827217137
106.5	0.03362104801609589	-0.17497229301748077
106.6	0.032814208763188635	-0.26748679675574416
106.7	0.0	-2.9976434767081064
106.8	0.0	-2.989518061977617
106.9	0.0	-2.980805058817271
107.0	0.0	-2.972885181518513
107.1	0.0	-2.9647817218750174
107.2	0.0	-2.9566120774487548
107.3	0.0	-2.9488973461794825
107.4	0.18287001607504458	-0.011134712434405848
107.5	0.18259554778305892	-0.0312727094366674
107.6	0.17966549745304575	0.1314266775450671
107.7	0.1795816989464721	0.07678029626158034
107.8	0.1775075438187122	0.20643084305105647
107.9	0.17869970519594985	0.2467282891782267
108.0	0.17965364014069685	0.26945190541040626
108.1	0.18139622505168584	0.24855064393904053
108.2	0.18313086147058005	0.2276862908695603
108.3	0.1634676748499517	0.4
108.4	0.09975303213373822	0.4
108.5	0.09598004897073054	0.4
108.6	0.0992073094014721	0.4
108.7	0.09873947739830063	0.4
108.8	0.09858813848126681	0.4
108.9	0.030904013922329145	-2.6323351215105837
109.0	0.16490514368046696	0.3544524645175703
109.1	0.09601982741236438	0.4
109.2	0.09761267387474518	0.4
109.3	0.0974809289205869	0.4
109.4	0.05351425917177546	0.4
109.5	0.11162920028048721	0.4
109.6	0.11260721038826207	0.4
109.7	0.11346028954275976	0.4
109.8	0.11788969216490951	0.4
109.9	0.11792882895123956	0.4
110.0	0.043013904652976026	0.4
110.1	0.19719319240528108	-0.3245945873583043
110.2	0.19710919964349916	-0.3438763929060221
110.3	0.19478282641973235	-0.5080243730764473
110.4	0.12584323763919195	0.4
110.5	0.12611013642334246	0.4
110.6	0.20534471243651709	-0.6589112500021256
110.7	0.20089168539774074	-0.7618929835530889
110.8	0.20192814573296103	-0.778478436224399
110.9	0.13114858933811846	0.4
111.0	0.13153921590192716	0.4
111.1	0.20497764283729758	-0.8860857610157213
111.2	0.2058507790148177	-0.9013591774991918
111.3	0.0642535415883617	-1.1422869298270215
111.4	0.02829832546601363	-0.837426635337427
111.5	0.0	-2.2943637771459415
111.6	0.1989139477238318	-1.1149688955453732
111.7	0.19946672706515114	-1.1275900651521689
111.8	0.05901738295464806	-1.5985216472343686
111.9	0.06271037502302125	-1.502900038084621
112.0	0.19081652325759169	-1.2299104758847004
112.1	0.06321044851487195	-1.5434662760648223
112.2	0.06444393176927612	-1.5613562724728123
112.3	0.12114559056262743	-1.5418472424847758
112.4	0.026130305033867707	-1.2436030405253848
112.5	0.026826733496112504	-1.2632980352687186
112.6	0.02752110307483399	-1.282836964510415
112.7	0.09209251127425808	-1.3270335582393435
112.8	0.09722911653547314	-1.240103060102241
112.9	0.10405593315235326	-1.1210891123831668
113.0	0.10856398852275106	-1.0018164030569667
113.1	0.10961161771271079	-1.045623797718117
113.2	0.08461089746875217	-0.40809766044685236
113.3	0.08558220727258402	-0.43322964833192623
113.4	0.10186758723932404	-0.06861927233475297
113.5	0.13161514183451067	-0.28123584462012957
113.6	0.1340946951668534	-0.16415717707429717
113.7	0.11308494779292211	0.2069388618792646
113.8	0.13695808266287207	0.19149405297309402
113.9	0.13835466776411776	0.16567156550770512
114.0	0.14010978549749414	0.306617984269966
114.1	0.13977881132864248	0.4
114.2	0.12627906236187864	0.4
114.3	0.0	-0.7667377878933095
114.4	0.0	-0.9102297175964092
114.5	0.0	-0.8846787139193761
114.6	0.0	-0.8010924849306107
114.7	0.0	-0.8188151698151348
114.8	0.0	-0.860339007431703
114.9	0.0	-0.9645607849525355
115.0	0.0	-0.9390285374610967
115.1	0.0	-1.022723007616449
115.2	0.0	-0.9973361119292965
115.3	0.0	-1.127557231317074
115.4	0.0	-1.102496664916457
115.5	0.0	-1.2498021375430577
115.6	0.0	-1.225241710571454
115.7	0.0	-1.3271168182408324
115.8	0.0	-1.3857635192165232
115.9	0.0	-1.551794649806846
116.0	0.0	-1.5292451724179148
116.1	0.0	-1.6100039708494451
116.2	0.0	-1.6605500910830442
116.3	0.0	-1.8943659337897127
116.4	0.0	-1.9239412580803903
116.5	0.05395631910999419	0.4
116.6	0.05411809051882052	0.4
116.7	0.0	0.4
116.8	0.0	0.4
116.9	0.0	0.4
117.0	0.0	0.4
117.1	0.0	0.4
117.2	0.0	0.4
117.3	0.0	0.4
117.4	0.0	0.4
117.5	0.0	0.27355294746941217
117.6	0.0	0.29856853763028424
117.7	0.16081965405816187	-3.162891942715129e-05
117.8	0.16186801254436978	-0.02620201880567749
117.9	0.1452157347760239	0.31604336939801975
118.0	0.14246970618523455	0.34264734400051566
118.1	0.0	-0.7318294455673181
118.2	0.0	-0.7070521779838407
118.3	0.11727143063495356	0.4
118.4	0.1183214546183338	0.4
118.5	0.0	-0.8782740719590333
118.6	0.0	-0.8541974406578868
118.7	0.0	-1.09175418565585
118.8	0.0	-1.068341222285045
118.9	0.07216899690077039	0.4
119.0	0.07308750419808646	0.4
119.1	0.0	-1.3039491040071511
119.2	0.0	-1.2818233708627396
119.3	0.01173648281628975	0.4
119.4	0.013403715180588721	0.4
119.5	0.0	-1.751299082289068
119.6	0.0	-1.7334734211894618
119.7	0.0	-1.8629088281606014
119.8	0.0	-1.8470689495276005
119.9	0.048297708161830155	-2.1097022452791756
120.0	0.0	-2.054006271749473
120.1	0.012081350987123344	-2.117668472708712
120.2	0.012008587778166484	-2.1124583692023666
120.3	0.1271813734143415	-2.248071160858872
120.4	0.1274619899964977	-2.2447750219568796
120.5	0.12141090886249904	-2.055367271232136
120.6	0.19024617392180415	-2.195741943957399
120.7	0.1621584731495528	-1.8049315568627198
120.8	0.16290328340969867	-1.8201889713385966
120.9	0.1924514362388506	-1.3111887500082724
