0.0	-0.061065000281058754	-0.10019294536913916	-0.06965457372856809
0.1	-0.03778559108797645	-0.10249813571610042	-0.04647813135100298
0.2	-0.01778559108797645	-0.10249813571610042	-0.04647813135100298
0.3	-0.001065000281058756	-0.10019294536913916	-0.06965457372856809
0.4	0.018934999718941248	-0.10019294536913916	-0.06965457372856809
0.5	0.045668436931999845	-0.10339959202481008	-0.02325162281046289
0.6	0.06566843693199984	-0.10339959202481008	-0.02325162281046289
0.7	0.08957849084316974	-0.10346254459225288	-0.02325162281046289
0.8	0.10923827723246055	-0.10006743784161627	-0.09275632018814362
0.9	0.19823119326928157	-0.10496530818695482	-0.04758310327698334
1.0	0.2182311932692816	-0.10496530818695482	-0.04758310327698334
1.1	0.1887111111111111	-0.10695384615384615	0.0
1.2	0.1938442134077169	-0.10422792935353074	-0.04647813135100298
1.3	0.18925530365371698	-0.10676755438300024	-6.259933684369123
1.4	0.209255303653717	-0.10676755438300024	-6.259933684369123
1.5	0.19982145331114148	-0.10902224954632793	-6.235602203902603
1.6	0.1960391038103486	-0.10960990198122857	-6.237762027758009
1.7	0.15964717246913024	-0.11287689754068256	-6.236707175828583
1.8	0.16580051578311777	-0.11317545123244073	-6.237762027758009
1.9	0.1272831586276878	-0.11637215056111369	-6.237762027758009
2.0	0.14728315862768782	-0.11637215056111369	-6.237762027758009
2.1	0.08923200572990858	-0.11772031972548756	-6.236707175828583
2.2	0.1072785620060226	-0.1177832213123032	-6.236707175828583
2.3	0.08598617854526386	-0.11747870032873126	-6.237762027758009
2.4	0.10598617854526382	-0.11747870032873126	-6.237762027758009
2.5	0.04562470931056861	-0.11594182565148464	-6.237762027758009
2.6	0.06562470931056863	-0.11594182565148464	-6.237762027758009
2.7	0.05622739033344282	-0.11315995468135301	-6.236707175828583
2.8	0.05875166014300015	-0.10403467347116915	-6.260461946337945
2.9	0.03174157738715344	-0.1020659510873268	-6.260461946337945
3.0	0.05174157738715346	-0.1020659510873268	-6.260461946337945
3.1	0.05011797819342423	-0.10085168262007045	-6.260966741852867
3.2	0.06388374321027357	-0.11028612683921711	-6.237762027758009
3.3	0.06746666666666679	-0.09070769230769225	0.0
3.4	0.07101652057156582	-0.10145324350656058	-6.260966741852867
3.5	0.046844444444444466	-0.09070769230769225	0.0
3.6	0.06684444444444448	-0.09070769230769225	0.0
3.7	0.013405105732484879	-0.09736847082043154	-6.261911921155525
3.8	0.0334051057324849	-0.09736847082043154	-6.261911921155525
3.9	-0.0052007151109434435	-0.0960391955281494	-6.260966741852867
4.0	0.006978993364684882	-0.0961595077054474	-6.260966741852867
4.1	-0.004821319109398425	-0.11075562296097859	-6.238770091932675
4.2	0.015178680890601592	-0.11075562296097859	-6.238770091932675
4.3	0.024010836044664807	-0.09817473667518936	-6.260966741852867
4.4	0.044010836044664825	-0.09817473667518936	-6.260966741852867
4.5	-0.08394406437251489	-0.10763374407913096	-0.02272336084164106
4.6	-0.06394406437251487	-0.10763374407913096	-0.02272336084164106
4.7	-0.09723756082187363	-0.13642173323928514	-0.06807645825799957
4.8	-0.07723756082187361	-0.13642173323928514	-0.06807645825799957
4.9	-0.10406218213172691	-0.13421148013549836	-0.06807645825799957
5.0	-0.08766883292737582	-0.12270407423136977	-0.04542327942157698
5.1	-0.10924444444444448	-0.09341538461538468	0.0
5.2	-0.08924444444444446	-0.09341538461538468	0.0
5.3	-0.10248888888888885	-0.07852307692307697	0.0
5.4	-0.111987863880882	-0.04905106558271826	-6.238770091932675
5.5	-0.11171852632060109	-0.045184115511050435	-6.237762027758009
5.6	-0.1259823779505269	-0.03413141598444471	-6.216617143403763
5.7	-0.11700510014346843	-0.041188241350209244	-6.237762027758009
5.8	-0.11654048492980329	-0.041802991221107894	-6.237762027758009
5.9	-0.10217830137708894	-0.04256568632612092	-6.235602203902603
6.0	-0.0837457098083616	-0.04978660596458631	-6.236707175828583
6.1	-0.06551743783700248	-0.05255427578447487	-6.236707175828583
6.2	-0.057155254982899306	-0.06538966836147729	-6.260966741852867
6.3	-0.04915555555555562	-0.0744615384615385	0.0
6.4	-0.051430051063757753	-0.08473415577801792	-0.02325162281046289
6.5	-0.04380669219822564	-0.07271968305317672	-6.260461946337945
6.6	-0.056555985644213935	-0.08687940711078716	-0.023805026185069966
6.7	-0.059111111111111114	-0.07987692307692311	0.0
6.8	-0.06844444444444453	-0.07852307692307695	0.0
6.9	-0.095377777777778	-0.07581538461538465	0.0
7.0	-0.07733333333333348	-0.07310769230769233	0.0
7.1	-0.05887545610938494	-0.06795729655450987	-6.259933684369123
7.2	-0.060526280680588185	-0.06716427297662315	-6.260966741852867
7.3	-0.0642666666666667	-0.07040000000000002	0.0
7.4	-0.08728888888888897	-0.06904615384615387	0.0
7.5	-0.08488888888888901	-0.06904615384615387	0.0
7.6	-0.0684478971084479	-0.06701300804286776	-6.259933684369123
7.7	-0.062488888888888816	-0.07040000000000002	0.0
7.8	-0.06950346317573164	-0.06767401000101723	-6.259933684369123
7.9	-0.06551111111111108	-0.0704	0.0
8.0	-0.06311111111111112	-0.0704	0.0
8.1	-0.05993135436672814	-0.06796516455430898	-6.236707175828583
8.2	-0.07786666666666675	-0.0704	0.0
8.3	-0.07512786311575059	-0.0693974640304428	-6.260461946337945
8.4	-0.07425307372201884	-0.0690030407367672	-6.236707175828583
8.5	-0.07066666666666688	-0.06904615384615384	0.0
8.6	-0.06364558742793136	-0.06859418042246548	-6.236707175828583
8.7	-0.05413333333333337	-0.06769230769230769	0.0
8.8	-0.06933333333333347	-0.06769230769230769	0.0
8.9	-0.06302222222222231	-0.06769230769230769	0.0
9.0	-0.0641426681084174	-0.06876878886291532	-6.259380280994517
9.1	-0.06408888888888886	-0.06633846153846153	0.0
9.2	-0.059733333333333194	-0.06498461538461538	0.0
9.3	-0.04951111111111106	-0.06498461538461538	0.0
9.4	-0.05316916169554187	-0.06285813859164252	-0.02325162281046289
9.5	-0.044711111111111146	-0.06633846153846153	0.0
9.6	-0.048177777777777875	-0.06633846153846153	0.0
9.7	-0.04545476632165091	-0.06934225303825164	-6.259933684369123
9.8	-0.0570666666666666	-0.06633846153846151	0.0
9.9	-0.058294020623445686	-0.07010497363713616	-6.260461946337945
10.0	-0.05974579063387875	-0.07053835181966497	-6.259933684369123
10.1	-0.05573333333333341	-0.06498461538461536	0.0
10.2	-0.05333333333333323	-0.06498461538461535	0.0
10.3	-0.048977777777777565	-0.0636307692307692	0.0
10.4	-0.0483653518955629	-0.06869825323717296	-6.260966741852867
10.5	-0.04952557714352146	-0.07444821657377039	-6.238770091932675
10.6	-0.049371283506004726	-0.0694589866049379	-6.260461946337945
10.7	-0.050927684090536385	-0.06966075065555716	-6.260966741852867
10.8	-0.04070304849600115	-0.0698111408771797	-6.260966741852867
10.9	-0.03767352552111225	-0.07714879622939382	-6.236707175828583
11.0	-0.03388795662650512	-0.07047410908410662	-6.260461946337945
11.1	-0.03544508916660316	-0.07065332611826587	-6.260966741852867
11.2	-0.041066666666666585	-0.062276923076923035	0.0
11.3	-0.03854358467869634	-0.05326821649870114	-0.022218565326718842
11.4	-0.0382222222222226	-0.06092307692307687	0.0
11.5	-0.05125140000582906	-0.051286879259186416	-0.021735706841792712
11.6	-0.04119687630508562	-0.06802941184580566	-6.2614496003377935
11.7	-0.05038856402603953	-0.050501036420846544	-0.022218565326718842
11.8	-0.0403555555555557	-0.05956923076923072	0.0
11.9	-0.043668249068643306	-0.07053301394096784	-6.260966741852867
12.0	-0.0528829716338608	-0.0499657784304788	-0.021273386024061036
12.1	-0.050589998214873866	-0.07125488700475599	-6.260966741852867
12.2	-0.05009728096177879	-0.07290917944260385	-6.260966741852867
12.3	-0.04974764332697923	-0.07274556559964805	-6.261911921155525
12.4	-0.039523208687537004	-0.07288955919743041	-6.261911921155525
12.5	-0.04092917587019462	-0.07369120859504101	-6.260966741852867
12.6	-0.036621235381939954	-0.05090436093998419	-0.021735706841792712
12.7	-0.04222222222222216	-0.06227692307692301	0.0
12.8	-0.03371614365970377	-0.07450331579180268	-6.260966741852867
12.9	-0.04314420150945164	-0.07441589133392341	-6.261911921155525
13.0	-0.044119306099388744	-0.08720095416031015	-6.240657772559802
13.1	-0.024119306099388726	-0.08720095416031015	-6.240657772559802
13.2	-0.004119306099388709	-0.08720095416031015	-6.240657772559802
13.3	-0.09222756585006797	-0.03428771853333743	-0.023805026185069966
13.4	-0.08733325546264181	-0.04849712343486565	-0.04647813135100298
13.5	-0.09039999999999981	-0.024369230769230837	0.0
13.6	-0.0943211925205234	-0.062377175392824565	-0.06965457372856809
13.7	-0.09443690582803432	-0.03750732127265963	-0.022218565326718842
13.8	-0.08906666666666707	-0.02436923076923083	0.0
13.9	-0.09145295237672757	-0.03287530244668562	-0.022218565326718842
14.0	-0.07732201258086846	-0.03194842797722447	-0.02325162281046289
14.1	-0.08066947779369604	-0.028607997140209184	-0.02272336084164106
14.2	-0.07242156629509111	-0.02867489447019852	-0.02325162281046289
14.3	-0.0786640134223	-0.006075764953550367	-6.260966741852867
14.4	-0.074344506119842	-0.004737238236120599	-6.260461946337945
14.5	-0.07981029846684295	-0.0042077015112240625	-6.2614496003377935
14.6	-0.08355555555555583	-0.010830769230769281	0.0
14.7	-0.08095085868429974	-0.0019249948367684572	-6.260966741852867
14.8	-0.06485963025361174	-0.0017841546603570813	-6.260461946337945
14.9	-0.07048888888888927	-0.01218461538461543	0.0
15.0	-0.07395555555555555	-0.01218461538461543	0.0
15.1	-0.07324197180488579	-0.004214296352912486	-6.260461946337945
15.2	-0.07502222222222255	-0.012184615384615426	0.0
15.3	-0.08631111111111123	-0.010830769230769269	0.0
15.4	-0.0760888888888891	-0.010830769230769269	0.0
15.5	-0.07612287658329242	-0.017658195167707322	-0.02325162281046289
15.6	-0.06512509372761377	-0.005508349651245563	-6.259933684369123
15.7	-0.06076530937229352	-0.0057601599210167906	-6.259933684369123
15.8	-0.05866666666666642	-0.012184615384615415	0.0
15.9	-0.06213333333333315	-0.012184615384615415	0.0
16.0	-0.05741562534110356	-0.008026452348957838	-6.259933684369123
16.1	-0.06124444444444421	-0.014892307692307719	0.0
16.2	-0.060799999999999965	-0.014892307692307719	0.0
16.3	-0.06426666666666714	-0.014892307692307717	0.0
16.4	-0.05795555555555598	-0.014892307692307713	0.0
16.5	-0.06142222222222271	-0.014892307692307712	0.0
16.6	-0.05315555555555562	-0.014892307692307712	0.0
16.7	-0.06053333333333377	-0.013538461538461555	0.0
16.8	-0.058591684818978695	-0.015108616186273632	-0.02325162281046289
16.9	-0.06709870577599641	-0.009726171669913632	-6.259933684369123
17.0	-0.06078389446509114	-0.009946505655963457	-6.259933684369123
17.1	-0.05914232032523392	-0.012735172920480202	-0.02272336084164106
17.2	-0.048199737586433145	-0.009033693428042762	-6.259933684369123
17.3	-0.04613333333333358	-0.010830769230769238	0.0
17.4	-0.041777777777777914	-0.010830769230769238	0.0
17.5	-0.04524444444444464	-0.01218461538461539	0.0
17.6	-0.04129888272179372	-0.01279669549497527	-0.02272336084164106
17.7	-0.044355555555555704	-0.013538461538461541	0.0
17.8	-0.03804444444444455	-0.013538461538461537	0.0
17.9	-0.04103953990203513	-0.013889104029951502	-6.259380280994517
18.0	-0.038634553359932156	-0.014179131724312441	-6.259380280994517
18.1	-0.041006468453475886	-0.011227869845350891	-0.02272336084164106
18.2	-0.03822222222222216	-0.012184615384615377	0.0
18.3	-0.04755555555555535	-0.01083076923076922	0.0
18.4	-0.047111111111111104	-0.01083076923076922	0.0
18.5	-0.0564444444444443	-0.009476923076923063	0.0
18.6	-0.04976908493381815	-0.01221279808390452	-6.259933684369123
18.7	-0.047733333333333405	-0.009476923076923062	0.0
18.8	-0.03777598271615146	-0.006295256744280661	-0.02325162281046289
18.9	-0.0353759980679591	-0.0059294550847124525	-0.023805026185069966
19.0	-0.03296206416720615	-0.0058138832897844175	-0.02272336084164106
19.1	-0.03769983219198769	-0.014982711051388023	-6.259933684369123
19.2	-0.03405777186520398	-0.00661716975139146	-0.022218565326718842
19.3	-0.039200000000000124	-0.012184615384615358	0.0
19.4	-0.03288888888888897	-0.012184615384615358	0.0
19.5	-0.04026666666666667	-0.012184615384615356	0.0
19.6	-0.03200000000000003	-0.012184615384615356	0.0
19.7	-0.02790499548053882	-0.0050448511085959885	-0.02272336084164106
19.8	-0.03502222222222251	-0.010830769230769198	0.0
19.9	-0.03087167792373746	-0.003014606150258563	-0.02272336084164106
20.0	-0.04210805616320812	-0.0011689289154063578	-0.02272336084164106
20.1	-0.043612949203169826	-0.0009925754627087466	-0.022218565326718842
20.2	-0.045118750895191795	-0.000661716975139176	-0.022218565326718842
20.3	-0.03684879460818369	-0.0006473386940344242	-0.021735706841792712
20.4	-0.029926453453059665	-0.018678465525518537	-6.260966741852867
20.5	-0.024307100645098778	-0.002767180077854637	-0.022218565326718842
20.6	-0.030939537891986113	-0.020663616450935972	-6.260966741852867
20.7	-0.04408888474251782	-0.02388196719365817	-6.260966741852867
20.8	-0.02799903050470398	-0.023942123282307177	-6.260966741852867
20.9	-0.01968602172723699	-0.025476103542857013	-6.260966741852867
21.0	-0.030011374416189618	-0.005203501668139673	-0.022218565326718842
21.1	-0.037066666666667025	-0.013538461538461484	0.0
21.2	-0.02429031893135214	-0.02376165501636014	-6.260966741852867
21.3	-0.04934388732453776	-0.021746426046618195	-6.260966741852867
21.4	-0.03720762491293339	-0.020513226229313425	-6.260966741852867
21.5	-0.03732721708889386	0.002735878357864808	-0.021273386024061036
21.6	-0.05048888888888836	-0.0067692307692307045	0.0
21.7	-0.06362184625724154	0.009655052228166554	-0.022218565326718842
21.8	-0.049599999999999866	-0.002707692307692239	0.0
21.9	-0.04720000000000013	-0.0027076923076922374	0.0
22.0	-0.03306666666666658	-0.002707692307692237	0.0
22.1	-0.030338223586477753	-0.016860230530989114	-6.2614496003377935
22.2	-0.010338223586477291	-0.016860230530989114	-6.2614496003377935
22.3	0.009661776413522283	-0.016860230530989114	-6.2614496003377935
22.4	-0.07911111111111069	0.03655384615384608	0.0
22.5	-0.07807029527756804	0.0470885204472195	-6.259933684369123
22.6	-0.0717465246483604	0.045824375709028	-6.259380280994517
22.7	-0.07695776143073285	0.018825907795492394	-0.02272336084164106
22.8	-0.06560000000000077	0.029784615384615316	0.0
22.9	-0.0710222222222221	0.027076923076923012	0.0
23.0	-0.0718874130169711	0.014527695408736713	-0.022218565326718842
23.1	-0.07534828759008505	0.01488863194063079	-0.022218565326718842
23.2	-0.07880916216320077	0.015249568472524868	-0.022218565326718842
23.3	-0.08097777777777804	0.025723076923076866	0.0
23.4	-0.07271111111111139	0.027076923076923023	0.0
23.5	-0.0655860476484138	0.01981026898741358	-0.02272336084164106
23.6	-0.05226666666666713	0.029784615384615333	0.0
23.7	-0.06468706166083837	0.03915911866611427	-6.260461946337945
23.8	-0.06032746726580829	0.020671585030344615	-0.02272336084164106
23.9	-0.06575856124216717	0.02126517733742617	-0.022218565326718842
24.0	-0.06329414970900693	0.036882783409796546	-6.260461946337945
24.1	-0.05882101596465006	0.03374756573209632	-6.260966741852867
24.2	-0.05351111111111173	0.02572307692307688	0.0
24.3	-0.04817144988235711	0.033468280525319964	-6.260461946337945
24.4	-0.05189865611262423	0.01836448848677937	-0.02272336084164106
24.5	-0.04757038988312168	0.017091622060722	-0.02325162281046289
24.6	-0.05564444444444483	0.02301538461538458	0.0
24.7	-0.050626448649143896	0.01643062010257253	-0.02325162281046289
24.8	-0.06453333333333422	0.02301538461538458	0.0
24.9	-0.059470877617259	0.018702862646502283	-0.02272336084164106
25.0	-0.054444474513362096	0.014360284494288897	-0.04758310327698334
25.1	-0.04482654147506615	0.020333679284026556	-0.02325162281046289
25.2	-0.04414948231514959	0.030815281763253925	-6.259933684369123
25.3	-0.03998858339558087	0.02236345582895915	-0.02272336084164106
25.4	-0.0481777777777781	0.028430769230769207	0.0
25.5	-0.044846249424589146	0.032546477367931106	-6.259933684369123
25.6	-0.048352038634760675	0.02470888272130163	-0.02325162281046289
25.7	-0.03902222222222296	0.02843076923076921	0.0
25.8	-0.03765734523418729	0.025103508211907682	-0.023805026185069966
25.9	-0.023542523835290652	0.025275455828286896	-0.02325162281046289
26.0	-0.03573333333333384	0.02707692307692306	0.0
26.1	-0.03137777777777817	0.02707692307692306	0.0
26.2	-0.040711111111111364	0.02843076923076922	0.0
26.3	-0.04026666666666756	0.029784615384615375	0.0
26.4	-0.04854935011145134	0.029969528417296734	-0.023805026185069966
26.5	-0.028549350111451766	0.029969528417296734	-0.023805026185069966
26.6	-0.023288888888888692	0.03113846153846153	0.0
26.7	-0.003288888888889119	0.03113846153846153	0.0
26.8	0.004077506704915024	0.031807171013952945	-0.02272336084164106
26.9	0.024077506704914597	0.031807171013952945	-0.02272336084164106
27.0	0.040191716947374445	0.031853999126060205	-0.02325162281046289
27.1	0.0317333333333325	0.032492307692307695	0.0
27.2	0.042818876075494394	0.032546477367931086	-6.259933684369123
27.3	0.011988175230285947	0.03172809399117459	-6.259933684369123
27.4	0.0291555555555556	0.032492307692307695	0.0
27.5	0.009134575391581912	0.032576203195141366	-0.02272336084164106
27.6	0.029134575391581485	0.032576203195141366	-0.02272336084164106
27.7	0.014844444444443994	0.029784615384615395	0.0
27.8	0.03484444444444357	0.029784615384615395	0.0
27.9	-0.02218615980200589	0.03711053850753459	-0.02325162281046289
28.0	-0.0021861598020063155	0.03711053850753459	-0.02325162281046289
28.1	-0.03498494975854172	0.039131535666183014	-0.022218565326718842
28.2	-0.014984949758542143	0.039131535666183014	-0.022218565326718842
28.3	-0.02942222222222224	0.03520000000000002	0.0
28.4	-0.009422222222222665	0.03520000000000002	0.0
28.5	-0.031127007384305294	0.041894933633187914	-0.02325162281046289
28.6	-0.02879881817901353	0.040697183028491075	-0.02272336084164106
28.7	-0.05111111111111111	0.03249230769230772	0.0
28.8	-0.031111111111111533	0.03249230769230772	0.0
28.9	-0.05287934056102905	0.040824739986660204	-0.02325162281046289
29.0	-0.03287934056102948	0.040824739986660204	-0.02325162281046289
29.1	-0.06181685002934589	0.04126707681322297	-0.022218565326718842
29.2	-0.04181685002934632	0.04126707681322297	-0.022218565326718842
29.3	-0.09793435419989649	0.0465006565256871	-0.022218565326718842
29.4	-0.07793435419989692	0.0465006565256871	-0.022218565326718842
29.5	-0.08729312608176887	0.046755508400945174	-0.021735706841792712
29.6	-0.07504634051635062	0.04728009849946395	-0.02272336084164106
29.7	-0.1014222222222223	0.03655384615384621	0.0
29.8	-0.08142222222222273	0.03655384615384621	0.0
29.9	-0.09337054631242836	0.04556823715162739	-0.022218565326718842
30.0	-0.08320802332682575	0.04527158714277384	-0.021273386024061036
30.1	-0.0879111111111115	0.03249230769230775	0.0
30.2	-0.06791111111111103	0.03249230769230775	0.0
30.3	-0.06633129835803508	0.0199718214314724	-6.260966741852867
30.4	-0.04633129835803462	0.0199718214314724	-6.260966741852867
30.5	-0.0692443399156133	0.04543140652678375	-0.021735706841792712
30.6	-0.049244339915612834	0.04543140652678375	-0.021735706841792712
30.7	-0.0508778759682702	0.020597140264733433	-6.2614496003377935
30.8	-0.05815242345299687	0.04590515897301622	-0.021273386024061036
30.9	-0.064183933369244	0.00790467539721495	-6.238770091932675
31.0	-0.05354137382114743	0.022077284534187867	-6.260966741852867
31.1	-0.03354137382114786	0.022077284534187867	-6.260966741852867
31.2	-0.013541373821147396	0.022077284534187867	-6.260966741852867
31.3	-0.10106666666666708	0.07852307692307685	0.0
31.4	-0.08106666666666662	0.07852307692307685	0.0
31.5	-0.10362204292963195	0.06572248041029019	-0.02325162281046289
31.6	-0.08362204292963149	0.06572248041029019	-0.02325162281046289
31.7	-0.11841372287799601	0.06687503847614472	-0.02272336084164106
31.8	-0.09841372287799555	0.06687503847614472	-0.02272336084164106
31.9	-0.09516495274468273	0.08588551399512252	-6.260461946337945
32.0	-0.07516495274468227	0.08588551399512252	-6.260461946337945
32.1	-0.059095176563841	0.08473415577801793	-6.259933684369123
32.2	-0.10283814846454042	0.055775974754326725	-0.02325162281046289
32.3	-0.08283814846454085	0.055775974754326725	-0.02325162281046289
32.4	-0.11573333333333302	0.06769230769230765	0.0
32.5	-0.1035555555555554	0.06769230769230765	0.0
32.6	-0.11093333333333355	0.07039999999999995	0.0
32.7	-0.09093333333333309	0.07039999999999995	0.0
32.8	-0.11004444444444506	0.07310769230769226	0.0
32.9	-0.0900444444444446	0.07310769230769226	0.0
33.0	-0.11357786718408036	0.08060915878967753	-6.260966741852867
33.1	-0.10135471264442764	0.07913533461777672	-6.260966741852867
33.2	-0.11055046766874899	0.07462362796910074	-6.260966741852867
33.3	-0.09055046766874852	0.07462362796910074	-6.260966741852867
33.4	-0.10933333333333373	0.0663384615384615	0.0
33.5	-0.08933333333333326	0.0663384615384615	0.0
33.6	-0.11818232147366814	0.05795426517435911	-0.02272336084164106
33.7	-0.09818232147366768	0.05795426517435911	-0.02272336084164106
33.8	-0.13092387804496664	0.05867179285669587	-0.02325162281046289
33.9	-0.11092387804496617	0.05867179285669587	-0.02325162281046289
34.0	-0.13623186357052397	0.04968816287585521	-0.06965457372856809
34.1	-0.1652744083727704	0.04934266996078921	-0.06965457372856809
34.2	-0.20209992757160222	0.05089721730664593	-0.06807645825799957
34.3	-0.21904956110750184	0.05251492309003155	-0.06965457372856809
34.4	-0.2186796783210081	0.05356793980705498	-0.06807645825799957
34.5	-0.22586101625939836	0.0562079643476892	-0.06807645825799957
34.6	-0.2230150261518924	0.058260356937805735	-0.07130746478529026
34.7	-0.23637994384924976	0.06159793706404432	-0.04542327942157698
34.8	-0.231796822971285	0.06339128693499631	-0.06807645825799957
34.9	-0.24513573351128048	0.06541735772807783	-0.023805026185069966
35.0	-0.25084444444444465	0.06498461538461539	0.0
35.1	-0.2466494557029968	0.06395271618762878	-6.260461946337945
35.2	-0.23988331072006375	0.06764253371729585	-0.02325162281046289
35.3	-0.2477992770160915	0.06462081048004112	-6.259933684369123
35.4	-0.23757441179401528	0.0644634290614341	-6.259933684369123
35.5	-0.23884444444444508	0.0676923076923077	0.0
35.6	-0.2346711702014197	0.06392195490038124	-6.260461946337945
35.7	-0.2180843889434616	0.06890158506615199	-0.02325162281046289
35.8	-0.21208888888888922	0.06633846153846155	0.0
35.9	-0.20746270240729459	0.0693051801687002	-0.02272336084164106
36.0	-0.19522990109957572	0.06949963445685867	-0.02325162281046289
36.1	-0.2006985643178547	0.06982812205190832	-0.02272336084164106
36.2	-0.1982940206234458	0.07010497363713616	-0.02272336084164106
36.3	-0.1978445276296581	0.07041258650961152	-0.02272336084164106
36.4	-0.1921611713863829	0.08100238435956421	-0.06965457372856809
36.5	-0.2047213114740991	0.07250435404244401	-0.02272336084164106
36.6	-0.1984162032340011	0.0739619109939616	-0.022218565326718842
36.7	-0.19791274041419094	0.07438079256454376	-0.02272336084164106
36.8	-0.19355314601915996	0.07462688286252406	-0.02272336084164106
36.9	-0.1970683896667893	0.07486425232369678	-0.022218565326718842
37.0	-0.19714047124600942	0.06295334677119224	-6.260966741852867
37.1	-0.19808147410571664	0.07684940324911424	-0.022218565326718842
37.2	-0.1936657917741611	0.07724159227856468	-0.02272336084164106
37.3	-0.19774773055989048	0.062020927397132546	-6.260966741852867
37.4	-0.18304815037085298	0.07754119826857787	-0.022218565326718842
37.5	-0.1766173854743478	0.0780926599128018	-0.02325162281046289
37.6	-0.17489411530065624	0.061449444554966925	-6.260966741852867
37.7	-0.17822222222222184	0.07040000000000005	0.0
37.8	-0.1714322551450822	0.07994744181453839	-0.022218565326718842
37.9	-0.18124444444444432	0.07040000000000005	0.0
38.0	-0.17444385852912703	0.08060915878967753	-0.022218565326718842
38.1	-0.1783999999999999	0.07310769230769236	0.0
38.2	-0.15840000000000032	0.07310769230769236	0.0
38.3	-0.13777439491016796	0.08503063130538	-0.022218565326718842
38.4	-0.12565400540347405	0.08494849134897962	-0.021735706841792712
38.5	-0.1129445961721336	0.10698712978765267	-0.06656816377582375
38.6	-0.11555555555555586	0.07852307692307697	0.0
38.7	-0.12031162301392051	0.0884794296800768	-0.021735706841792712
38.8	-0.11691798094876305	0.09897271791104863	-0.043450895391530686
38.9	-0.12399999999999967	0.07716923076923082	0.0
39.0	-0.13748298539304304	0.1007957448006758	-0.043450895391530686
39.1	-0.13520119343581172	0.1008422915438042	-0.0425275346197842
39.2	-0.165688888888889	0.07581538461538469	0.0
39.3	-0.1380783361854876	0.1004464835646107	-0.04441521524691083
39.4	-0.13487437683953107	0.08566227023619462	-0.022218565326718842
39.5	-0.13049665102980157	0.08483963022870628	-0.02272336084164106
39.6	-0.13262222222222242	0.07040000000000007	0.0
39.7	-0.11262222222222196	0.07040000000000007	0.0
39.8	-0.19504000174411207	0.07379769520383446	-0.04758310327698334
39.9	-0.19226528222294448	0.0631623865634291	-0.06965457372856809
40.0	-0.19942381483807736	0.06356552189075161	-0.07130746478529026
40.1	-0.20352883421722368	0.07664558353486849	-0.04647813135100298
40.2	-0.1912517512651455	0.07824957399866754	-0.04647813135100298
40.3	-0.1799037059658346	0.09203665360138341	-0.02325162281046289
40.4	-0.18723868416637046	0.0984153610297855	-0.022218565326718842
40.5	-0.18650609269780283	0.10226644581083952	-0.02325162281046289
40.6	-0.19979742438756531	0.1089294475143478	-0.021735706841792712
40.7	-0.19315555555555441	0.11913846153846148	0.0
40.8	-0.20642604833381917	0.12756098598023227	-6.260966741852867
40.9	-0.18260903862701383	0.11049454379315177	-0.02272336084164106
41.0	-0.16260903862701426	0.11049454379315177	-0.02272336084164106
41.1	-0.1426090386270129	0.11049454379315177	-0.02272336084164106
41.2	-0.12260903862701333	0.11049454379315177	-0.02272336084164106
41.3	-0.10260903862701376	0.11049454379315177	-0.02272336084164106
41.4	-0.08260903862701419	0.11049454379315177	-0.02272336084164106
41.5	-0.06260903862701284	0.11049454379315177	-0.02272336084164106
41.6	-0.04260903862701326	0.11049454379315177	-0.02272336084164106
41.7	-0.02260903862701369	0.11049454379315177	-0.02272336084164106
41.8	-0.0026090386270141153	0.11049454379315177	-0.02272336084164106
41.9	-0.16864988597930974	0.10394238960942646	-0.02272336084164106
42.0	-0.15826275736655937	0.10376546398246825	-0.023805026185069966
42.1	-0.1382627573665598	0.10376546398246825	-0.023805026185069966
42.2	-0.17703222753058512	0.10637253130198186	-0.02272336084164106
42.3	-0.170399999999999	0.11101538461538457	0.0
42.4	-0.16700130819103443	0.10161865976419762	-0.04441521524691083
42.5	-0.16755555555555546	0.1110153846153846	0.0
42.6	-0.16124444444444563	0.1110153846153846	0.0
42.7	-0.15861116131105213	0.11443198856083654	-6.260461946337945
42.8	-0.14900847640071824	0.10511131852483287	-0.02272336084164106
42.9	-0.14070393981027252	0.10384025999690973	-0.02325162281046289
43.0	-0.14624330565346	0.10298878970475284	-0.02272336084164106
43.1	-0.14311898548350221	0.10818032999662923	-6.259380280994517
43.2	-0.1487999999999996	0.10424615384615382	0.0
43.3	-0.1450140646589979	0.10262628723521638	-0.022218565326718842
43.4	-0.14400000000000013	0.10559999999999999	0.0
43.5	-0.1295069422950892	0.09915441007265764	-0.06807645825799957
43.6	-0.1338155271580952	0.10332716386447575	-0.02272336084164106
43.7	-0.11682130472583552	0.10044372438319996	-0.06807645825799957
43.8	-0.13083675068931555	0.10522521648065146	-0.02325162281046289
43.9	-0.1265574631043993	0.10551121525905086	-0.02272336084164106
44.0	-0.12993728980101338	0.10585474215507953	-0.02325162281046289
44.1	-0.12565847711682387	0.1061264410040016	-0.02272336084164106
44.2	-0.11926269413478785	0.10632688641090059	-0.02325162281046289
44.3	-0.11099285586829843	0.10651574411322899	-0.02325162281046289
44.4	-0.10866959253048947	0.10680318932344741	-0.02272336084164106
44.5	-0.10095510653299655	0.10708881536227041	-0.04441521524691083
44.6	-0.11359918419016957	0.10616950499229358	-0.02325162281046289
44.7	-0.10915432331094976	0.10644016383046359	-0.023805026185069966
44.8	-0.11473625632829254	0.10680318932344743	-0.02272336084164106
44.9	-0.11806960798131882	0.10856170255512024	-0.02325162281046289
45.0	-0.10824746706583	0.11244223963056996	-0.06965457372856809
45.1	-0.10543998535950827	0.10900237052721988	-0.02325162281046289
45.2	-0.11097507248439875	0.11065712506985961	-0.022218565326718842
45.3	-0.1027055097709546	0.11083759333580664	-0.022218565326718842
45.4	-0.09044487471779483	0.11101748567635994	-0.02272336084164106
45.5	-0.10387183086150564	0.1173979547586383	-0.04441521524691083
45.6	-0.11300124136225342	0.11462742692069447	-0.022218565326718842
45.7	-0.10277155457199605	0.11876967505761842	-0.04542327942157698
45.8	-0.104325853523763	0.11375516363528376	-0.022218565326718842
45.9	-0.09597317958087359	0.11403209182661857	-0.02272336084164106
46.0	-0.08956396037324055	0.11910415463543185	-0.04647813135100298
46.1	-0.08581988221442849	0.12370242426651049	-0.06512516333438567
46.2	-0.09662418427059905	0.11363219509240058	-0.02272336084164106
46.3	-0.09421964057619014	0.1139090466776284	-0.02272336084164106
46.4	-0.09791828953351889	0.12004286515770647	-0.04441521524691083
46.5	-0.10136181352525853	0.12076420435745232	-0.04441521524691083
46.6	-0.10871259151562285	0.12160576675715583	-0.04441521524691083
46.7	-0.11173333333333346	0.10830769230769234	0.0
46.8	-0.11356209786473137	0.11562000238340317	-0.022218565326718842
46.9	-0.11084444444444408	0.10695384615384619	0.0
47.0	-0.12039895012899393	0.11652375609366905	-0.02272336084164106
47.1	-0.11811827104655315	0.11778621782818334	-0.021735706841792712
47.2	-0.12156415761730166	0.12802353350704274	-0.043450895391530686
47.3	-0.12275555555555506	0.11101538461538467	0.0
47.4	-0.11077957860225673	0.12013170903207915	-0.022218565326718842
47.5	-0.10446508876990812	0.12034225534235068	-0.022218565326718842
47.6	-0.10212916206158162	0.1298465603966699	-0.043450895391530686
47.7	-0.10924444444444603	0.11101538461538467	0.0
47.8	-0.11271111111111054	0.11101538461538467	0.0
47.9	-0.10835555555555487	0.11101538461538467	0.0
48.0	-0.10027755489291046	0.13219885315747912	-0.043450895391530686
48.1	-0.10975635370327019	0.12178978500431972	-0.021273386024061036
48.2	-0.10702222222222169	0.11236923076923083	0.0
48.3	-0.10460728076343173	0.12822270295537141	-0.022218565326718842
48.4	-0.10026666666666628	0.11643076923076928	0.0
48.5	-0.1018008990832655	0.1298796816121912	-0.021735706841792712
48.6	-0.0993777777777769	0.11913846153846161	0.0
48.7	-0.10263641175105143	0.13483987270676284	-0.022218565326718842
48.8	-0.09457777777777743	0.12184615384615392	0.0
48.9	-0.07457777777777785	0.12184615384615392	0.0
49.0	-0.054577777777776504	0.12184615384615392	0.0
49.1	-0.12168628115384195	0.11457921895287221	-0.05123716740341866
49.2	-0.10980874235577254	0.11425726756762551	-0.049958395721942495
49.3	-0.1100419496296503	0.12682757256872515	-0.024385409172718475
49.4	-0.09764124940358698	0.11183999852700863	-0.04874185130993158
49.5	-0.10331545739083303	0.11198446069761617	-0.04758310327698334
49.6	-0.09503551020680057	0.11237083606517552	-0.04758310327698334
49.7	-0.10209793979618276	0.11401677231137389	-0.04874185130993158
49.8	-0.10203348317064531	0.1286756203981353	-0.023805026185069966
49.9	-0.09758039982392042	0.1316403479404915	-0.023805026185069966
50.0	-0.11283075798347042	0.1573184660395741	-6.259933684369123
50.1	-0.09283075798347085	0.1573184660395741	-6.259933684369123
50.2	-0.07283075798347127	0.1573184660395741	-6.259933684369123
50.3	-0.05283075798346992	0.1573184660395741	-6.259933684369123
50.4	-0.03283075798347035	0.1573184660395741	-6.259933684369123
50.5	-0.012830757983470775	0.1573184660395741	-6.259933684369123
50.6	0.0071692420165287984	0.1573184660395741	-6.259933684369123
50.7	0.02716924201653015	0.1573184660395741	-6.259933684369123
50.8	0.04716924201652972	0.1573184660395741	-6.259933684369123
50.9	0.0671692420165293	0.1573184660395741	-6.259933684369123
51.0	0.08716924201652887	0.1573184660395741	-6.259933684369123
51.1	0.10716924201653022	0.1573184660395741	-6.259933684369123
51.2	0.1271692420165298	0.1573184660395741	-6.259933684369123
51.3	0.14716924201652937	0.1573184660395741	-6.259933684369123
51.4	0.16716924201652894	0.1573184660395741	-6.259933684369123
51.5	-0.040681797732640135	0.08870565895693419	-0.06656816377582375
51.6	-0.03092855672011474	0.07152381757778506	-0.11575921772081044
51.7	-0.032470737412541695	0.06974633243715343	-0.11848995915813765
51.8	-0.02530253603467969	0.07527002451682976	-0.09275632018814362
51.9	-0.03469090184746371	0.07580296513190103	-0.09275632018814362
52.0	-0.02365219017390352	0.06987436609008993	-0.11848995915813765
52.1	-0.030606830607394997	0.07345930837231168	-0.11848995915813765
52.2	-0.035924098773776336	0.07749716657531758	-0.11575921772081044
52.3	-0.041072435907562266	0.09203774969947895	-0.06656816377582375
52.4	-0.030961573215696703	0.09016101229087979	-0.09275632018814362
52.5	-0.040950110249001526	0.10013012847549077	-0.06965457372856809
52.6	-0.04432494103989448	0.10421957343550237	-0.06807645825799957
52.7	-0.06840735835267786	0.11337757396449494	-0.02325162281046289
52.8	-0.06799997131580149	0.11510873688028232	-0.02272336084164106
52.9	-0.07728129885465229	0.11692365282788697	-0.02272336084164106
53.0	-0.07278685065752022	0.11847673192736229	-0.02325162281046289
53.1	-0.07815673533697165	0.12023940381576087	-0.02325162281046289
53.2	-0.07786666666666697	0.12184615384615384	0.0
53.3	-0.07926012936933624	0.12227611680895838	-0.02272336084164106
53.4	-0.07881063637554853	0.12258372968143375	-0.02272336084164106
53.5	-0.08427252482320924	0.1243426352375101	-0.022218565326718842
53.6	-0.09004792923684413	0.12442574955070752	-6.259933684369123
53.7	-0.08118703630936253	0.12628285029027034	-0.02325162281046289
53.8	-0.07096217108728808	0.12644023170887736	-0.02325162281046289
53.9	-0.0686985356336578	0.12535224553371205	-0.02272336084164106
54.0	-0.049768428906627804	0.12861758974502344	-0.06965457372856809
54.1	-0.05729653881006591	0.12859860150266797	-0.04758310327698334
54.2	-0.050735513047635905	0.13059632189494688	-0.06965457372856809
54.3	-0.05834745670075847	0.13178634131328776	-0.06807645825799957
54.4	-0.0578577155798623	0.13270728010653227	-0.06807645825799957
54.5	-0.06804937564594304	0.1271699714040137	-0.022218565326718842
54.6	-0.06560158551175554	0.12879418579753707	-0.022218565326718842
54.7	-0.07082465100110369	0.12933604981124647	-0.02325162281046289
54.8	-0.07047381782096096	0.1295665418866246	-0.02272336084164106
54.9	-0.060249071324067316	0.12972034832286225	-0.02272336084164106
55.0	-0.09730141611819754	0.12136490884938396	-6.260966741852867
55.1	-0.08667636217472108	0.13211972872817015	-0.02272336084164106
55.2	-0.09048888888889017	0.12861538461538463	0.0
55.3	-0.07831111111111078	0.12861538461538463	0.0
55.4	-0.07556258797476723	0.1354715116375775	-0.022218565326718842
55.5	-0.061777777777779264	0.1299692307692308	0.0
55.6	-0.06720000000000148	0.1299692307692308	0.0
55.7	-0.04720000000000013	0.1299692307692308	0.0
55.8	-0.05412788227950749	0.13908087695651827	-0.022218565326718842
55.9	-0.049768465328250855	0.13932150131111434	-0.022218565326718842
56.0	-0.06100618536171254	0.14115626201490925	-0.022218565326718842
56.1	-0.0449163311238987	0.14121641810355826	-0.022218565326718842
56.2	-0.038440200492594556	0.160480694681479	-0.06656816377582375
56.3	-0.023943103196726767	0.16125638269711176	-0.06807645825799957
56.4	-0.025627259193779395	0.16309233337158163	-0.06656816377582375
56.5	-0.022659849012139688	0.15531012953242987	-0.043450895391530686
56.6	-0.0355681046709293	0.15803339634432165	-0.04441521524691083
56.7	-0.015568104670929728	0.15803339634432165	-0.04441521524691083
56.8	-0.03937981908831567	0.16951813695781065	-0.06512516333438567
56.9	-0.01937981908831432	0.16951813695781065	-0.06512516333438567
57.0	-0.003188474628647242	0.16759515869934477	-0.06656816377582375
57.1	0.010275335638905148	0.16667357686907072	-0.06374331253268695
57.2	-0.02033672710514267	0.1469312465252145	-0.022218565326718842
57.3	-0.0003367271051413212	0.1469312465252145	-0.022218565326718842
57.4	-0.05137777777777863	0.13267692307692314	0.0
57.5	-0.03137777777777906	0.13267692307692314	0.0
57.6	-0.08345847846647558	0.13938379062006112	-0.021735706841792712
57.7	-0.06345847846647601	0.13938379062006112	-0.021735706841792712
57.8	-0.09262900647663663	0.11552976825042975	-6.260966741852867
57.9	-0.07262900647663706	0.11552976825042975	-6.260966741852867
58.0	-0.13195608958587712	0.06371912000815477	-0.09966865249116186
58.1	-0.11195608958587755	0.06371912000815477	-0.09966865249116186
58.2	-0.140642558712333	0.09703134050912984	-0.04874185130993158
58.3	-0.12064255871233343	0.09703134050912984	-0.04874185130993158
58.4	-0.12127763885236398	0.06565456734417428	-0.09495170634275629
58.5	-0.1012776388523644	0.06565456734417428	-0.09495170634275629
58.6	-0.1356470833518113	0.09394351990917205	-0.04647813135100298
58.7	-0.11564708335181173	0.09394351990917205	-0.04647813135100298
58.8	-0.1457835677947319	0.1107020898481756	-0.02325162281046289
58.9	-0.1288047377102295	0.09221667116354901	-0.06807645825799957
59.0	-0.12516680016000947	0.10515849587073446	-0.04758310327698334
59.1	-0.1051668001600099	0.10515849587073446	-0.04758310327698334
59.2	-0.08516680016001033	0.10515849587073446	-0.04758310327698334
59.3	-0.06516680016001075	0.10515849587073446	-0.04758310327698334
59.4	-0.0451668001600094	0.10515849587073446	-0.04758310327698334
59.5	-0.025166800160009828	0.10515849587073446	-0.04758310327698334
59.6	-0.005166800160010254	0.10515849587073446	-0.04758310327698334
59.7	0.01483319983998932	0.10515849587073446	-0.04758310327698334
59.8	0.03483319983999067	0.10515849587073446	-0.04758310327698334
59.9	0.05483319983999024	0.10515849587073446	-0.04758310327698334
60.0	0.07483319983998982	0.10515849587073446	-0.04758310327698334
60.1	0.09483319983998939	0.10515849587073446	-0.04758310327698334
60.2	0.11483319983998896	0.10515849587073446	-0.04758310327698334
60.3	0.13483319983999031	0.10515849587073446	-0.04758310327698334
60.4	0.1548331998399899	0.10515849587073446	-0.04758310327698334
60.5	0.17483319983998946	0.10515849587073446	-0.04758310327698334
60.6	0.19483319983998904	0.10515849587073446	-0.04758310327698334
60.7	0.21483319983999039	0.10515849587073446	-0.04758310327698334
60.8	-0.06554219252739202	0.1703471892260148	-6.237762027758009
60.9	-0.045542192527392444	0.1703471892260148	-6.237762027758009
61.0	-0.09409363368671286	0.17090046410982357	-6.237762027758009
61.1	-0.07409363368671151	0.17090046410982357	-6.237762027758009
61.2	-0.09501521122378165	0.17534674623375254	-6.215108848921586
61.3	-0.07501521122378207	0.17534674623375254	-6.215108848921586
61.4	-0.13176917818267952	0.17466237278927357	-6.213530733451018
61.5	-0.11176917818267817	0.17466237278927357	-6.213530733451018
61.6	-0.1626861907576842	0.17410586800122413	-6.211877842394296
61.7	-0.14268619075768463	0.17410586800122413	-6.211877842394296
61.8	-0.17449235797456986	0.1740514896226633	-6.192525419978841
61.9	-0.1544923579745685	0.1740514896226633	-6.192525419978841
62.0	-0.19521159108865582	0.17075646872527594	-6.167426089458775
62.1	-0.17521159108865625	0.17075646872527594	-6.167426089458775
62.2	-0.16101985444140787	0.16957552979608698	-6.215108848921586
62.3	-0.14101985444140652	0.16957552979608698	-6.215108848921586
62.4	-0.1297777777777771	0.1665230769230769	0.0
62.5	-0.10977777777777753	0.1665230769230769	0.0
62.6	-0.10933333333333373	0.16516923076923076	0.0
62.7	-0.08933333333333415	0.16516923076923076	0.0
62.8	-0.0678150395133823	0.1656495318279851	-0.02272336084164106
62.9	-0.045937484190716305	0.16983664062025522	-0.11848995915813765
63.0	-0.02118673589862219	0.171102918957027	-0.1613751104206913
63.1	-0.02030933478310004	0.17884669180856824	-0.22849663929186237
63.2	-0.030220526854666474	0.19055883320599787	-0.28473043852271207
63.3	-0.06175587558557538	0.19783070713105624	-0.2621198412654726
63.4	-0.07074069801990213	0.19880880706859333	-0.23374318086890122
63.5	-0.08462561250105693	0.20347184501883583	-0.22849663929186237
63.6	-0.08400724275289484	0.20758900674985614	-0.23374318086890122
63.7	-0.11784732175334334	0.2025916219322237	-0.18394345653717492
63.8	-0.11597481070252869	0.2076694205690644	-0.20176234432028695
63.9	-0.15261704717366698	0.1983972867711372	-0.157768737595954
64.0	-0.15962559882456517	0.19629364373223923	-0.15431877592611887
64.1	-0.1948412339330936	0.18251764218752684	-0.11315098159048453
64.2	-0.21376830075122477	0.16577378233803022	-0.06965457372856809
64.3	-0.24349517558730405	0.15169512520758896	-0.0425275346197842
64.4	-0.24699198817996226	0.14866490248314376	-0.043450895391530686
64.5	-0.2571591829357285	0.13432277901215514	-0.021735706841792712
64.6	-0.24071471856478688	0.14154921688169583	-0.043450895391530686
64.7	-0.2563406747973662	0.12969652712727223	-0.022218565326718842
64.8	-0.2519812578461096	0.1299371514818683	-0.022218565326718842
64.9	-0.2633777777777766	0.12049230769230775	0.0
65.0	-0.2570666666666668	0.1191384615384616	0.0
65.1	-0.25857777777777713	0.1191384615384616	0.0
65.2	-0.2620444444444452	0.12049230769230775	0.0
65.3	-0.24964800977270762	0.1341480776872992	-0.022218565326718842
65.4	-0.249422222222222	0.12455384615384621	0.0
65.5	-0.2388003187330039	0.14001329633057796	-0.022218565326718842
65.6	-0.23484444444444463	0.12996923076923084	0.0
65.7	-0.23831111111111092	0.131323076923077	0.0
65.8	-0.22109926926068724	0.1571631718381035	-0.0425275346197842
65.9	-0.23085727808265055	0.14682362403249272	-0.02272336084164106
66.0	-0.21933179737959385	0.16266281583978173	-0.04542327942157698
66.1	-0.21868958775877978	0.16598246514263443	-0.04542327942157698
66.2	-0.20978056021320057	0.15285283633300992	-0.02272336084164106
66.3	-0.189780560213201	0.15285283633300992	-0.02272336084164106
66.4	-0.16978056021320143	0.15285283633300992	-0.02272336084164106
66.5	-0.2383404005296068	0.09397091032585321	-0.0767718912697779
66.6	-0.23585797207761416	0.10830422995726863	-0.05123716740341866
66.7	-0.2396897621063836	0.1105537231089746	-0.04874185130993158
66.8	-0.2321363595803767	0.0994077341985346	-0.06965457372856809
66.9	-0.24292161628831366	0.12501197743825146	-0.024385409172718475
67.0	-0.23633624111835871	0.11578381847861641	-0.04758310327698334
67.1	-0.23688888888889004	0.1421538461538461	0.0
67.2	-0.23093830181311858	0.1250568273000406	-0.04758310327698334
67.3	-0.2411138074983814	0.1613121903260825	-6.260461946337945
67.4	-0.22968888888888905	0.15298461538461533	0.0
67.5	-0.21561326278273185	0.13382312595029364	-0.04647813135100298
67.6	-0.19561326278273228	0.13382312595029364	-0.04647813135100298
67.7	-0.1756132627827327	0.13382312595029364	-0.04647813135100298
67.8	-0.15561326278273135	0.13382312595029364	-0.04647813135100298
67.9	-0.13561326278273178	0.13382312595029364	-0.04647813135100298
68.0	-0.1156132627827322	0.13382312595029364	-0.04647813135100298
68.1	-0.09561326278273263	0.13382312595029364	-0.04647813135100298
68.2	-0.07561326278273128	0.13382312595029364	-0.04647813135100298
68.3	-0.05561326278273171	0.13382312595029364	-0.04647813135100298
68.4	-0.035613262782732136	0.13382312595029364	-0.04647813135100298
68.5	-0.015613262782732562	0.13382312595029364	-0.04647813135100298
68.6	0.004386737217268788	0.13382312595029364	-0.04647813135100298
68.7	0.02438673721726836	0.13382312595029364	-0.04647813135100298
68.8	-0.22542222222222286	0.16381538461538458	0.0
68.9	-0.22302222222222312	0.16516923076923073	0.0
69.0	-0.22236153737003406	0.17129393601187717	-6.259933684369123
69.1	-0.23733159140697424	0.17747828772843907	-6.237762027758009
69.2	-0.23686697619330843	0.17686353785754044	-6.237762027758009
69.3	-0.21897178836390196	0.17161722155400724	-6.260461946337945
69.4	-0.22625363223166062	0.16847957025475852	-6.260461946337945
69.5	-0.20862222222222293	0.16246153846153844	0.0
69.6	-0.18862222222222336	0.15839999999999999	0.0
69.7	-0.17331847453617932	0.15257598474778197	-0.02272336084164106
69.8	-0.16518207765131265	0.14870006255459237	-0.02272336084164106
69.9	-0.15500176412488642	0.14750037235193844	-0.02272336084164106
70.0	-0.16056874116215347	0.14663046608196947	-0.022218565326718842
70.1	-0.15391804136242193	0.1465928868497665	-0.023805026185069966
70.2	-0.1487100753536339	0.14363577349353499	-0.04647813135100298
70.3	-0.15524770879129512	0.14605459185130423	-0.02272336084164106
70.4	-0.15077650398401943	0.14623881416964007	-0.02325162281046289
70.5	-0.13663070875773364	0.14275139081590513	-0.06965457372856809
70.6	-0.14798964473759924	0.14823864324587935	-0.02272336084164106
70.7	-0.13674948143894206	0.1479088189382142	-0.04542327942157698
70.8	-0.14509117507893343	0.15017660434247415	-0.02272336084164106
70.9	-0.14268663138452453	0.15045345592770198	-0.02272336084164106
71.0	-0.13814361105374573	0.1504200028966014	-0.06807645825799957
71.1	-0.1371728378415149	0.15264505156552235	-0.06965457372856809
71.2	-0.14711443856408835	0.15417557168465393	-0.02272336084164106
71.3	-0.13183065727116983	0.15424074260847026	-0.04542327942157698
71.4	-0.1323351284823886	0.15323129852069461	-0.023805026185069966
71.5	-0.1332444444444434	0.15298461538461539	0.0
71.6	-0.11652485474428786	0.15568142736873183	-0.04647813135100298
71.7	-0.11737776785926002	0.15530398388140426	-0.02325162281046289
71.8	-0.10715290263718558	0.15546136530001126	-0.02325162281046289
71.9	-0.12145836216425288	0.15761261514446984	-0.04441521524691083
72.0	-0.11708737815874848	0.1580935079443004	-0.04441521524691083
72.1	-0.11569829181130054	0.15651342951546673	-0.02272336084164106
72.2	-0.11388555379417475	0.16069561625290604	-0.04542327942157698
72.3	-0.11072386554003266	0.15848308853726598	-0.02325162281046289
72.4	-0.10552482534131435	0.1661680562610824	-0.06807645825799957
72.5	-0.1062927430271241	0.16385863365476624	-0.04647813135100298
72.6	-0.10636334449507956	0.16945273795698776	-0.06807645825799957
72.7	-0.11138488331869922	0.16647426503935334	-0.04542327942157698
72.8	-0.12746666666666684	0.1584	0.0
72.9	-0.11404296131637714	0.1629628441501765	-0.022218565326718842
73.0	-0.11144034059899788	0.1621028611652274	-0.02325162281046289
73.1	-0.10009093035389327	0.16705013634114482	-0.04441521524691083
73.2	-0.1105408797106957	0.16273238683965546	-0.02325162281046289
73.3	-0.10298389647211437	0.1697251025402024	-0.04441521524691083
73.4	-0.11363168538189683	0.16463440934881646	-0.02272336084164106
73.5	-0.11134733418195353	0.1647675268096469	-0.022218565326718842
73.6	-0.10940721444871038	0.17176889693948233	-0.04441521524691083
73.7	-0.0955132657012534	0.17885222201875267	-0.06656816377582375
73.8	-0.10448567256968566	0.17420341673862458	-0.04441521524691083
73.9	-0.08955628002151528	0.1841791321770006	-0.06965457372856809
74.0	-0.099306675698001	0.1769864878317202	-0.04542327942157698
74.1	-0.10105402768308913	0.1772991641375339	-0.04441521524691083
74.2	-0.10865268401908246	0.1777745253981581	-0.043450895391530686
74.3	-0.12275555555555684	0.15975384615384622	0.0
74.4	-0.13208888888888914	0.15975384615384622	0.0
74.5	-0.11865962825634924	0.1691025215734623	-0.021735706841792712
74.6	-0.11405848858783685	0.1697715443191551	-0.02272336084164106
74.7	-0.10022527464110276	0.18096597173624202	-0.04441521524691083
74.8	-0.11271111111111054	0.16246153846153852	0.0
74.9	-0.11422222222222267	0.16381538461538467	0.0
75.0	-0.11416640043123394	0.1761971836529594	-0.022218565326718842
75.1	-0.11176205636107106	0.1764678860518799	-0.022218565326718842
75.2	-0.11300363810227587	0.17733738248638667	-0.02325162281046289
75.3	-0.09896238226593468	0.19139533433256756	-0.04441521524691083
75.4	-0.08963537128326671	0.20595261212924482	-0.06807645825799957
75.5	-0.08751039426892504	0.19612714769119438	-0.04647813135100298
75.6	-0.09338214500964348	0.1850805482818519	-0.02325162281046289
75.7	-0.09097738760990737	0.18536383483534455	-0.02325162281046289
75.8	-0.08675555555555547	0.17193846153846162	0.0
75.9	-0.0667555555555559	0.17193846153846162	0.0
76.0	-0.13689226895252027	0.07216985770728815	-0.12750955821523835
76.1	-0.13005249928516172	0.08810212364763895	-0.09966865249116186
76.2	-0.11926575065321998	0.063182710540484	-0.14189705460416402
76.3	-0.10761505081680767	0.07293060518738961	-0.12135200057076334
76.4	-0.09722317132464653	0.05894143446657304	-0.14531001063570192
76.5	-0.1017260891706222	0.0875513031821576	-0.09725319825156564
76.6	-0.10294566803246497	0.0903447944623691	-0.09725319825156564
76.7	-0.11515484060639736	0.11246949700245278	-0.07130746478529026
76.8	-0.09515484060639778	0.11246949700245278	-0.07130746478529026
76.9	-0.07515484060639643	0.11246949700245278	-0.07130746478529026
77.0	-0.05515484060639686	0.11246949700245278	-0.07130746478529026
77.1	-0.035154840606397286	0.11246949700245278	-0.07130746478529026
77.2	-0.015154840606397713	0.11246949700245278	-0.07130746478529026
77.3	0.0048451593936036375	0.11246949700245278	-0.07130746478529026
77.4	0.02484515939360321	0.11246949700245278	-0.07130746478529026
77.5	0.044845159393602785	0.11246949700245278	-0.07130746478529026
77.6	0.06484515939360236	0.11246949700245278	-0.07130746478529026
77.7	0.08484515939360193	0.11246949700245278	-0.07130746478529026
77.8	0.10484515939360328	0.11246949700245278	-0.07130746478529026
77.9	0.12484515939360286	0.11246949700245278	-0.07130746478529026
78.0	0.14484515939360243	0.11246949700245278	-0.07130746478529026
78.1	0.164845159393602	0.11246949700245278	-0.07130746478529026
78.2	0.18484515939360335	0.11246949700245278	-0.07130746478529026
78.3	0.20484515939360293	0.11246949700245278	-0.07130746478529026
78.4	-0.2223828479871628	0.23080208095737678	-6.192525419978841
78.5	-0.22487334997103936	0.23502547063215337	-6.172528086005691
78.6	-0.21212685842032997	0.23300836744555137	-6.192525419978841
78.7	-0.22151677349119936	0.23251808155929035	-6.192525419978841
78.8	-0.20151677349119979	0.23251808155929035	-6.192525419978841
78.9	-0.2563941977171087	0.22944660951215207	-6.190428986991442
79.0	-0.24088022400375309	0.22862063571771504	-6.194529425312149
79.1	-0.23694547363094998	0.2265120794525928	-6.192525419978841
79.2	-0.23234862189098493	0.224183221492853	-6.192525419978841
79.3	-0.21330152765478516	0.22118874193635532	-6.194529425312149
79.4	-0.16975513155236932	0.2161460546079639	-6.237762027758009
79.5	-0.1498119778798337	0.21219850312259267	-6.236707175828583
79.6	-0.1235555555555532	0.20578461538461537	0.0
79.7	-0.11528888888888922	0.20172307692307692	0.0
79.8	-0.08629204061297457	0.1943839091781518	-0.04542327942157698
79.9	-0.08237783138181953	0.1922669525322604	-0.04441521524691083
80.0	-0.061831893937970506	0.18888454649444664	-0.06807645825799957
80.1	-0.06022095797553462	0.18875042393349933	-0.04441521524691083
80.2	-0.03497491832187549	0.18502444177356492	-0.09275632018814362
80.3	-0.03887527070840946	0.18647194879516588	-0.06965457372856809
80.4	-0.028076452080192382	0.18715620423384996	-0.09275632018814362
80.5	-0.030793939130390413	0.189333271366817	-0.11575921772081044
80.6	-0.037709461058668126	0.19176083994726154	-0.08865588186743745
80.7	-0.052683652920332946	0.19370412617909286	-0.06807645825799957
80.8	-0.05150809927473787	0.1964820689191051	-0.09065988720074492
80.9	-0.06899735468502755	0.1990762691396858	-0.06807645825799957
81.0	-0.06701815316321103	0.20283092820653417	-0.09275632018814362
81.1	-0.06905498361835782	0.204081500156151	-0.09065988720074492
81.2	-0.07606647215129314	0.20332190959094304	-0.06512516333438567
81.3	-0.10622222222221822	0.1963076923076923	0.0
81.4	-0.10443179182371409	0.20231418251274436	-0.04542327942157698
81.5	-0.11671787884577611	0.19961571365136038	-0.021735706841792712
81.6	-0.10350256139638248	0.20354368225454164	-0.04542327942157698
81.7	-0.11422222222222089	0.1949538461538462	0.0
81.8	-0.10158875149023316	0.19902641929525988	-0.022218565326718842
81.9	-0.10099410524383146	0.1994254252257804	-0.02272336084164106
82.0	-0.10506666666666575	0.1949538461538462	0.0
82.1	-0.0972724083707881	0.20649448163485518	-0.04542327942157698
82.2	-0.10121966739504984	0.20811910201259726	-0.043450895391530686
82.3	-0.09842543347371802	0.21024032092592806	-0.04441521524691083
82.4	-0.10081823778351762	0.20614794956389015	-0.021735706841792712
82.5	-0.09137660886210952	0.21531975112413845	-0.04441521524691083
82.6	-0.08309837085797867	0.2156804207240114	-0.04441521524691083
82.7	-0.08840869398239448	0.21781438252325958	-0.04441521524691083
82.8	-0.0748631961541264	0.21742680154493163	-0.0425275346197842
82.9	-0.08994822985588513	0.2198154745466827	-0.0425275346197842
83.0	-0.08693067609510763	0.22097024152214767	-0.04441521524691083
83.1	-0.09428145408547195	0.22181180392185118	-0.04441521524691083
83.2	-0.08209596208272174	0.22205225032176648	-0.04441521524691083
83.3	-0.08614593930531456	0.22206025158447285	-0.0425275346197842
83.4	-0.07539444893765435	0.22172163652188298	-0.04441521524691083
83.5	-0.07914754600435003	0.22205643662039198	-0.043450895391530686
83.6	-0.08357140566559451	0.21356292005919425	-0.021735706841792712
83.7	-0.079108876710972	0.2349183287640645	-0.06374331253268695
83.8	-0.07180643115620455	0.23675855573378687	-0.06656816377582375
83.9	-0.07876302416790182	0.22761257331980747	-0.04441521524691083
84.0	-0.07267078568618857	0.228936892945759	-0.043450895391530686
84.1	-0.05267078568618899	0.228936892945759	-0.043450895391530686
84.2	-0.06870587897519087	0.2196971135219071	-0.02272336084164106
84.3	-0.0487058789751913	0.2196971135219071	-0.02272336084164106
84.4	-0.02906488576313393	0.24380319653159369	-0.06807645825799957
84.5	-0.03994225721466549	0.22154279075675937	-0.02272336084164106
84.6	-0.041252476305988495	0.2372962362620368	-0.04647813135100298
84.7	-0.06788109411443344	0.22728503648085374	-0.023805026185069966
84.8	-0.061747841749816956	0.22719581590108956	-0.02325162281046289
84.9	-0.05306666666666615	0.21255384615384623	0.0
85.0	-1.8447999999999993	0.21120000000000008	0.0
85.1	-1.8345777777777776	0.20984615384615393	0.0
85.2	-1.814577777777778	0.20984615384615393	0.0
85.3	-0.07476397165856241	0.14250659189683826	-0.10487693873023396
85.4	-0.05476397165856284	0.14250659189683826	-0.10487693873023396
85.5	-0.04551160953574751	0.13648319044918472	-0.10487693873023396
85.6	-0.025511609535747937	0.13648319044918472	-0.10487693873023396
85.7	0.013632725461132367	0.10282808601640363	-0.15264932839526502
85.8	0.038542627617953684	0.12656229394716711	-0.10487693873023396
85.9	0.15753300411628146	0.2407666248967251	-0.025635408521677228
86.0	0.17753300411628103	0.2407666248967251	-0.025635408521677228
86.1	0.1975330041162806	0.2407666248967251	-0.025635408521677228
86.2	0.21753300411628018	0.2407666248967251	-0.025635408521677228
86.3	0.2375330041162833	0.2407666248967251	-0.025635408521677228
86.4	0.2575330041162829	0.2407666248967251	-0.025635408521677228
86.5	-0.03551816381688511	0.21545516207300605	-0.02325162281046289
86.6	-0.015518163816885533	0.21545516207300605	-0.02325162281046289
86.7	0.004481836183114041	0.21545516207300605	-0.02325162281046289
86.8	0.024481836183113614	0.21545516207300605	-0.02325162281046289
86.9	0.04448183618311319	0.21545516207300605	-0.02325162281046289
87.0	0.06448183618311276	0.21545516207300605	-0.02325162281046289
87.1	0.08448183618311589	0.21545516207300605	-0.02325162281046289
87.2	0.10448183618311546	0.21545516207300605	-0.02325162281046289
87.3	0.12448183618311504	0.21545516207300605	-0.02325162281046289
87.4	0.1444818361831146	0.21545516207300605	-0.02325162281046289
87.5	-0.05107146074611535	0.1978866285030771	-0.043450895391530686
87.6	-0.03636917094305403	0.19745765853264502	-0.04542327942157698
87.7	-0.06106666666666882	0.2098461538461538	0.0
87.8	-0.04106666666666925	0.2098461538461538	0.0
87.9	-0.028370529296612546	0.1860634938360584	-0.09065988720074492
88.0	-0.00837052929660942	0.1860634938360584	-0.09065988720074492
88.1	-0.025306333305717743	0.20308695527906828	-0.022218565326718842
88.2	-0.016888602040975087	0.20314754098273233	-0.02272336084164106
88.3	-0.02018619672831079	0.1990627748834817	-0.043450895391530686
88.4	-0.00018619672831121648	0.1990627748834817	-0.043450895391530686
88.5	-0.007433503369743022	0.19698571313059784	-0.04441521524691083
88.6	0.012943809545763685	0.19272092402826316	-0.06656816377582375
88.7	0.00019590705134575614	0.19398040781706613	-0.06807645825799957
88.8	0.020195907051348883	0.19398040781706613	-0.06807645825799957
88.9	-0.01583050069648806	0.2012711024606326	-0.02272336084164106
89.0	-0.00842622828773898	0.19983834131331754	-0.04647813135100298
89.1	-0.029235401747982337	0.20199674420345526	-0.06656816377582375
89.2	-0.01613884406297217	0.2020505384199599	-0.06965457372856809
89.3	-0.0169270758460911	0.2048346569834288	-0.04542327942157698
89.4	0.003072924153908474	0.2048346569834288	-0.04542327942157698
89.5	-0.04871074501703987	0.20977679203019015	-0.04647813135100298
89.6	-0.03684455906291362	0.2100600308860673	-0.04542327942157698
89.7	-0.0765734979848105	0.21016111447517075	-0.02272336084164106
89.8	-0.05657349798481093	0.21016111447517075	-0.02272336084164106
89.9	-0.09342384820104499	0.211027558980738	-0.022218565326718842
90.0	-0.07342384820104542	0.211027558980738	-0.022218565326718842
90.1	-0.08562609976278779	0.21465852352437137	-0.04441521524691083
90.2	-0.07475346154734908	0.21512342690952035	-0.04647813135100298
90.3	-0.09024486844763047	0.2161460546079639	-0.04542327942157698
90.4	-0.06885440694808764	0.2200736736256603	-0.06807645825799957
90.5	-0.08718450513451614	0.2200189787946254	-0.04542327942157698
90.6	-0.06913804361314746	0.22008045378171523	-0.04542327942157698
90.7	-0.0724917081531764	0.22217060334277064	-0.04542327942157698
90.8	-0.05249170815317683	0.22217060334277064	-0.04542327942157698
90.9	-0.0696089392472139	0.22333862809747804	-0.04542327942157698
91.0	-0.04960893924721432	0.22333862809747804	-0.04542327942157698
91.1	-0.05891201642671717	0.22426075290382602	-0.04542327942157698
91.2	-0.054629121459360164	0.22340010308456792	-0.04542327942157698
91.3	-0.06621229495173253	0.2241561563210252	-0.04441521524691083
91.4	-0.04621229495173296	0.2241561563210252	-0.04441521524691083
91.5	-0.06886358364742762	0.2257361525939828	-0.04542327942157698
91.6	-0.048863583647428044	0.2257361525939828	-0.04542327942157698
91.7	-0.07794593605274969	0.22833391251955332	-0.04441521524691083
91.8	-0.05794593605275011	0.22833391251955332	-0.04441521524691083
91.9	-0.12006477021525441	0.23458239557170116	-0.043450895391530686
92.0	-0.15597928131880678	0.22928493188571344	-0.022218565326718842
92.1	-0.1582112629466863	0.24860897944349747	-0.06512516333438567
92.2	-0.1845674111862472	0.2301289057292585	-0.021735706841792712
92.3	-0.170103954216124	0.2306481317820302	-0.02272336084164106
92.4	-0.16607344113250377	0.23045257507627576	-0.021735706841792712
92.5	-0.15942971472544443	0.23110955109074324	-0.02272336084164106
92.6	-0.1472499175279296	0.2312325962397334	-0.02272336084164106
92.7	-0.13502568735994558	0.23270913802761517	-0.02272336084164106
92.8	-0.10994566058721844	0.25764348929876124	-0.06965457372856809
92.9	-0.10541606556184036	0.25974785523598143	-0.06965457372856809
93.0	-0.11963178262787011	0.23909385114778006	-0.02325162281046289
93.1	-0.1165391417526429	0.25547479485175945	-0.04647813135100298
93.2	-0.12379649603942511	0.25770780118371495	-0.04647813135100298
93.3	-0.11756145995424916	0.25679572817488805	-0.04647813135100298
93.4	-0.12516325626529579	0.24381792061233845	-0.024385409172718475
93.5	-0.1147232165415879	0.2443267367441341	-0.024994793618919875
93.6	-1.9162276085798808	0.2446989281447968	-0.024994793618919875
93.7	-1.8962276085798813	0.2446989281447968	-0.024994793618919875
93.8	-1.8762276085798781	0.2446989281447968	-0.024994793618919875
93.9	-0.14761240057629976	0.09188498296967104	-0.13432144195296836
94.0	-0.16233788284732142	0.12512148833442333	-0.0767718912697779
94.1	-0.14653744225292087	0.12262944209373772	-0.0767718912697779
94.2	-0.11905552479490922	0.0950449547756815	-0.12435499454676124
94.3	-0.09905552479490964	0.0950449547756815	-0.12435499454676124
94.4	0.0498136039842656	0.24361223793240275	-0.025635408521677228
94.5	0.06981360398426517	0.24361223793240275	-0.025635408521677228
94.6	0.0898136039842683	0.24361223793240275	-0.025635408521677228
94.7	-0.12666666666666515	0.18953846153846146	0.0
94.8	-0.08395589317778374	0.17100866775657325	-0.04874185130993158
94.9	-0.06124444444444421	0.20172307692307684	0.0
95.0	-0.030388601712729724	0.17851470338281242	-0.04647813135100298
95.1	-0.01038860171273015	0.17851470338281242	-0.04647813135100298
95.2	0.009611398287269424	0.17851470338281242	-0.04647813135100298
95.3	0.029611398287268997	0.17851470338281242	-0.04647813135100298
95.4	0.04961139828726857	0.17851470338281242	-0.04647813135100298
95.5	0.0696113982872717	0.17851470338281242	-0.04647813135100298
95.6	0.08961139828727127	0.17851470338281242	-0.04647813135100298
95.7	0.10961139828727084	0.17851470338281242	-0.04647813135100298
95.8	0.12961139828727042	0.17851470338281242	-0.04647813135100298
95.9	0.14961139828727	0.17851470338281242	-0.04647813135100298
96.0	0.16961139828726957	0.17851470338281242	-0.04647813135100298
96.1	0.18961139828726914	0.17851470338281242	-0.04647813135100298
96.2	-0.1769661886915621	0.23233796556384884	-6.196446968503601
96.3	-0.17028059424094621	0.22642815129904742	-6.215108848921586
96.4	-0.16813007045730544	0.22088007412217947	-6.238770091932675
96.5	-0.15626602496408282	0.2208796286138835	-6.237762027758009
96.6	-0.1651555555555575	0.21119999999999997	0.0
96.7	-0.16348541428363106	0.21962089036683927	-6.236707175828583
96.8	-0.14471111111111412	0.20849230769230764	0.0
96.9	-0.14622222222222447	0.2044307692307692	0.0
97.0	-0.13013333333333676	0.20307692307692304	0.0
97.1	-0.11795555555555381	0.19901538461538457	0.0
97.2	-0.10577777777777797	0.19766153846153842	0.0
97.3	-0.08516021142311914	0.18866025653353108	-0.04441521524691083
97.4	-0.08085019101449475	0.18980199084006233	-0.02325162281046289
97.5	-0.07863235401132584	0.1856246207346006	-0.04441521524691083
97.6	-0.07017220795405166	0.18448643625668362	-0.04542327942157698
97.7	-0.05993990034721719	0.18479381119213292	-0.04542327942157698
97.8	-0.0634711592943944	0.18417906132123432	-0.04542327942157698
97.9	-0.04764668472739331	0.18442238873502417	-0.04441521524691083
98.0	-0.0383413467617153	0.17994583120641522	-0.09275632018814362
98.1	-0.05817023669613164	0.18590036095975052	-0.04542327942157698
98.2	-0.055663285800257256	0.18780608555953632	-0.04542327942157698
98.3	-0.06263454274935398	0.18996279218326068	-0.04647813135100298
98.4	-0.06432415335894603	0.19204785966873694	-0.04542327942157698
98.5	-0.07333322172276624	0.192950617557004	-0.04647813135100298
98.6	-0.06886991366623363	0.19480621436806564	-0.04647813135100298
98.7	-0.07252040570397256	0.19690438364883628	-0.04542327942157698
98.8	-0.0658944865724429	0.19735372863409945	-0.04647813135100298
98.9	-0.06314427702129422	0.19879998750171243	-0.06807645825799957
99.0	-0.06505421889778518	0.197259376253876	-0.04647813135100298
99.1	-0.07465781901014878	0.19813388339063356	-0.04542327942157698
99.2	-0.07456937002630326	0.19731632693048143	-0.04441521524691083
99.3	-0.06600323187186063	0.19776503346809438	-0.04542327942157698
99.4	-0.0713992320940946	0.1985642083002626	-0.04542327942157698
99.5	-0.0689810784017979	0.1991174831840714	-0.04542327942157698
99.6	-0.06294631500221115	0.19942023292974018	-0.04441521524691083
99.7	-0.07471044840802676	0.19695103423686894	-0.022218565326718842
99.8	-0.06779290811974192	0.20215531072877654	-0.04441521524691083
99.9	-0.07280563857588618	0.20446580706088965	-0.04542327942157698
100.0	-0.07225222615864624	0.20643300664776532	-0.04542327942157698
100.1	-0.06285441224958177	0.21282895511880365	-0.06807645825799957
100.2	-0.07318773700637848	0.20907643109262947	-0.04542327942157698
100.3	-0.06872724763186966	0.2109206807053254	-0.04542327942157698
100.4	-0.07052409760983736	0.21135238552553623	-0.04441521524691083
100.5	-0.06644800725473132	0.21158873383479088	-0.043450895391530686
100.6	-0.0696834654627061	0.2112021065255892	-0.04441521524691083
100.7	-0.0653124814572017	0.21168299932541979	-0.04441521524691083
100.8	-0.07266325944756602	0.21252456172512327	-0.04441521524691083
100.9	-0.07219952944068098	0.21312567772491148	-0.04441521524691083
101.0	-0.06791537330181185	0.21225405952521859	-0.04441521524691083
101.1	-0.059637135297681	0.2126147291250915	-0.04441521524691083
101.2	-0.05721977829148983	0.2131557335249009	-0.04441521524691083
101.3	-0.05509984144476121	0.2133529534053978	-0.043450895391530686
101.4	-0.07733333333333192	0.19901538461538465	0.0
101.5	-0.061515813535500286	0.21784443832324896	-0.04441521524691083
101.6	-0.07779112884209738	0.21076759388040897	-0.021735706841792712
101.7	-0.07744134743303022	0.21221776441164159	-0.021273386024061036
101.8	-0.07695088000367534	0.21385929142636045	-0.021273386024061036
101.9	-0.06126720904073579	0.2257190579204746	-0.04441521524691083
102.0	-0.04156255269969833	0.2372088382665632	-0.06656816377582375
102.1	-0.0517630419435271	0.21752441655483137	-0.022218565326718842
102.2	-0.044393044610888666	0.22928973685988036	-0.043450895391530686
102.3	-0.04093010914317574	0.2182205717340254	-0.02272336084164106
102.4	-0.054368820202526535	0.21713340197861278	-0.022218565326718842
102.5	-0.05554971971885081	0.21800474105443982	-0.02325162281046289
102.6	-0.04205760107420531	0.22997792670318348	-0.04542327942157698
102.7	-0.03917657013849407	0.21809752658503526	-0.02272336084164106
102.8	-0.01724345748757017	0.23238991249041616	-0.04647813135100298
102.9	-0.014733593154922175	0.2343084108882935	-0.04647813135100298
103.0	-0.019566550487958523	0.23845799767870782	-0.04758310327698334
103.1	-1.8228444444444456	0.21120000000000008	0.0
103.2	-1.802844444444446	0.21120000000000008	0.0
103.3	-0.08078905370322076	0.029026546803429257	-0.15264932839526502
103.4	-0.08109075146144562	0.023077698709360217	-0.16910122600137711
103.5	-0.07963114493261614	0.03527916330816935	-0.14888994760949714
103.6	-0.05827740094735745	0.032400597801051166	-0.14888994760949714
103.7	-0.038277400947357876	0.032400597801051166	-0.14888994760949714
103.8	-0.01827740094735475	0.032400597801051166	-0.14888994760949714
103.9	0.0017225990526448243	0.032400597801051166	-0.14888994760949714
104.0	0.021722599052644398	0.032400597801051166	-0.14888994760949714
104.1	-0.056510186652161565	0.06984949197947292	-0.12135200057076334
104.2	-0.045503202506395724	0.10663167696809636	-0.06965457372856809
104.3	-0.03094733328925514	0.1109660426298334	-0.06965457372856809
104.4	-0.010947333289255567	0.1109660426298334	-0.06965457372856809
104.5	0.009052666710744006	0.1109660426298334	-0.06965457372856809
104.6	0.029052666710747133	0.1109660426298334	-0.06965457372856809
104.7	0.049052666710746706	0.1109660426298334	-0.06965457372856809
104.8	0.06905266671074628	0.1109660426298334	-0.06965457372856809
104.9	0.08905266671074585	0.1109660426298334	-0.06965457372856809
105.0	0.10905266671074543	0.1109660426298334	-0.06965457372856809
105.1	0.129052666710745	0.1109660426298334	-0.06965457372856809
105.2	-0.1667632609871923	0.2108222818458711	-6.216617143403763
105.3	-0.18851695618051778	0.2197909795449786	-6.190428986991442
105.4	-0.1834098012500256	0.20964113093770786	-6.246440027758009
105.5	-0.20299699103061286	0.219373219988069	-6.2098824199788405
105.6	-0.211634780039045	0.22174258435854402	-6.196069325589102
105.7	-0.1877022543179514	0.21228515665997305	-6.248244733451018
105.8	-0.19041900335254525	0.20731464894019608	-6.258500848921586
105.9	-0.17962932157941935	0.2076582791517837	-6.242499986991442
106.0	-0.15678642015249267	0.19508218152956017	-6.299519091932676
106.1	-0.14489101891751943	0.19226973331317276	-6.307189027758009
106.2	-0.15092440004452	0.19208341609383103	-6.293214848921586
106.3	-0.13395226588268017	0.18339714292848128	-6.346717684369123
106.4	-0.12917155555555482	0.1767616153846154	-0.095463
106.5	-1.941690193117573	0.18001873183834485	-6.340848175828583
106.6	-1.9445355747076398	0.17729588847468308	-6.373786741852867
106.7	-2.257444147691192	0.5959070276901799	-7.929001502623479
106.8	-2.239412983442275	0.5660876650956154	-7.938734354552905
106.9	-2.220368760370409	0.541445361050162	-7.94635850262348
107.0	-2.202539927480757	0.5061237733315659	-7.910854746773738
107.1	-2.183089214090085	0.48470599881514276	-7.917437313786339
107.2	-2.16501183618864	0.45876369757066104	-7.903112416253672
107.3	-2.145794334323991	0.4442001767725753	-7.914399652383998
107.4	-0.19777830284653675	0.15838801870274843	-6.277210801874816
107.5	-0.19967740501967413	0.15314342290902017	-6.2858898018748155
107.6	-0.2386083230178606	0.13441480469703776	-6.204489648174475
107.7	-0.23935827131899146	0.12743334311936244	-6.229347465914113
107.8	-0.2576731221495123	0.1061526617535169	-6.163471487792859
107.9	-0.23838507045981672	0.09605498804756846	-6.141650473361367
108.0	-0.22244243135220287	0.08561706168351477	-6.1281865853464454
108.1	-0.20306843135220376	0.08081406168351477	-6.136864585346445
108.2	-0.18373643135220163	0.07584406168351478	-6.145543585346445
108.3	-0.3651154836597392	-0.01953553158764796	-6.046195590832764
108.4	-1.6790087334705852	1.3725411648670065	-4.471827715575764
108.5	-1.6838731849928585	1.3755962096534105	-4.423369762861183
108.6	-1.6587661329554244	1.3758138378771962	-4.467052913125884
108.7	-1.6631763439376854	1.396699795046809	-4.440726762861184
108.8	-1.644129343937685	1.390729795046809	-4.4494047628611835
108.9	-1.5977762417057129	-0.1555553316217247	-7.564118287839518
109.0	-0.324995826075984	-0.12571993353737887	-6.050992981857293
109.1	-1.5938435531820048	1.3676441110946875	-4.454166376837123
109.2	-1.5705411389015431	1.3679855544530284	-4.476543150209988
109.3	-1.5517711389015432	1.3611955544530285	-4.485221150209988
109.4	-1.5576249314358463	-0.17018427619914572	-5.816583027908208
109.5	-1.5000769556274207	1.4262251707153493	-4.591260887087221
109.6	-1.4658504956270768	1.4102876393439492	-4.621914371383884
109.7	-1.435977966887254	1.4030077196897888	-4.641461508561155
109.8	-1.3989432059684361	1.4067279880326125	-4.691853432994825
109.9	-1.380552205968435	1.3989699880326125	-4.700532432994825
110.0	-1.9226092815221172	0.4085223539668189	0.22486283500218324
110.1	-0.0194671541213971	-0.046268875779073626	-6.392704575160796
110.2	-0.019152191180580758	-0.05132477112321185	-6.401382575160795
110.3	-0.013973188720129315	-0.031051362699408086	-6.488610667887724
110.4	-1.1648480641345351	1.257781348185178	-4.926492341092827
110.5	-1.1468860641345344	1.249076348185178	-4.935171341092827
110.6	0.17579265582825698	-0.011639122517359018	-6.5817671967588955
110.7	0.17013222732067135	-0.007105360771006708	-6.638669325589102
110.8	0.18786122732067057	-0.016274360771006746	-6.6473483255891015
110.9	-1.0230902915790097	1.1583535761700312	-5.062853266399189
111.0	-1.005522291579009	1.1488775761700314	-5.071532266399189
111.1	0.3023607227721854	-0.01901401518836926	-6.718457848921586
111.2	0.3197607227721839	-0.028793015188369298	-6.727136848921586
111.3	-1.4845271008205252	0.0699986244992763	-6.7132314199788405
111.4	-1.5286052051268975	0.9712777948928395	-0.4359072188414107
111.5	-1.4592213076923066	-0.04911822222222212	-2.1088593267948967
111.6	0.45179985764921327	-0.03307294523192228	-0.593219131351003
111.7	0.46875985764921424	-0.04359794523192223	-0.601898131351003
111.8	-1.3748883779790368	0.12770713913101117	-6.937943194380331
111.9	-1.385567295920648	0.0971851802238557	-6.886256067098362
112.0	0.4710216530897	-0.05677731407015185	-0.6701108818674375
112.1	-1.3807029650188305	0.07594887143298118	-6.902721595383591
112.2	-1.3642149650188315	0.06469787143298122	-6.911400595383591
112.3	-0.632510543494881	-0.14049458347896054	-0.6771445737285681
112.4	-1.3145516923076919	0.9278397777777778	-0.616169
112.5	-1.2983636923076922	0.9161627777777779	-0.624847
112.6	-1.2822766923076934	0.9043467777777778	-0.633526
112.7	-1.1539676459348023	-0.08824994612122139	-6.797066079493792
112.8	-1.1246933962086594	-0.11795726705438664	-6.754213807387108
112.9	-1.0775359620986116	-0.15166740980221932	-6.697767644052722
113.0	-1.055761243601534	-0.18879199044872125	-6.639382185617053
113.1	-1.0431645130477527	-0.20435223293863092	-6.657218438804614
113.2	-1.2245017225883075	0.5003363368040473	-0.20912858052629313
113.3	-1.2091617225883056	0.48756533680404734	-0.21780758052629312
113.4	-1.1232767692307668	0.4106427777777778	-0.05945189120671579
113.5	-0.8087674028983898	-0.24816812021325652	-6.324294749199036
113.6	-0.7685619780761783	-0.24320052192843994	-6.274640580726956
113.7	-1.0353555305580748	0.28192877891912604	0.07527584941911925
113.8	-0.684071189655505	-0.20356869553262075	-6.124796922608242
113.9	-0.6694171896555048	-0.21712069553262076	-6.133474922608242
114.0	-0.6267053237020477	-0.17725551927485433	-6.076102287712101
114.1	-0.6057822233247308	-0.16816300191706157	-6.029385305706983
114.2	-0.8454678290072515	0.17002379351921426	0.3010726104480741
114.3	-0.6353931017356125	0.013387263067485389	-2.837477420092365
114.4	-0.63518669087345	0.006478008260536017	-2.768682430549986
114.5	-0.6212576908734491	-0.007818991739463987	-2.777361430549986
114.6	-0.6159369682748839	-0.04292837395280935	-2.810298102365434
114.7	-0.6168128565893909	-0.08416759325520518	-2.794718430549986
114.8	-0.6115642657243612	-0.10416939703277683	-2.771208280666202
114.9	-0.6098028757318765	-0.12100100325279428	-2.7181582258792347
115.0	-0.5965068757318761	-0.13588800325279426	-2.7268362258792345
115.1	-0.5973115603589285	-0.15134488667526713	-2.6834021680603692
115.2	-0.5842755603589254	-0.16646088667526715	-2.692081168060369
115.3	-0.590735079783304	-0.19687101764231596	-2.6225827833320716
115.4	-0.5779640797833032	-0.21221101764231598	-2.6312617833320715
115.5	-0.5872652793343711	-0.2579562807870325	-2.54875264698304
115.6	-0.5747622793343723	-0.27351528078703247	-2.5574316469830403
115.7	-0.5753887834097959	-0.31697620370637714	-2.4960766876365375
115.8	-0.5664702143122291	-0.34117869788389266	-8.74196501116402
115.9	-0.5639485802305124	-0.4086246662835159	-8.635255896840325
116.0	-0.5519935802305156	-0.4246086662835159	-8.643933896840325
116.1	-0.5390998939302882	-0.47316908527821777	-8.584928739944765
116.2	-0.5252887627093727	-0.5146280867876776	-8.54377925140888
116.3	-0.4875323039776944	-0.6063117347326177	-8.355831162150947
116.4	-0.4666516409008743	-0.6349534817439529	-8.321735960488654
116.5	-0.49327994325020796	0.1939079686305163	-4.955518253932059
116.6	-0.4821729432502089	0.17732396863051636	-4.964197253932059
116.7	-0.5769975917589178	0.09596151870421465	-4.506204476445751
116.8	-0.5782019480288554	0.07297225325761891	-4.498383323860366
116.9	-0.6155816765320097	-0.07650284077150737	-4.178584413508569
117.0	-0.5978040754594964	-0.1491170351849057	-4.043177646446085
117.1	-0.5520416729331821	-0.2753390608816805	-3.796313995916168
117.2	-0.5418126729331831	-0.29247906088168063	-3.8049919959161675
117.3	-0.4956637216372073	-0.4528674194232585	-3.5170354162106836
117.4	-0.4504050610507484	-0.49277242698896906	-3.444727080213533
117.5	-0.34152122156841	-0.5363861048532015	-3.2103216803625667
117.6	-0.3318932215684107	-0.5538701048532015	-3.218999680362567
117.7	-0.4082591226103922	-0.35442320082515877	-6.17783170221783
117.8	-0.39893612261039024	-0.3720722008251588	-6.186509702217831
117.9	-0.4562232217862743	-0.44466650601237345	-6.016965313607436
118.0	-0.4613206296009835	-0.4802861499421841	-5.998493436921865
118.1	-0.07724286854588414	-0.4731874214639792	-2.7270586062164734
118.2	-0.06853786854588506	-0.4911494214639792	-2.7357376062164738
118.3	-0.4893747692307677	-0.700742	-5.84058498038469
118.4	-0.4809827692307671	-0.718853	-5.8492639803846895
118.5	-0.02043126788510108	-0.4618922294321193	-2.6466947530663285
118.6	-0.012354267885100967	-0.48014622943211926	-2.6553737530663284
118.7	-0.11444785601959495	-0.5595912283945604	-8.805798300751736
118.8	-0.10668885601959488	-0.5779822283945605	-8.814476300751737
118.9	-0.4688060925863127	-0.9463122267410986	-5.59415704879851
119.0	-0.4613680925863122	-0.9648352267410987	-5.602835048798511
119.1	-0.16693966620040257	-0.6507269782080305	-8.675644680103177
119.2	-0.15982366620040267	-0.6693759782080306	-8.684322680103177
119.3	-0.39934451331986054	-1.2012020228399118	-5.325082634249726
119.4	-0.3907922165101816	-1.2270855849293736	-5.340638104905958
119.5	-0.2920383541788638	-0.7286763826202987	-8.394981705205021
119.6	-0.2855743541788627	-0.7475603826202986	-8.40366070520502
119.7	-0.2769862275211459	-0.8850030047114359	-8.279834880555846
119.8	-0.27085122752114543	-0.9039970047114358	-8.288513880555847
119.9	-0.3545572588332355	-0.9792202922487756	-8.051840361368708
120.0	-0.09949374001612554	-0.26480011302875517	-1.7912790074589793
120.1	-0.11280633986573818	-0.304598858342628	-1.6431786702705722
120.2	-0.10733433986573715	-0.3237938583426281	-1.6518566702705721
120.3	-0.29029566837580845	-1.2531886652125381	-7.730962564890861
120.4	-0.2851576683758097	-1.272475665212538	-7.739640564890862
120.5	-0.33503793311064456	-0.5204748921200255	-1.06656772422194
120.6	-0.20206504689753046	-1.414377396952231	-7.379894639983689
120.7	-0.33179911299063747	-0.6957131233691427	-0.7960594997294159
120.8	-0.3273331129906367	-0.7151671233691426	-0.8047374997294159
120.9	-0.296450076923076	-0.9575021111111112	-0.42654078199838774
