0.0	0.061065000281058754	0.10019294536913916	0.06965457372856809
0.1	0.05778559108797645	0.10249813571610042	0.04647813135100298
0.2	0.05778559108797645	0.10249813571610042	0.04647813135100298
0.3	0.061065000281058754	0.10019294536913916	0.06965457372856809
0.4	0.061065000281058754	0.10019294536913916	0.06965457372856809
0.5	0.05433156306800016	0.10339959202481008	0.02325162281046289
0.6	0.05433156306800016	0.10339959202481008	0.02325162281046289
0.7	0.050421509156830274	0.10346254459225288	0.02325162281046289
0.8	0.05076172276753946	0.10006743784161627	0.09275632018814362
0.9	-0.01823119326928158	0.10496530818695482	0.04758310327698334
1.0	-0.01823119326928158	0.10496530818695482	0.04758310327698334
1.1	0.03128888888888891	0.10695384615384615	0.0
1.2	0.046155786592283074	0.10422792935353074	0.04647813135100298
1.3	0.07074469634628303	0.10676755438300024	6.259933684369123
1.4	0.07074469634628303	0.10676755438300024	6.259933684369123
1.5	0.1001785466888585	0.10902224954632793	6.235602203902603
1.6	0.12396089618965139	0.10960990198122857	6.237762027758009
1.7	0.18035282753086979	0.11287689754068256	6.236707175828583
1.8	0.1941994842168822	0.11317545123244073	6.237762027758009
1.9	0.2527168413723122	0.11637215056111369	6.237762027758009
2.0	0.2527168413723122	0.11637215056111369	6.237762027758009
2.1	0.3307679942700914	0.11772031972548756	6.236707175828583
2.2	0.3327214379939774	0.1177832213123032	6.236707175828583
2.3	0.37401382145473616	0.11747870032873126	6.237762027758009
2.4	0.37401382145473616	0.11747870032873126	6.237762027758009
2.5	0.4543752906894314	0.11594182565148464	6.237762027758009
2.6	0.4543752906894314	0.11594182565148464	6.237762027758009
2.7	0.4837726096665572	0.11315995468135301	6.236707175828583
2.8	0.5012483398569999	0.10403467347116915	6.260461946337945
2.9	0.5482584226128465	0.1020659510873268	6.260461946337945
3.0	0.5482584226128465	0.1020659510873268	6.260461946337945
3.1	0.5698820218065758	0.10085168262007045	6.260966741852867
3.2	0.5761162567897264	0.11028612683921711	6.237762027758009
3.3	0.5925333333333332	0.09070769230769225	0.0
3.4	0.6089834794284342	0.10145324350656058	6.260966741852867
3.5	0.6531555555555555	0.09070769230769225	0.0
3.6	0.6531555555555555	0.09070769230769225	0.0
3.7	0.7265948942675151	0.09736847082043154	6.261911921155525
3.8	0.7265948942675151	0.09736847082043154	6.261911921155525
3.9	0.7852007151109435	0.0960391955281494	6.260966741852867
4.0	0.7930210066353152	0.0961595077054474	6.260966741852867
4.1	0.8248213191093984	0.11075562296097859	6.238770091932675
4.2	0.8248213191093984	0.11075562296097859	6.238770091932675
4.3	0.8359891639553352	0.09817473667518936	6.260966741852867
4.4	0.8359891639553352	0.09817473667518936	6.260966741852867
4.5	0.9839440643725149	0.10763374407913096	0.02272336084164106
4.6	0.9839440643725149	0.10763374407913096	0.02272336084164106
4.7	1.0372375608218736	0.13642173323928514	0.06807645825799957
4.8	1.0372375608218736	0.13642173323928514	0.06807645825799957
4.9	1.084062182131727	0.13421148013549836	0.06807645825799957
5.0	1.0876688329273758	0.12270407423136977	0.04542327942157698
5.1	1.1292444444444445	0.09341538461538468	0.0
5.2	1.1292444444444445	0.09341538461538468	0.0
5.3	1.162488888888889	0.07852307692307697	0.0
5.4	1.191987863880882	0.04905106558271826	6.238770091932675
5.5	1.2117185263206012	0.045184115511050435	6.237762027758009
5.6	1.245982377950527	0.03413141598444471	6.216617143403763
5.7	1.2570051001434683	0.041188241350209244	6.237762027758009
5.8	1.2765404849298032	0.041802991221107894	6.237762027758009
5.9	1.2821783013770889	0.04256568632612092	6.235602203902603
6.0	1.2837457098083616	0.04978660596458631	6.236707175828583
6.1	1.2855174378370025	0.05255427578447487	6.236707175828583
6.2	1.2971552549828993	0.06538966836147729	6.260966741852867
6.3	1.3091555555555556	0.0744615384615385	0.0
6.4	1.3314300510637578	0.08473415577801792	0.02325162281046289
6.5	1.3438066921982257	0.07271968305317672	6.260461946337945
6.6	1.376555985644214	0.08687940711078716	0.023805026185069966
6.7	1.3991111111111112	0.07987692307692311	0.0
6.8	1.4284444444444446	0.07852307692307695	0.0
6.9	1.475377777777778	0.07581538461538465	0.0
7.0	1.4773333333333334	0.07310769230769233	0.0
7.1	1.4788754561093849	0.06795729655450987	6.259933684369123
7.2	1.5005262806805881	0.06716427297662315	6.260966741852867
7.3	1.5242666666666667	0.07040000000000002	0.0
7.4	1.567288888888889	0.06904615384615387	0.0
7.5	1.584888888888889	0.06904615384615387	0.0
7.6	1.588447897108448	0.06701300804286776	6.259933684369123
7.7	1.6024888888888889	0.07040000000000002	0.0
7.8	1.6295034631757317	0.06767401000101723	6.259933684369123
7.9	1.6455111111111111	0.0704	0.0
8.0	1.6631111111111112	0.0704	0.0
8.1	1.6799313543667282	0.06796516455430898	6.236707175828583
8.2	1.7178666666666667	0.0704	0.0
8.3	1.7351278631157505	0.0693974640304428	6.260461946337945
8.4	1.7542530737220188	0.0690030407367672	6.236707175828583
8.5	1.7706666666666668	0.06904615384615384	0.0
8.6	1.7836455874279313	0.06859418042246548	6.236707175828583
8.7	1.7941333333333334	0.06769230769230769	0.0
8.8	1.8293333333333335	0.06769230769230769	0.0
8.9	1.8430222222222223	0.06769230769230769	0.0
9.0	1.8641426681084174	0.06876878886291532	6.259380280994517
9.1	1.884088888888889	0.06633846153846153	0.0
9.2	1.8997333333333333	0.06498461538461538	0.0
9.3	1.9095111111111112	0.06498461538461538	0.0
9.4	1.9331691616955418	0.06285813859164252	0.02325162281046289
9.5	1.944711111111111	0.06633846153846153	0.0
9.6	1.9681777777777778	0.06633846153846153	0.0
9.7	1.9854547663216509	0.06934225303825164	6.259933684369123
9.8	2.0170666666666666	0.06633846153846151	0.0
9.9	2.0382940206234457	0.07010497363713616	6.260461946337945
10.0	2.0597457906338787	0.07053835181966497	6.259933684369123
10.1	2.0757333333333334	0.06498461538461536	0.0
10.2	2.0933333333333333	0.06498461538461535	0.0
10.3	2.1089777777777776	0.0636307692307692	0.0
10.4	2.128365351895563	0.06869825323717296	6.260966741852867
10.5	2.1495255771435215	0.07444821657377039	6.238770091932675
10.6	2.169371283506005	0.0694589866049379	6.260461946337945
10.7	2.1909276840905365	0.06966075065555716	6.260966741852867
10.8	2.2007030484960013	0.0698111408771797	6.260966741852867
10.9	2.2176735255211124	0.07714879622939382	6.236707175828583
11.0	2.2338879566265053	0.07047410908410662	6.260461946337945
11.1	2.2554450891666034	0.07065332611826587	6.260966741852867
11.2	2.281066666666667	0.062276923076923035	0.0
11.3	2.298543584678696	0.05326821649870114	0.022218565326718842
11.4	2.3182222222222224	0.06092307692307687	0.0
11.5	2.351251400005829	0.051286879259186416	0.021735706841792712
11.6	2.3611968763050855	0.06802941184580566	6.2614496003377935
11.7	2.3903885640260394	0.050501036420846544	0.022218565326718842
11.8	2.4003555555555556	0.05956923076923072	0.0
11.9	2.423668249068643	0.07053301394096784	6.260966741852867
12.0	2.4528829716338607	0.0499657784304788	0.021273386024061036
12.1	2.470589998214874	0.07125488700475599	6.260966741852867
12.2	2.4900972809617787	0.07290917944260385	6.260966741852867
12.3	2.509747643326979	0.07274556559964805	6.261911921155525
12.4	2.519523208687537	0.07288955919743041	6.261911921155525
12.5	2.5409291758701946	0.07369120859504101	6.260966741852867
12.6	2.55662123538194	0.05090436093998419	0.021735706841792712
12.7	2.582222222222222	0.06227692307692301	0.0
12.8	2.593716143659704	0.07450331579180268	6.260966741852867
12.9	2.6231442015094517	0.07441589133392341	6.261911921155525
13.0	2.644119306099389	0.08720095416031015	6.240657772559802
13.1	2.644119306099389	0.08720095416031015	6.240657772559802
13.2	2.644119306099389	0.08720095416031015	6.240657772559802
13.3	2.752227565850068	0.03428771853333743	0.023805026185069966
13.4	2.767333255462642	0.04849712343486565	0.04647813135100298
13.5	2.7904	0.024369230769230837	0.0
13.6	2.8143211925205236	0.062377175392824565	0.06965457372856809
13.7	2.8344369058280345	0.03750732127265963	0.022218565326718842
13.8	2.849066666666667	0.02436923076923083	0.0
13.9	2.8714529523767274	0.03287530244668562	0.022218565326718842
14.0	2.8773220125808683	0.03194842797722447	0.02325162281046289
14.1	2.900669477793696	0.028607997140209184	0.02272336084164106
14.2	2.912421566295091	0.02867489447019852	0.02325162281046289
14.3	2.9386640134223	0.006075764953550367	6.260966741852867
14.4	2.954344506119842	0.004737238236120599	6.260461946337945
14.5	2.979810298466843	0.0042077015112240625	6.2614496003377935
14.6	3.0035555555555558	0.010830769230769281	0.0
14.7	3.0209508586842997	0.0019249948367684572	6.260966741852867
14.8	3.0248596302536117	0.0017841546603570813	6.260461946337945
14.9	3.0504888888888892	0.01218461538461543	0.0
15.0	3.0739555555555556	0.01218461538461543	0.0
15.1	3.093241971804886	0.004214296352912486	6.260461946337945
15.2	3.1150222222222226	0.012184615384615426	0.0
15.3	3.1463111111111113	0.010830769230769269	0.0
15.4	3.156088888888889	0.010830769230769269	0.0
15.5	3.1761228765832925	0.017658195167707322	0.02325162281046289
15.6	3.185125093727614	0.005508349651245563	6.259933684369123
15.7	3.2007653093722936	0.0057601599210167906	6.259933684369123
15.8	3.2186666666666666	0.012184615384615415	0.0
15.9	3.2421333333333333	0.012184615384615415	0.0
16.0	3.2574156253411037	0.008026452348957838	6.259933684369123
16.1	3.2812444444444444	0.014892307692307719	0.0
16.2	3.3008	0.014892307692307719	0.0
16.3	3.324266666666667	0.014892307692307717	0.0
16.4	3.337955555555556	0.014892307692307713	0.0
16.5	3.3614222222222225	0.014892307692307712	0.0
16.6	3.3731555555555555	0.014892307692307712	0.0
16.7	3.4005333333333336	0.013538461538461555	0.0
16.8	3.4185916848189786	0.015108616186273632	0.02325162281046289
16.9	3.4470987057759963	0.009726171669913632	6.259933684369123
17.0	3.460783894465091	0.009946505655963457	6.259933684369123
17.1	3.479142320325234	0.012735172920480202	0.02272336084164106
17.2	3.488199737586433	0.009033693428042762	6.259933684369123
17.3	3.5061333333333335	0.010830769230769238	0.0
17.4	3.521777777777778	0.010830769230769238	0.0
17.5	3.5452444444444446	0.01218461538461539	0.0
17.6	3.5612988827217937	0.01279669549497527	0.02272336084164106
17.7	3.5843555555555557	0.013538461538461541	0.0
17.8	3.5980444444444446	0.013538461538461537	0.0
17.9	3.621039539902035	0.013889104029951502	6.259380280994517
18.0	3.6386345533599322	0.014179131724312441	6.259380280994517
18.1	3.661006468453476	0.011227869845350891	0.02272336084164106
18.2	3.6782222222222223	0.012184615384615377	0.0
18.3	3.7075555555555555	0.01083076923076922	0.0
18.4	3.7271111111111113	0.01083076923076922	0.0
18.5	3.7564444444444445	0.009476923076923063	0.0
18.6	3.7697690849338183	0.01221279808390452	6.259933684369123
18.7	3.7877333333333336	0.009476923076923062	0.0
18.8	3.7977759827161512	0.006295256744280661	0.02325162281046289
18.9	3.815375998067959	0.0059294550847124525	0.023805026185069966
19.0	3.832962064167206	0.0058138832897844175	0.02272336084164106
19.1	3.8576998321919875	0.014982711051388023	6.259933684369123
19.2	3.874057771865204	0.00661716975139146	0.022218565326718842
19.3	3.8992	0.012184615384615358	0.0
19.4	3.912888888888889	0.012184615384615358	0.0
19.5	3.9402666666666666	0.012184615384615356	0.0
19.6	3.952	0.012184615384615356	0.0
19.7	3.9679049954805388	0.0050448511085959885	0.02272336084164106
19.8	3.9950222222222225	0.010830769230769198	0.0
19.9	4.010871677923737	0.003014606150258563	0.02272336084164106
20.0	4.042108056163208	0.0011689289154063578	0.02272336084164106
20.1	4.063612949203169	0.0009925754627087466	0.022218565326718842
20.2	4.085118750895192	0.000661716975139176	0.022218565326718842
20.3	4.096848794608183	0.0006473386940344242	0.021735706841792712
20.4	4.10992645345306	0.018678465525518537	6.260966741852867
20.5	4.124307100645098	0.002767180077854637	0.022218565326718842
20.6	4.150939537891986	0.020663616450935972	6.260966741852867
20.7	4.1840888847425175	0.02388196719365817	6.260966741852867
20.8	4.187999030504704	0.023942123282307177	6.260966741852867
20.9	4.199686021727237	0.025476103542857013	6.260966741852867
21.0	4.23001137441619	0.005203501668139673	0.022218565326718842
21.1	4.257066666666667	0.013538461538461484	0.0
21.2	4.264290318931352	0.02376165501636014	6.260966741852867
21.3	4.3093438873245375	0.021746426046618195	6.260966741852867
21.4	4.317207624912934	0.020513226229313425	6.260966741852867
21.5	4.337327217088894	-0.002735878357864808	0.021273386024061036
21.6	4.370488888888889	0.0067692307692307045	0.0
21.7	4.403621846257241	-0.009655052228166554	0.022218565326718842
21.8	4.4096	0.002707692307692239	0.0
21.9	4.4272	0.0027076923076922374	0.0
22.0	4.433066666666667	0.002707692307692237	0.0
22.1	4.450338223586478	0.016860230530989114	6.2614496003377935
22.2	4.450338223586478	0.016860230530989114	6.2614496003377935
22.3	4.450338223586478	0.016860230530989114	6.2614496003377935
22.4	4.559111111111111	-0.03655384615384608	0.0
22.5	4.578070295277568	-0.0470885204472195	6.259933684369123
22.6	4.59174652464836	-0.045824375709028	6.259380280994517
22.7	4.616957761430733	-0.018825907795492394	0.02272336084164106
22.8	4.6256	-0.029784615384615316	0.0
22.9	4.651022222222222	-0.027076923076923012	0.0
23.0	4.671887413016971	-0.014527695408736713	0.022218565326718842
23.1	4.695348287590085	-0.01488863194063079	0.022218565326718842
23.2	4.7188091621632005	-0.015249568472524868	0.022218565326718842
23.3	4.740977777777778	-0.025723076923076866	0.0
23.4	4.752711111111111	-0.027076923076923023	0.0
23.5	4.765586047648414	-0.01981026898741358	0.02272336084164106
23.6	4.772266666666667	-0.029784615384615333	0.0
23.7	4.804687061660839	-0.03915911866611427	6.260461946337945
23.8	4.820327467265808	-0.020671585030344615	0.02272336084164106
23.9	4.845758561242167	-0.02126517733742617	0.022218565326718842
24.0	4.863294149709007	-0.036882783409796546	6.260461946337945
24.1	4.87882101596465	-0.03374756573209632	6.260966741852867
24.2	4.893511111111112	-0.02572307692307688	0.0
24.3	4.908171449882357	-0.033468280525319964	6.260461946337945
24.4	4.931898656112624	-0.01836448848677937	0.02272336084164106
24.5	4.947570389883122	-0.017091622060722	0.02325162281046289
24.6	4.975644444444445	-0.02301538461538458	0.0
24.7	4.990626448649144	-0.01643062010257253	0.02325162281046289
24.8	5.024533333333334	-0.02301538461538458	0.0
24.9	5.039470877617259	-0.018702862646502283	0.02272336084164106
25.0	5.054444474513362	-0.014360284494288897	0.04758310327698334
25.1	5.064826541475066	-0.020333679284026556	0.02325162281046289
25.2	5.08414948231515	-0.030815281763253925	6.259933684369123
25.3	5.0999885833955805	-0.02236345582895915	0.02272336084164106
25.4	5.128177777777778	-0.028430769230769207	0.0
25.5	5.144846249424589	-0.032546477367931106	6.259933684369123
25.6	5.168352038634761	-0.02470888272130163	0.02325162281046289
25.7	5.179022222222223	-0.02843076923076921	0.0
25.8	5.197657345234187	-0.025103508211907682	0.023805026185069966
25.9	5.20354252383529	-0.025275455828286896	0.02325162281046289
26.0	5.235733333333334	-0.02707692307692306	0.0
26.1	5.251377777777778	-0.02707692307692306	0.0
26.2	5.280711111111112	-0.02843076923076922	0.0
26.3	5.300266666666667	-0.029784615384615375	0.0
26.4	5.328549350111452	-0.029969528417296734	0.023805026185069966
26.5	5.328549350111452	-0.029969528417296734	0.023805026185069966
26.6	5.343288888888889	-0.03113846153846153	0.0
26.7	5.343288888888889	-0.03113846153846153	0.0
26.8	5.355922493295085	-0.031807171013952945	0.02272336084164106
26.9	5.355922493295085	-0.031807171013952945	0.02272336084164106
27.0	5.359808283052626	-0.031853999126060205	0.02325162281046289
27.1	5.388266666666667	-0.032492307692307695	0.0
27.2	5.397181123924506	-0.032546477367931086	6.259933684369123
27.3	5.448011824769714	-0.03172809399117459	6.259933684369123
27.4	5.450844444444445	-0.032492307692307695	0.0
27.5	5.490865424608418	-0.032576203195141366	0.02272336084164106
27.6	5.490865424608418	-0.032576203195141366	0.02272336084164106
27.7	5.525155555555556	-0.029784615384615395	0.0
27.8	5.525155555555556	-0.029784615384615395	0.0
27.9	5.602186159802006	-0.03711053850753459	0.02325162281046289
28.0	5.602186159802006	-0.03711053850753459	0.02325162281046289
28.1	5.654984949758542	-0.039131535666183014	0.022218565326718842
28.2	5.654984949758542	-0.039131535666183014	0.022218565326718842
28.3	5.689422222222222	-0.03520000000000002	0.0
28.4	5.689422222222222	-0.03520000000000002	0.0
28.5	5.7311270073843055	-0.041894933633187914	0.02325162281046289
28.6	5.748798818179013	-0.040697183028491075	0.02272336084164106
28.7	5.791111111111111	-0.03249230769230772	0.0
28.8	5.791111111111111	-0.03249230769230772	0.0
28.9	5.832879340561029	-0.040824739986660204	0.02325162281046289
29.0	5.832879340561029	-0.040824739986660204	0.02325162281046289
29.1	5.881816850029346	-0.04126707681322297	0.022218565326718842
29.2	5.881816850029346	-0.04126707681322297	0.022218565326718842
29.3	5.957934354199897	-0.0465006565256871	0.022218565326718842
29.4	5.957934354199897	-0.0465006565256871	0.022218565326718842
29.5	5.987293126081769	-0.046755508400945174	0.021735706841792712
29.6	5.9950463405163505	-0.04728009849946395	0.02272336084164106
29.7	6.041422222222223	-0.03655384615384621	0.0
29.8	6.041422222222223	-0.03655384615384621	0.0
29.9	6.073370546312429	-0.04556823715162739	0.022218565326718842
30.0	6.083208023326826	-0.04527158714277384	0.021273386024061036
30.1	6.107911111111111	-0.03249230769230775	0.0
30.2	6.107911111111111	-0.03249230769230775	0.0
30.3	6.126331298358035	-0.0199718214314724	6.260966741852867
30.4	6.126331298358035	-0.0199718214314724	6.260966741852867
30.5	6.169244339915613	-0.04543140652678375	0.021735706841792712
30.6	6.169244339915613	-0.04543140652678375	0.021735706841792712
30.7	6.19087787596827	-0.020597140264733433	6.2614496003377935
30.8	6.218152423452997	-0.04590515897301622	0.021273386024061036
30.9	6.244183933369244	-0.00790467539721495	6.238770091932675
31.0	6.253541373821148	-0.022077284534187867	6.260966741852867
31.1	6.253541373821148	-0.022077284534187867	6.260966741852867
31.2	6.253541373821148	-0.022077284534187867	6.260966741852867
31.3	6.361066666666667	-0.07852307692307685	0.0
31.4	6.361066666666667	-0.07852307692307685	0.0
31.5	6.403622042929632	-0.06572248041029019	0.02325162281046289
31.6	6.403622042929632	-0.06572248041029019	0.02325162281046289
31.7	6.458413722877996	-0.06687503847614472	0.02272336084164106
31.8	6.458413722877996	-0.06687503847614472	0.02272336084164106
31.9	6.475164952744683	-0.08588551399512252	6.260461946337945
32.0	6.475164952744683	-0.08588551399512252	6.260461946337945
32.1	6.479095176563841	-0.08473415577801793	6.259933684369123
32.2	6.542838148464541	-0.055775974754326725	0.02325162281046289
32.3	6.542838148464541	-0.055775974754326725	0.02325162281046289
32.4	6.5957333333333334	-0.06769230769230765	0.0
32.5	6.603555555555555	-0.06769230769230765	0.0
32.6	6.630933333333333	-0.07039999999999995	0.0
32.7	6.630933333333333	-0.07039999999999995	0.0
32.8	6.670044444444445	-0.07310769230769226	0.0
32.9	6.670044444444445	-0.07310769230769226	0.0
33.0	6.71357786718408	-0.08060915878967753	6.260966741852867
33.1	6.721354712644428	-0.07913533461777672	6.260966741852867
33.2	6.750550467668749	-0.07462362796910074	6.260966741852867
33.3	6.750550467668749	-0.07462362796910074	6.260966741852867
33.4	6.789333333333333	-0.0663384615384615	0.0
33.5	6.789333333333333	-0.0663384615384615	0.0
33.6	6.838182321473668	-0.05795426517435911	0.02272336084164106
33.7	6.838182321473668	-0.05795426517435911	0.02272336084164106
33.8	6.890923878044966	-0.05867179285669587	0.02325162281046289
33.9	6.890923878044966	-0.05867179285669587	0.02325162281046289
34.0	6.936231863570524	-0.04968816287585521	0.06965457372856809
34.1	6.985274408372771	-0.04934266996078921	0.06965457372856809
34.2	7.042099927571602	-0.05089721730664593	0.06807645825799957
34.3	7.079049561107502	-0.05251492309003155	0.06965457372856809
34.4	7.098679678321008	-0.05356793980705498	0.06807645825799957
34.5	7.125861016259399	-0.0562079643476892	0.06807645825799957
34.6	7.143015026151892	-0.058260356937805735	0.07130746478529026
34.7	7.17637994384925	-0.06159793706404432	0.04542327942157698
34.8	7.191796822971285	-0.06339128693499631	0.06807645825799957
34.9	7.225135733511281	-0.06541735772807783	0.023805026185069966
35.0	7.250844444444445	-0.06498461538461539	0.0
35.1	7.266649455702996	-0.06395271618762878	6.260461946337945
35.2	7.279883310720064	-0.06764253371729585	0.02325162281046289
35.3	7.307799277016091	-0.06462081048004112	6.259933684369123
35.4	7.317574411794015	-0.0644634290614341	6.259933684369123
35.5	7.338844444444445	-0.0676923076923077	0.0
35.6	7.35467117020142	-0.06392195490038124	6.260461946337945
35.7	7.358084388943461	-0.06890158506615199	0.02325162281046289
35.8	7.372088888888889	-0.06633846153846155	0.0
35.9	7.387462702407294	-0.0693051801687002	0.02272336084164106
36.0	7.395229901099576	-0.06949963445685867	0.02325162281046289
36.1	7.4206985643178545	-0.06982812205190832	0.02272336084164106
36.2	7.438294020623446	-0.07010497363713616	0.02272336084164106
36.3	7.457844527629658	-0.07041258650961152	0.02272336084164106
36.4	7.472161171386383	-0.08100238435956421	0.06965457372856809
36.5	7.504721311474099	-0.07250435404244401	0.02272336084164106
36.6	7.518416203234001	-0.0739619109939616	0.022218565326718842
36.7	7.537912740414191	-0.07438079256454376	0.02272336084164106
36.8	7.55355314601916	-0.07462688286252406	0.02272336084164106
36.9	7.577068389666789	-0.07486425232369678	0.022218565326718842
37.0	7.59714047124601	-0.06295334677119224	6.260966741852867
37.1	7.618081474105717	-0.07684940324911424	0.022218565326718842
37.2	7.6336657917741615	-0.07724159227856468	0.02272336084164106
37.3	7.65774773055989	-0.062020927397132546	6.260966741852867
37.4	7.663048150370853	-0.07754119826857787	0.022218565326718842
37.5	7.676617385474348	-0.0780926599128018	0.02325162281046289
37.6	7.694894115300656	-0.061449444554966925	6.260966741852867
37.7	7.718222222222222	-0.07040000000000005	0.0
37.8	7.731432255145082	-0.07994744181453839	0.022218565326718842
37.9	7.761244444444444	-0.07040000000000005	0.0
38.0	7.774443858529127	-0.08060915878967753	0.022218565326718842
38.1	7.7984	-0.07310769230769236	0.0
38.2	7.7984	-0.07310769230769236	0.0
38.3	7.797774394910168	-0.08503063130538	0.022218565326718842
38.4	7.805654005403474	-0.08494849134897962	0.021735706841792712
38.5	7.812944596172134	-0.10698712978765267	0.06656816377582375
38.6	7.835555555555556	-0.07852307692307697	0.0
38.7	7.860311623013921	-0.0884794296800768	0.021735706841792712
38.8	7.876917980948763	-0.09897271791104863	0.043450895391530686
38.9	7.904	-0.07716923076923082	0.0
39.0	7.937482985393043	-0.1007957448006758	0.043450895391530686
39.1	7.955201193435812	-0.1008422915438042	0.0425275346197842
39.2	8.005688888888889	-0.07581538461538469	0.0
39.3	7.998078336185488	-0.1004464835646107	0.04441521524691083
39.4	8.014874376839531	-0.08566227023619462	0.022218565326718842
39.5	8.030496651029802	-0.08483963022870628	0.02272336084164106
39.6	8.052622222222222	-0.07040000000000007	0.0
39.7	8.052622222222222	-0.07040000000000007	0.0
39.8	8.155040001744112	-0.07379769520383446	0.04758310327698334
39.9	8.172265282222945	-0.0631623865634291	0.06965457372856809
40.0	8.199423814838077	-0.06356552189075161	0.07130746478529026
40.1	8.223528834217223	-0.07664558353486849	0.04647813135100298
40.2	8.231251751265145	-0.07824957399866754	0.04647813135100298
40.3	8.239903705965835	-0.09203665360138341	0.02325162281046289
40.4	8.26723868416637	-0.0984153610297855	0.022218565326718842
40.5	8.286506092697802	-0.10226644581083952	0.02325162281046289
40.6	8.319797424387565	-0.1089294475143478	0.021735706841792712
40.7	8.333155555555555	-0.11913846153846148	0.0
40.8	8.36642604833382	-0.12756098598023227	6.260966741852867
40.9	8.362609038627014	-0.11049454379315177	0.02272336084164106
41.0	8.362609038627014	-0.11049454379315177	0.02272336084164106
41.1	8.362609038627014	-0.11049454379315177	0.02272336084164106
41.2	8.362609038627014	-0.11049454379315177	0.02272336084164106
41.3	8.362609038627014	-0.11049454379315177	0.02272336084164106
41.4	8.362609038627014	-0.11049454379315177	0.02272336084164106
41.5	8.362609038627014	-0.11049454379315177	0.02272336084164106
41.6	8.362609038627014	-0.11049454379315177	0.02272336084164106
41.7	8.362609038627014	-0.11049454379315177	0.02272336084164106
41.8	8.362609038627014	-0.11049454379315177	0.02272336084164106
41.9	8.54864988597931	-0.10394238960942646	0.02272336084164106
42.0	8.55826275736656	-0.10376546398246825	0.023805026185069966
42.1	8.55826275736656	-0.10376546398246825	0.023805026185069966
42.2	8.617032227530585	-0.10637253130198186	0.02272336084164106
42.3	8.6304	-0.11101538461538457	0.0
42.4	8.647001308191035	-0.10161865976419762	0.04441521524691083
42.5	8.667555555555555	-0.1110153846153846	0.0
42.6	8.681244444444445	-0.1110153846153846	0.0
42.7	8.698611161311051	-0.11443198856083654	6.260461946337945
42.8	8.709008476400719	-0.10511131852483287	0.02272336084164106
42.9	8.720703939810273	-0.10384025999690973	0.02325162281046289
43.0	8.74624330565346	-0.10298878970475284	0.02272336084164106
43.1	8.763118985483501	-0.10818032999662923	6.259380280994517
43.2	8.7888	-0.10424615384615382	0.0
43.3	8.805014064658998	-0.10262628723521638	0.022218565326718842
43.4	8.824	-0.10559999999999999	0.0
43.5	8.829506942295088	-0.09915441007265764	0.06807645825799957
43.6	8.853815527158096	-0.10332716386447575	0.02272336084164106
43.7	8.856821304725836	-0.10044372438319996	0.06807645825799957
43.8	8.890836750689315	-0.10522521648065146	0.02325162281046289
43.9	8.906557463104399	-0.10551121525905086	0.02272336084164106
44.0	8.929937289801014	-0.10585474215507953	0.02325162281046289
44.1	8.945658477116824	-0.1061264410040016	0.02272336084164106
44.2	8.959262694134788	-0.10632688641090059	0.02325162281046289
44.3	8.970992855868298	-0.10651574411322899	0.02325162281046289
44.4	8.98866959253049	-0.10680318932344741	0.02272336084164106
44.5	9.000955106532997	-0.10708881536227041	0.04441521524691083
44.6	9.03359918419017	-0.10616950499229358	0.02325162281046289
44.7	9.04915432331095	-0.10644016383046359	0.023805026185069966
44.8	9.074736256328293	-0.10680318932344743	0.02272336084164106
44.9	9.09806960798132	-0.10856170255512024	0.02325162281046289
45.0	9.10824746706583	-0.11244223963056996	0.06965457372856809
45.1	9.125439985359508	-0.10900237052721988	0.02325162281046289
45.2	9.150975072484398	-0.11065712506985961	0.022218565326718842
45.3	9.162705509770955	-0.11083759333580664	0.022218565326718842
45.4	9.170444874717795	-0.11101748567635994	0.02272336084164106
45.5	9.203871830861505	-0.1173979547586383	0.04441521524691083
45.6	9.233001241362253	-0.11462742692069447	0.022218565326718842
45.7	9.242771554571997	-0.11876967505761842	0.04542327942157698
45.8	9.264325853523763	-0.11375516363528376	0.022218565326718842
45.9	9.275973179580873	-0.11403209182661857	0.02272336084164106
46.0	9.28956396037324	-0.11910415463543185	0.04647813135100298
46.1	9.30581988221443	-0.12370242426651049	0.06512516333438567
46.2	9.3366241842706	-0.11363219509240058	0.02272336084164106
46.3	9.35421964057619	-0.1139090466776284	0.02272336084164106
46.4	9.377918289533518	-0.12004286515770647	0.04441521524691083
46.5	9.40136181352526	-0.12076420435745232	0.04441521524691083
46.6	9.428712591515623	-0.12160576675715583	0.04441521524691083
46.7	9.451733333333333	-0.10830769230769234	0.0
46.8	9.47356209786473	-0.11562000238340317	0.022218565326718842
46.9	9.490844444444445	-0.10695384615384619	0.0
47.0	9.520398950128994	-0.11652375609366905	0.02272336084164106
47.1	9.538118271046553	-0.11778621782818334	0.021735706841792712
47.2	9.561564157617301	-0.12802353350704274	0.043450895391530686
47.3	9.582755555555556	-0.11101538461538467	0.0
47.4	9.590779578602257	-0.12013170903207915	0.022218565326718842
47.5	9.604465088769908	-0.12034225534235068	0.022218565326718842
47.6	9.622129162061581	-0.1298465603966699	0.043450895391530686
47.7	9.649244444444445	-0.11101538461538467	0.0
47.8	9.672711111111111	-0.11101538461538467	0.0
47.9	9.688355555555555	-0.11101538461538467	0.0
48.0	9.70027755489291	-0.13219885315747912	0.043450895391530686
48.1	9.72975635370327	-0.12178978500431972	0.021273386024061036
48.2	9.747022222222222	-0.11236923076923083	0.0
48.3	9.764607280763432	-0.12822270295537141	0.022218565326718842
48.4	9.780266666666666	-0.11643076923076928	0.0
48.5	9.801800899083265	-0.1298796816121912	0.021735706841792712
48.6	9.819377777777778	-0.11913846153846161	0.0
48.7	9.842636411751052	-0.13483987270676284	0.022218565326718842
48.8	9.854577777777777	-0.12184615384615392	0.0
48.9	9.854577777777777	-0.12184615384615392	0.0
49.0	9.854577777777777	-0.12184615384615392	0.0
49.1	9.941686281153842	-0.11457921895287221	0.05123716740341866
49.2	9.949808742355772	-0.11425726756762551	0.049958395721942495
49.3	9.97004194962965	-0.12682757256872515	0.024385409172718475
49.4	9.977641249403588	-0.11183999852700863	0.04874185130993158
49.5	10.003315457390833	-0.11198446069761617	0.04758310327698334
49.6	10.0150355102068	-0.11237083606517552	0.04758310327698334
49.7	10.042097939796182	-0.11401677231137389	0.04874185130993158
49.8	10.062033483170646	-0.1286756203981353	0.023805026185069966
49.9	10.07758039982392	-0.1316403479404915	0.023805026185069966
50.0	10.11283075798347	-0.1573184660395741	6.259933684369123
50.1	10.11283075798347	-0.1573184660395741	6.259933684369123
50.2	10.11283075798347	-0.1573184660395741	6.259933684369123
50.3	10.11283075798347	-0.1573184660395741	6.259933684369123
50.4	10.11283075798347	-0.1573184660395741	6.259933684369123
50.5	10.11283075798347	-0.1573184660395741	6.259933684369123
50.6	10.11283075798347	-0.1573184660395741	6.259933684369123
50.7	10.11283075798347	-0.1573184660395741	6.259933684369123
50.8	10.11283075798347	-0.1573184660395741	6.259933684369123
50.9	10.11283075798347	-0.1573184660395741	6.259933684369123
51.0	10.11283075798347	-0.1573184660395741	6.259933684369123
51.1	10.11283075798347	-0.1573184660395741	6.259933684369123
51.2	10.11283075798347	-0.1573184660395741	6.259933684369123
51.3	10.11283075798347	-0.1573184660395741	6.259933684369123
51.4	10.11283075798347	-0.1573184660395741	6.259933684369123
51.5	10.34068179773264	-0.08870565895693419	0.06656816377582375
51.6	10.350928556720115	-0.07152381757778506	0.11575921772081044
51.7	10.372470737412542	-0.06974633243715343	0.11848995915813765
51.8	10.38530253603468	-0.07527002451682976	0.09275632018814362
51.9	10.414690901847464	-0.07580296513190103	0.09275632018814362
52.0	10.423652190173904	-0.06987436609008993	0.11848995915813765
52.1	10.450606830607395	-0.07345930837231168	0.11848995915813765
52.2	10.475924098773776	-0.07749716657531758	0.11575921772081044
52.3	10.501072435907563	-0.09203774969947895	0.06656816377582375
52.4	10.510961573215697	-0.09016101229087979	0.09275632018814362
52.5	10.540950110249002	-0.10013012847549077	0.06965457372856809
52.6	10.564324941039894	-0.10421957343550237	0.06807645825799957
52.7	10.608407358352677	-0.11337757396449494	0.02325162281046289
52.8	10.627999971315802	-0.11510873688028232	0.02272336084164106
52.9	10.657281298854652	-0.11692365282788697	0.02272336084164106
53.0	10.67278685065752	-0.11847673192736229	0.02325162281046289
53.1	10.69815673533697	-0.12023940381576087	0.02325162281046289
53.2	10.717866666666668	-0.12184615384615384	0.0
53.3	10.739260129369336	-0.12227611680895838	0.02272336084164106
53.4	10.758810636375548	-0.12258372968143375	0.02272336084164106
53.5	10.784272524823209	-0.1243426352375101	0.022218565326718842
53.6	10.810047929236845	-0.12442574955070752	6.259933684369123
53.7	10.821187036309363	-0.12628285029027034	0.02325162281046289
53.8	10.830962171087288	-0.12644023170887736	0.02325162281046289
53.9	10.848698535633657	-0.12535224553371205	0.02272336084164106
54.0	10.849768428906629	-0.12861758974502344	0.06965457372856809
54.1	10.877296538810066	-0.12859860150266797	0.04758310327698334
54.2	10.890735513047636	-0.13059632189494688	0.06965457372856809
54.3	10.918347456700758	-0.13178634131328776	0.06807645825799957
54.4	10.937857715579863	-0.13270728010653227	0.06807645825799957
54.5	10.968049375645943	-0.1271699714040137	0.022218565326718842
54.6	10.985601585511755	-0.12879418579753707	0.022218565326718842
54.7	11.010824651001103	-0.12933604981124647	0.02325162281046289
54.8	11.030473817820962	-0.1295665418866246	0.02272336084164106
54.9	11.040249071324068	-0.12972034832286225	0.02272336084164106
55.0	11.097301416118198	-0.12136490884938396	6.260966741852867
55.1	11.10667636217472	-0.13211972872817015	0.02272336084164106
55.2	11.13048888888889	-0.12861538461538463	0.0
55.3	11.138311111111111	-0.12861538461538463	0.0
55.4	11.155562587974767	-0.1354715116375775	0.022218565326718842
55.5	11.161777777777779	-0.1299692307692308	0.0
55.6	11.1872	-0.1299692307692308	0.0
55.7	11.1872	-0.1299692307692308	0.0
55.8	11.214127882279508	-0.13908087695651827	0.022218565326718842
55.9	11.22976846532825	-0.13932150131111434	0.022218565326718842
56.0	11.261006185361712	-0.14115626201490925	0.022218565326718842
56.1	11.2649163311239	-0.14121641810355826	0.022218565326718842
56.2	11.278440200492595	-0.160480694681479	0.06656816377582375
56.3	11.283943103196727	-0.16125638269711176	0.06807645825799957
56.4	11.305627259193779	-0.16309233337158163	0.06656816377582375
56.5	11.32265984901214	-0.15531012953242987	0.043450895391530686
56.6	11.35556810467093	-0.15803339634432165	0.04441521524691083
56.7	11.35556810467093	-0.15803339634432165	0.04441521524691083
56.8	11.399379819088315	-0.16951813695781065	0.06512516333438567
56.9	11.399379819088315	-0.16951813695781065	0.06512516333438567
57.0	11.403188474628648	-0.16759515869934477	0.06656816377582375
57.1	11.409724664361095	-0.16667357686907072	0.06374331253268695
57.2	11.460336727105142	-0.1469312465252145	0.022218565326718842
57.3	11.460336727105142	-0.1469312465252145	0.022218565326718842
57.4	11.531377777777779	-0.13267692307692314	0.0
57.5	11.531377777777779	-0.13267692307692314	0.0
57.6	11.603458478466475	-0.13938379062006112	0.021735706841792712
57.7	11.603458478466475	-0.13938379062006112	0.021735706841792712
57.8	11.652629006476637	-0.11552976825042975	6.260966741852867
57.9	11.652629006476637	-0.11552976825042975	6.260966741852867
58.0	11.731956089585877	-0.06371912000815477	0.09966865249116186
58.1	11.731956089585877	-0.06371912000815477	0.09966865249116186
58.2	11.780642558712334	-0.09703134050912984	0.04874185130993158
58.3	11.780642558712334	-0.09703134050912984	0.04874185130993158
58.4	11.801277638852364	-0.06565456734417428	0.09495170634275629
58.5	11.801277638852364	-0.06565456734417428	0.09495170634275629
58.6	11.855647083351812	-0.09394351990917205	0.04647813135100298
58.7	11.855647083351812	-0.09394351990917205	0.04647813135100298
58.8	11.905783567794732	-0.1107020898481756	0.02325162281046289
58.9	11.908804737710229	-0.09221667116354901	0.06807645825799957
59.0	11.92516680016001	-0.10515849587073446	0.04758310327698334
59.1	11.92516680016001	-0.10515849587073446	0.04758310327698334
59.2	11.92516680016001	-0.10515849587073446	0.04758310327698334
59.3	11.92516680016001	-0.10515849587073446	0.04758310327698334
59.4	11.92516680016001	-0.10515849587073446	0.04758310327698334
59.5	11.92516680016001	-0.10515849587073446	0.04758310327698334
59.6	11.92516680016001	-0.10515849587073446	0.04758310327698334
59.7	11.92516680016001	-0.10515849587073446	0.04758310327698334
59.8	11.92516680016001	-0.10515849587073446	0.04758310327698334
59.9	11.92516680016001	-0.10515849587073446	0.04758310327698334
60.0	11.92516680016001	-0.10515849587073446	0.04758310327698334
60.1	11.92516680016001	-0.10515849587073446	0.04758310327698334
60.2	11.92516680016001	-0.10515849587073446	0.04758310327698334
60.3	11.92516680016001	-0.10515849587073446	0.04758310327698334
60.4	11.92516680016001	-0.10515849587073446	0.04758310327698334
60.5	11.92516680016001	-0.10515849587073446	0.04758310327698334
60.6	11.92516680016001	-0.10515849587073446	0.04758310327698334
60.7	11.92516680016001	-0.10515849587073446	0.04758310327698334
60.8	12.225542192527392	-0.1703471892260148	6.237762027758009
60.9	12.225542192527392	-0.1703471892260148	6.237762027758009
61.0	12.294093633686712	-0.17090046410982357	6.237762027758009
61.1	12.294093633686712	-0.17090046410982357	6.237762027758009
61.2	12.335015211223782	-0.17534674623375254	6.215108848921586
61.3	12.335015211223782	-0.17534674623375254	6.215108848921586
61.4	12.411769178182679	-0.17466237278927357	6.213530733451018
61.5	12.411769178182679	-0.17466237278927357	6.213530733451018
61.6	12.482686190757684	-0.17410586800122413	6.211877842394296
61.7	12.482686190757684	-0.17410586800122413	6.211877842394296
61.8	12.53449235797457	-0.1740514896226633	6.192525419978841
61.9	12.53449235797457	-0.1740514896226633	6.192525419978841
62.0	12.595211591088656	-0.17075646872527594	6.167426089458775
62.1	12.595211591088656	-0.17075646872527594	6.167426089458775
62.2	12.601019854441407	-0.16957552979608698	6.215108848921586
62.3	12.601019854441407	-0.16957552979608698	6.215108848921586
62.4	12.609777777777778	-0.1665230769230769	0.0
62.5	12.609777777777778	-0.1665230769230769	0.0
62.6	12.629333333333333	-0.16516923076923076	0.0
62.7	12.629333333333333	-0.16516923076923076	0.0
62.8	12.627815039513383	-0.1656495318279851	0.02272336084164106
62.9	12.625937484190716	-0.16983664062025522	0.11848995915813765
63.0	12.621186735898622	-0.171102918957027	0.1613751104206913
63.1	12.6403093347831	-0.17884669180856824	0.22849663929186237
63.2	12.670220526854667	-0.19055883320599787	0.28473043852271207
63.3	12.721755875585576	-0.19783070713105624	0.2621198412654726
63.4	12.750740698019902	-0.19880880706859333	0.23374318086890122
63.5	12.784625612501056	-0.20347184501883583	0.22849663929186237
63.6	12.804007242752895	-0.20758900674985614	0.23374318086890122
63.7	12.857847321753344	-0.2025916219322237	0.18394345653717492
63.8	12.875974810702528	-0.2076694205690644	0.20176234432028695
63.9	12.932617047173666	-0.1983972867711372	0.157768737595954
64.0	12.959625598824566	-0.19629364373223923	0.15431877592611887
64.1	13.014841233933094	-0.18251764218752684	0.11315098159048453
64.2	13.053768300751225	-0.16577378233803022	0.06965457372856809
64.3	13.103495175587303	-0.15169512520758896	0.0425275346197842
64.4	13.126991988179963	-0.14866490248314376	0.043450895391530686
64.5	13.157159182935729	-0.13432277901215514	0.021735706841792712
64.6	13.160714718564787	-0.14154921688169583	0.043450895391530686
64.7	13.196340674797366	-0.12969652712727223	0.022218565326718842
64.8	13.21198125784611	-0.1299371514818683	0.022218565326718842
64.9	13.243377777777777	-0.12049230769230775	0.0
65.0	13.257066666666667	-0.1191384615384616	0.0
65.1	13.278577777777777	-0.1191384615384616	0.0
65.2	13.302044444444444	-0.12049230769230775	0.0
65.3	13.309648009772708	-0.1341480776872992	0.022218565326718842
65.4	13.329422222222222	-0.12455384615384621	0.0
65.5	13.338800318733004	-0.14001329633057796	0.022218565326718842
65.6	13.354844444444444	-0.12996923076923084	0.0
65.7	13.378311111111111	-0.131323076923077	0.0
65.8	13.381099269260687	-0.1571631718381035	0.0425275346197842
65.9	13.41085727808265	-0.14682362403249272	0.02272336084164106
66.0	13.419331797379593	-0.16266281583978173	0.04542327942157698
66.1	13.43868958775878	-0.16598246514263443	0.04542327942157698
66.2	13.4497805602132	-0.15285283633300992	0.02272336084164106
66.3	13.4497805602132	-0.15285283633300992	0.02272336084164106
66.4	13.4497805602132	-0.15285283633300992	0.02272336084164106
66.5	13.538340400529608	-0.09397091032585321	0.0767718912697779
66.6	13.555857972077614	-0.10830422995726863	0.05123716740341866
66.7	13.579689762106383	-0.1105537231089746	0.04874185130993158
66.8	13.592136359580376	-0.0994077341985346	0.06965457372856809
66.9	13.622921616288314	-0.12501197743825146	0.024385409172718475
67.0	13.636336241118359	-0.11578381847861641	0.04758310327698334
67.1	13.65688888888889	-0.1421538461538461	0.0
67.2	13.670938301813118	-0.1250568273000406	0.04758310327698334
67.3	13.701113807498382	-0.1613121903260825	6.260461946337945
67.4	13.70968888888889	-0.15298461538461533	0.0
67.5	13.715613262782732	-0.13382312595029364	0.04647813135100298
67.6	13.715613262782732	-0.13382312595029364	0.04647813135100298
67.7	13.715613262782732	-0.13382312595029364	0.04647813135100298
67.8	13.715613262782732	-0.13382312595029364	0.04647813135100298
67.9	13.715613262782732	-0.13382312595029364	0.04647813135100298
68.0	13.715613262782732	-0.13382312595029364	0.04647813135100298
68.1	13.715613262782732	-0.13382312595029364	0.04647813135100298
68.2	13.715613262782732	-0.13382312595029364	0.04647813135100298
68.3	13.715613262782732	-0.13382312595029364	0.04647813135100298
68.4	13.715613262782732	-0.13382312595029364	0.04647813135100298
68.5	13.715613262782732	-0.13382312595029364	0.04647813135100298
68.6	13.715613262782732	-0.13382312595029364	0.04647813135100298
68.7	13.715613262782732	-0.13382312595029364	0.04647813135100298
68.8	13.985422222222223	-0.16381538461538458	0.0
68.9	14.003022222222222	-0.16516923076923073	0.0
69.0	14.022361537370035	-0.17129393601187717	6.259933684369123
69.1	14.057331591406975	-0.17747828772843907	6.237762027758009
69.2	14.076866976193308	-0.17686353785754044	6.237762027758009
69.3	14.078971788363901	-0.17161722155400724	6.260461946337945
69.4	14.106253632231661	-0.16847957025475852	6.260461946337945
69.5	14.108622222222223	-0.16246153846153844	0.0
69.6	14.108622222222223	-0.15839999999999999	0.0
69.7	14.113318474536179	-0.15257598474778197	0.02272336084164106
69.8	14.125182077651314	-0.14870006255459237	0.02272336084164106
69.9	14.135001764124887	-0.14750037235193844	0.02272336084164106
70.0	14.160568741162153	-0.14663046608196947	0.022218565326718842
70.1	14.173918041362422	-0.1465928868497665	0.023805026185069966
70.2	14.188710075353633	-0.14363577349353499	0.04647813135100298
70.3	14.215247708791296	-0.14605459185130423	0.02272336084164106
70.4	14.23077650398402	-0.14623881416964007	0.02325162281046289
70.5	14.236630708757733	-0.14275139081590513	0.06965457372856809
70.6	14.267989644737598	-0.14823864324587935	0.02272336084164106
70.7	14.276749481438943	-0.1479088189382142	0.04542327942157698
70.8	14.305091175078934	-0.15017660434247415	0.02272336084164106
70.9	14.322686631384524	-0.15045345592770198	0.02272336084164106
71.0	14.338143611053745	-0.1504200028966014	0.06807645825799957
71.1	14.357172837841516	-0.15264505156552235	0.06965457372856809
71.2	14.387114438564089	-0.15417557168465393	0.02272336084164106
71.3	14.39183065727117	-0.15424074260847026	0.04542327942157698
71.4	14.412335128482388	-0.15323129852069461	0.023805026185069966
71.5	14.433244444444444	-0.15298461538461539	0.0
71.6	14.436524854744288	-0.15568142736873183	0.04647813135100298
71.7	14.45737776785926	-0.15530398388140426	0.02325162281046289
71.8	14.467152902637185	-0.15546136530001126	0.02325162281046289
71.9	14.501458362164254	-0.15761261514446984	0.04441521524691083
72.0	14.517087378158749	-0.1580935079443004	0.04441521524691083
72.1	14.5356982918113	-0.15651342951546673	0.02272336084164106
72.2	14.553885553794174	-0.16069561625290604	0.04542327942157698
72.3	14.570723865540034	-0.15848308853726598	0.02325162281046289
72.4	14.585524825341315	-0.1661680562610824	0.06807645825799957
72.5	14.606292743027124	-0.16385863365476624	0.04647813135100298
72.6	14.62636334449508	-0.16945273795698776	0.06807645825799957
72.7	14.651384883318698	-0.16647426503935334	0.04542327942157698
72.8	14.687466666666667	-0.1584	0.0
72.9	14.694042961316377	-0.1629628441501765	0.022218565326718842
73.0	14.711440340598998	-0.1621028611652274	0.02325162281046289
73.1	14.720090930353892	-0.16705013634114482	0.04441521524691083
73.2	14.750540879710696	-0.16273238683965546	0.02325162281046289
73.3	14.762983896472115	-0.1697251025402024	0.04441521524691083
73.4	14.793631685381897	-0.16463440934881646	0.02272336084164106
73.5	14.811347334181953	-0.1647675268096469	0.022218565326718842
73.6	14.829407214448711	-0.17176889693948233	0.04441521524691083
73.7	14.835513265701254	-0.17885222201875267	0.06656816377582375
73.8	14.864485672569685	-0.17420341673862458	0.04441521524691083
73.9	14.869556280021515	-0.1841791321770006	0.06965457372856809
74.0	14.899306675698002	-0.1769864878317202	0.04542327942157698
74.1	14.92105402768309	-0.1772991641375339	0.04441521524691083
74.2	14.948652684019082	-0.1777745253981581	0.043450895391530686
74.3	14.982755555555556	-0.15975384615384622	0.0
74.4	15.01208888888889	-0.15975384615384622	0.0
74.5	15.01865962825635	-0.1691025215734623	0.021735706841792712
74.6	15.034058488587837	-0.1697715443191551	0.02272336084164106
74.7	15.040225274641102	-0.18096597173624202	0.04441521524691083
74.8	15.072711111111111	-0.16246153846153852	0.0
74.9	15.094222222222223	-0.16381538461538467	0.0
75.0	15.114166400431234	-0.1761971836529594	0.022218565326718842
75.1	15.13176205636107	-0.1764678860518799	0.022218565326718842
75.2	15.153003638102275	-0.17733738248638667	0.02325162281046289
75.3	15.158962382265935	-0.19139533433256756	0.04441521524691083
75.4	15.169635371283267	-0.20595261212924482	0.06807645825799957
75.5	15.187510394268925	-0.19612714769119438	0.04647813135100298
75.6	15.213382145009643	-0.1850805482818519	0.02325162281046289
75.7	15.230977387609908	-0.18536383483534455	0.02325162281046289
75.8	15.246755555555556	-0.17193846153846162	0.0
75.9	15.246755555555556	-0.17193846153846162	0.0
76.0	15.33689226895252	-0.07216985770728815	0.12750955821523835
76.1	15.350052499285162	-0.08810212364763895	0.09966865249116186
76.2	15.35926575065322	-0.063182710540484	0.14189705460416402
76.3	15.367615050816807	-0.07293060518738961	0.12135200057076334
76.4	15.377223171324646	-0.05894143446657304	0.14531001063570192
76.5	15.401726089170623	-0.0875513031821576	0.09725319825156564
76.6	15.422945668032465	-0.0903447944623691	0.09725319825156564
76.7	15.455154840606397	-0.11246949700245278	0.07130746478529026
76.8	15.455154840606397	-0.11246949700245278	0.07130746478529026
76.9	15.455154840606397	-0.11246949700245278	0.07130746478529026
77.0	15.455154840606397	-0.11246949700245278	0.07130746478529026
77.1	15.455154840606397	-0.11246949700245278	0.07130746478529026
77.2	15.455154840606397	-0.11246949700245278	0.07130746478529026
77.3	15.455154840606397	-0.11246949700245278	0.07130746478529026
77.4	15.455154840606397	-0.11246949700245278	0.07130746478529026
77.5	15.455154840606397	-0.11246949700245278	0.07130746478529026
77.6	15.455154840606397	-0.11246949700245278	0.07130746478529026
77.7	15.455154840606397	-0.11246949700245278	0.07130746478529026
77.8	15.455154840606397	-0.11246949700245278	0.07130746478529026
77.9	15.455154840606397	-0.11246949700245278	0.07130746478529026
78.0	15.455154840606397	-0.11246949700245278	0.07130746478529026
78.1	15.455154840606397	-0.11246949700245278	0.07130746478529026
78.2	15.455154840606397	-0.11246949700245278	0.07130746478529026
78.3	15.455154840606397	-0.11246949700245278	0.07130746478529026
78.4	15.902382847987163	-0.23080208095737678	6.192525419978841
78.5	15.924873349971039	-0.23502547063215337	6.172528086005691
78.6	15.93212685842033	-0.23300836744555137	6.192525419978841
78.7	15.9615167734912	-0.23251808155929035	6.192525419978841
78.8	15.9615167734912	-0.23251808155929035	6.192525419978841
78.9	16.036394197717108	-0.22944660951215207	6.190428986991442
79.0	16.040880224003754	-0.22862063571771504	6.194529425312149
79.1	16.05694547363095	-0.2265120794525928	6.192525419978841
79.2	16.072348621890985	-0.224183221492853	6.192525419978841
79.3	16.073301527654785	-0.22118874193635532	6.194529425312149
79.4	16.04975513155237	-0.2161460546079639	6.237762027758009
79.5	16.049811977879834	-0.21219850312259267	6.236707175828583
79.6	16.043555555555553	-0.20578461538461537	0.0
79.7	16.05528888888889	-0.20172307692307692	0.0
79.8	16.046292040612975	-0.1943839091781518	0.04542327942157698
79.9	16.06237783138182	-0.1922669525322604	0.04441521524691083
80.0	16.06183189393797	-0.18888454649444664	0.06807645825799957
80.1	16.080220957975534	-0.18875042393349933	0.04441521524691083
80.2	16.074974918321875	-0.18502444177356492	0.09275632018814362
80.3	16.098875270708408	-0.18647194879516588	0.06965457372856809
80.4	16.10807645208019	-0.18715620423384996	0.09275632018814362
80.5	16.130793939130392	-0.189333271366817	0.11575921772081044
80.6	16.15770946105867	-0.19176083994726154	0.08865588186743745
80.7	16.192683652920334	-0.19370412617909286	0.06807645825799957
80.8	16.211508099274738	-0.1964820689191051	0.09065988720074492
80.9	16.248997354685027	-0.1990762691396858	0.06807645825799957
81.0	16.26701815316321	-0.20283092820653417	0.09275632018814362
81.1	16.289054983618357	-0.204081500156151	0.09065988720074492
81.2	16.31606647215129	-0.20332190959094304	0.06512516333438567
81.3	16.36622222222222	-0.1963076923076923	0.0
81.4	16.384431791823715	-0.20231418251274436	0.04542327942157698
81.5	16.416717878845777	-0.19961571365136038	0.021735706841792712
81.6	16.423502561396383	-0.20354368225454164	0.04542327942157698
81.7	16.45422222222222	-0.1949538461538462	0.0
81.8	16.461588751490233	-0.19902641929525988	0.022218565326718842
81.9	16.48099410524383	-0.1994254252257804	0.02272336084164106
82.0	16.505066666666664	-0.1949538461538462	0.0
82.1	16.51727240837079	-0.20649448163485518	0.04542327942157698
82.2	16.54121966739505	-0.20811910201259726	0.043450895391530686
82.3	16.55842543347372	-0.21024032092592806	0.04441521524691083
82.4	16.580818237783518	-0.20614794956389015	0.021735706841792712
82.5	16.59137660886211	-0.21531975112413845	0.04441521524691083
82.6	16.60309837085798	-0.2156804207240114	0.04441521524691083
82.7	16.628408693982394	-0.21781438252325958	0.04441521524691083
82.8	16.634863196154125	-0.21742680154493163	0.0425275346197842
82.9	16.669948229855883	-0.2198154745466827	0.0425275346197842
83.0	16.68693067609511	-0.22097024152214767	0.04441521524691083
83.1	16.714281454085473	-0.22181180392185118	0.04441521524691083
83.2	16.722095962082722	-0.22205225032176648	0.04441521524691083
83.3	16.746145939305315	-0.22206025158447285	0.0425275346197842
83.4	16.755394448937654	-0.22172163652188298	0.04441521524691083
83.5	16.77914754600435	-0.22205643662039198	0.043450895391530686
83.6	16.803571405665593	-0.21356292005919425	0.021735706841792712
83.7	16.81910887671097	-0.2349183287640645	0.06374331253268695
83.8	16.831806431156206	-0.23675855573378687	0.06656816377582375
83.9	16.858763024167903	-0.22761257331980747	0.04441521524691083
84.0	16.87267078568619	-0.228936892945759	0.043450895391530686
84.1	16.87267078568619	-0.228936892945759	0.043450895391530686
84.2	16.90870587897519	-0.2196971135219071	0.02272336084164106
84.3	16.90870587897519	-0.2196971135219071	0.02272336084164106
84.4	16.909064885763133	-0.24380319653159369	0.06807645825799957
84.5	16.939942257214664	-0.22154279075675937	0.02272336084164106
84.6	16.96125247630599	-0.2372962362620368	0.04647813135100298
84.7	17.007881094114435	-0.22728503648085374	0.023805026185069966
84.8	17.021747841749818	-0.22719581590108956	0.02325162281046289
84.9	17.033066666666667	-0.21255384615384623	0.0
85.0	18.8448	-0.21120000000000008	0.0
85.1	18.854577777777777	-0.20984615384615393	0.0
85.2	18.854577777777777	-0.20984615384615393	0.0
85.3	17.13476397165856	-0.14250659189683826	0.10487693873023396
85.4	17.13476397165856	-0.14250659189683826	0.10487693873023396
85.5	17.14551160953575	-0.13648319044918472	0.10487693873023396
85.6	17.14551160953575	-0.13648319044918472	0.10487693873023396
85.7	17.126367274538868	-0.10282808601640363	0.15264932839526502
85.8	17.121457372382046	-0.12656229394716711	0.10487693873023396
85.9	17.02246699588372	-0.2407666248967251	0.025635408521677228
86.0	17.02246699588372	-0.2407666248967251	0.025635408521677228
86.1	17.02246699588372	-0.2407666248967251	0.025635408521677228
86.2	17.02246699588372	-0.2407666248967251	0.025635408521677228
86.3	17.02246699588372	-0.2407666248967251	0.025635408521677228
86.4	17.02246699588372	-0.2407666248967251	0.025635408521677228
86.5	17.335518163816886	-0.21545516207300605	0.02325162281046289
86.6	17.335518163816886	-0.21545516207300605	0.02325162281046289
86.7	17.335518163816886	-0.21545516207300605	0.02325162281046289
86.8	17.335518163816886	-0.21545516207300605	0.02325162281046289
86.9	17.335518163816886	-0.21545516207300605	0.02325162281046289
87.0	17.335518163816886	-0.21545516207300605	0.02325162281046289
87.1	17.335518163816886	-0.21545516207300605	0.02325162281046289
87.2	17.335518163816886	-0.21545516207300605	0.02325162281046289
87.3	17.335518163816886	-0.21545516207300605	0.02325162281046289
87.4	17.335518163816886	-0.21545516207300605	0.02325162281046289
87.5	17.551071460746115	-0.1978866285030771	0.043450895391530686
87.6	17.556369170943054	-0.19745765853264502	0.04542327942157698
87.7	17.601066666666668	-0.2098461538461538	0.0
87.8	17.601066666666668	-0.2098461538461538	0.0
87.9	17.60837052929661	-0.1860634938360584	0.09065988720074492
88.0	17.60837052929661	-0.1860634938360584	0.09065988720074492
88.1	17.64530633330572	-0.20308695527906828	0.022218565326718842
88.2	17.656888602040976	-0.20314754098273233	0.02272336084164106
88.3	17.68018619672831	-0.1990627748834817	0.043450895391530686
88.4	17.68018619672831	-0.1990627748834817	0.043450895391530686
88.5	17.707433503369742	-0.19698571313059784	0.04441521524691083
88.6	17.707056190454235	-0.19272092402826316	0.06656816377582375
88.7	17.739804092948653	-0.19398040781706613	0.06807645825799957
88.8	17.739804092948653	-0.19398040781706613	0.06807645825799957
88.9	17.79583050069649	-0.2012711024606326	0.02272336084164106
89.0	17.80842622828774	-0.19983834131331754	0.04647813135100298
89.1	17.849235401747983	-0.20199674420345526	0.06656816377582375
89.2	17.856138844062972	-0.2020505384199599	0.06965457372856809
89.3	17.87692707584609	-0.2048346569834288	0.04542327942157698
89.4	17.87692707584609	-0.2048346569834288	0.04542327942157698
89.5	17.94871074501704	-0.20977679203019015	0.04647813135100298
89.6	17.956844559062915	-0.2100600308860673	0.04542327942157698
89.7	18.016573497984812	-0.21016111447517075	0.02272336084164106
89.8	18.016573497984812	-0.21016111447517075	0.02272336084164106
89.9	18.073423848201045	-0.211027558980738	0.022218565326718842
90.0	18.073423848201045	-0.211027558980738	0.022218565326718842
90.1	18.105626099762787	-0.21465852352437137	0.04441521524691083
90.2	18.114753461547348	-0.21512342690952035	0.04647813135100298
90.3	18.15024486844763	-0.2161460546079639	0.04542327942157698
90.4	18.148854406948086	-0.2200736736256603	0.06807645825799957
90.5	18.187184505134518	-0.2200189787946254	0.04542327942157698
90.6	18.18913804361315	-0.22008045378171523	0.04542327942157698
90.7	18.212491708153177	-0.22217060334277064	0.04542327942157698
90.8	18.212491708153177	-0.22217060334277064	0.04542327942157698
90.9	18.249608939247214	-0.22333862809747804	0.04542327942157698
91.0	18.249608939247214	-0.22333862809747804	0.04542327942157698
91.1	18.278912016426716	-0.22426075290382602	0.04542327942157698
91.2	18.29462912145936	-0.22340010308456792	0.04542327942157698
91.3	18.326212294951734	-0.2241561563210252	0.04441521524691083
91.4	18.326212294951734	-0.2241561563210252	0.04441521524691083
91.5	18.36886358364743	-0.2257361525939828	0.04542327942157698
91.6	18.36886358364743	-0.2257361525939828	0.04542327942157698
91.7	18.41794593605275	-0.22833391251955332	0.04441521524691083
91.8	18.41794593605275	-0.22833391251955332	0.04441521524691083
91.9	18.500064770215253	-0.23458239557170116	0.043450895391530686
92.0	18.555979281318805	-0.22928493188571344	0.022218565326718842
92.1	18.578211262946688	-0.24860897944349747	0.06512516333438567
92.2	18.62456741118625	-0.2301289057292585	0.021735706841792712
92.3	18.630103954216125	-0.2306481317820302	0.02272336084164106
92.4	18.646073441132504	-0.23045257507627576	0.021735706841792712
92.5	18.659429714725444	-0.23110955109074324	0.02272336084164106
92.6	18.66724991752793	-0.2312325962397334	0.02272336084164106
92.7	18.675025687359945	-0.23270913802761517	0.02272336084164106
92.8	18.669945660587217	-0.25764348929876124	0.06965457372856809
92.9	18.68541606556184	-0.25974785523598143	0.06965457372856809
93.0	18.71963178262787	-0.23909385114778006	0.02325162281046289
93.1	18.736539141752644	-0.25547479485175945	0.04647813135100298
93.2	18.763796496039426	-0.25770780118371495	0.04647813135100298
93.3	18.77756145995425	-0.25679572817488805	0.04647813135100298
93.4	18.805163256265296	-0.24381792061233845	0.024385409172718475
93.5	18.814723216541587	-0.2443267367441341	0.024994793618919875
93.6	20.63622760857988	-0.2446989281447968	0.024994793618919875
93.7	20.63622760857988	-0.2446989281447968	0.024994793618919875
93.8	20.63622760857988	-0.2446989281447968	0.024994793618919875
93.9	18.9276124005763	-0.09188498296967104	0.13432144195296836
94.0	18.962337882847322	-0.12512148833442333	0.0767718912697779
94.1	18.96653744225292	-0.12262944209373772	0.0767718912697779
94.2	18.95905552479491	-0.0950449547756815	0.12435499454676124
94.3	18.95905552479491	-0.0950449547756815	0.12435499454676124
94.4	18.830186396015733	-0.24361223793240275	0.025635408521677228
94.5	18.830186396015733	-0.24361223793240275	0.025635408521677228
94.6	18.830186396015733	-0.24361223793240275	0.025635408521677228
94.7	19.066666666666666	-0.18953846153846146	0.0
94.8	19.043955893177785	-0.17100866775657325	0.04874185130993158
94.9	19.041244444444445	-0.20172307692307684	0.0
95.0	19.03038860171273	-0.17851470338281242	0.04647813135100298
95.1	19.03038860171273	-0.17851470338281242	0.04647813135100298
95.2	19.03038860171273	-0.17851470338281242	0.04647813135100298
95.3	19.03038860171273	-0.17851470338281242	0.04647813135100298
95.4	19.03038860171273	-0.17851470338281242	0.04647813135100298
95.5	19.03038860171273	-0.17851470338281242	0.04647813135100298
95.6	19.03038860171273	-0.17851470338281242	0.04647813135100298
95.7	19.03038860171273	-0.17851470338281242	0.04647813135100298
95.8	19.03038860171273	-0.17851470338281242	0.04647813135100298
95.9	19.03038860171273	-0.17851470338281242	0.04647813135100298
96.0	19.03038860171273	-0.17851470338281242	0.04647813135100298
96.1	19.03038860171273	-0.17851470338281242	0.04647813135100298
96.2	19.41696618869156	-0.23233796556384884	6.196446968503601
96.3	19.430280594240948	-0.22642815129904742	6.215108848921586
96.4	19.448130070457307	-0.22088007412217947	6.238770091932675
96.5	19.456266024964084	-0.2208796286138835	6.237762027758009
96.6	19.485155555555558	-0.21119999999999997	0.0
96.7	19.50348541428363	-0.21962089036683927	6.236707175828583
96.8	19.504711111111114	-0.20849230769230764	0.0
96.9	19.526222222222223	-0.2044307692307692	0.0
97.0	19.530133333333335	-0.20307692307692304	0.0
97.1	19.537955555555556	-0.19901538461538457	0.0
97.2	19.54577777777778	-0.19766153846153842	0.0
97.3	19.54516021142312	-0.18866025653353108	0.04441521524691083
97.4	19.560850191014495	-0.18980199084006233	0.02325162281046289
97.5	19.578632354011326	-0.1856246207346006	0.04441521524691083
97.6	19.59017220795405	-0.18448643625668362	0.04542327942157698
97.7	19.599939900347216	-0.18479381119213292	0.04542327942157698
97.8	19.623471159294393	-0.18417906132123432	0.04542327942157698
97.9	19.62764668472739	-0.18442238873502417	0.04441521524691083
98.0	19.638341346761717	-0.17994583120641522	0.09275632018814362
98.1	19.678170236696133	-0.18590036095975052	0.04542327942157698
98.2	19.695663285800258	-0.18780608555953632	0.04542327942157698
98.3	19.722634542749354	-0.18996279218326068	0.04647813135100298
98.4	19.744324153358946	-0.19204785966873694	0.04542327942157698
98.5	19.773333221722766	-0.192950617557004	0.04647813135100298
98.6	19.788869913666232	-0.19480621436806564	0.04647813135100298
98.7	19.81252040570397	-0.19690438364883628	0.04542327942157698
98.8	19.825894486572444	-0.19735372863409945	0.04647813135100298
98.9	19.843144277021295	-0.19879998750171243	0.06807645825799957
99.0	19.865054218897786	-0.197259376253876	0.04647813135100298
99.1	19.89465781901015	-0.19813388339063356	0.04542327942157698
99.2	19.914569370026303	-0.19731632693048143	0.04441521524691083
99.3	19.92600323187186	-0.19776503346809438	0.04542327942157698
99.4	19.951399232094094	-0.1985642083002626	0.04542327942157698
99.5	19.968981078401796	-0.1991174831840714	0.04542327942157698
99.6	19.982946315002213	-0.19942023292974018	0.04441521524691083
99.7	20.014710448408028	-0.19695103423686894	0.022218565326718842
99.8	20.027792908119743	-0.20215531072877654	0.04441521524691083
99.9	20.052805638575887	-0.20446580706088965	0.04542327942157698
100.0	20.072252226158646	-0.20643300664776532	0.04542327942157698
100.1	20.08285441224958	-0.21282895511880365	0.06807645825799957
100.2	20.113187737006378	-0.20907643109262947	0.04542327942157698
100.3	20.12872724763187	-0.2109206807053254	0.04542327942157698
100.4	20.150524097609836	-0.21135238552553623	0.04441521524691083
100.5	20.166448007254733	-0.21158873383479088	0.043450895391530686
100.6	20.189683465462707	-0.2112021065255892	0.04441521524691083
100.7	20.205312481457202	-0.21168299932541979	0.04441521524691083
100.8	20.232663259447566	-0.21252456172512327	0.04441521524691083
100.9	20.25219952944068	-0.21312567772491148	0.04441521524691083
101.0	20.26791537330181	-0.21225405952521859	0.04441521524691083
101.1	20.27963713529768	-0.2126147291250915	0.04441521524691083
101.2	20.29721977829149	-0.2131557335249009	0.04441521524691083
101.3	20.315099841444763	-0.2133529534053978	0.043450895391530686
101.4	20.357333333333333	-0.19901538461538465	0.0
101.5	20.3615158135355	-0.21784443832324896	0.04441521524691083
101.6	20.397791128842098	-0.21076759388040897	0.021735706841792712
101.7	20.41744134743303	-0.21221776441164159	0.021273386024061036
101.8	20.436950880003675	-0.21385929142636045	0.021273386024061036
101.9	20.441267209040735	-0.2257190579204746	0.04441521524691083
102.0	20.441562552699697	-0.2372088382665632	0.06656816377582375
102.1	20.47176304194353	-0.21752441655483137	0.022218565326718842
102.2	20.48439304461089	-0.22928973685988036	0.043450895391530686
102.3	20.500930109143177	-0.2182205717340254	0.02272336084164106
102.4	20.534368820202527	-0.21713340197861278	0.022218565326718842
102.5	20.55554971971885	-0.21800474105443982	0.02325162281046289
102.6	20.562057601074205	-0.22997792670318348	0.04542327942157698
102.7	20.579176570138493	-0.21809752658503526	0.02272336084164106
102.8	20.57724345748757	-0.23238991249041616	0.04647813135100298
102.9	20.59473359315492	-0.2343084108882935	0.04647813135100298
103.0	20.61956655048796	-0.23845799767870782	0.04758310327698334
103.1	22.442844444444447	-0.21120000000000008	0.0
103.2	22.442844444444447	-0.21120000000000008	0.0
103.3	20.74078905370322	-0.029026546803429257	0.15264932839526502
103.4	20.761090751461445	-0.023077698709360217	0.16910122600137711
103.5	20.779631144932615	-0.03527916330816935	0.14888994760949714
103.6	20.778277400947356	-0.032400597801051166	0.14888994760949714
103.7	20.778277400947356	-0.032400597801051166	0.14888994760949714
103.8	20.778277400947356	-0.032400597801051166	0.14888994760949714
103.9	20.778277400947356	-0.032400597801051166	0.14888994760949714
104.0	20.778277400947356	-0.032400597801051166	0.14888994760949714
104.1	20.876510186652162	-0.06984949197947292	0.12135200057076334
104.2	20.885503202506396	-0.10663167696809636	0.06965457372856809
104.3	20.890947333289255	-0.1109660426298334	0.06965457372856809
104.4	20.890947333289255	-0.1109660426298334	0.06965457372856809
104.5	20.890947333289255	-0.1109660426298334	0.06965457372856809
104.6	20.890947333289255	-0.1109660426298334	0.06965457372856809
104.7	20.890947333289255	-0.1109660426298334	0.06965457372856809
104.8	20.890947333289255	-0.1109660426298334	0.06965457372856809
104.9	20.890947333289255	-0.1109660426298334	0.06965457372856809
105.0	20.890947333289255	-0.1109660426298334	0.06965457372856809
105.1	20.890947333289255	-0.1109660426298334	0.06965457372856809
105.2	21.20676326098719	-0.2108222818458711	6.216617143403763
105.3	21.248516956180517	-0.2197909795449786	6.190428986991442
105.4	21.263369801250025	-0.20981413093770787	6.237762027758009
105.5	21.302913991030614	-0.219893219988069	6.192525419978841
105.6	21.331505780039045	-0.22278158435854403	6.170034325589102
105.7	21.32752125431795	-0.21401715665997306	6.213530733451018
105.8	21.350180003352545	-0.20991264894019607	6.215108848921586
105.9	21.35932332157942	-0.2112952791517837	6.190428986991442
106.0	21.356404420152494	-0.19993118152956016	6.238770091932675
106.1	21.36442101891752	-0.19850273331317275	6.237762027758009
106.2	21.39035340004452	-0.19987441609383103	6.215108848921586
106.3	21.39326726588268	-0.19291814292848128	6.259933684369123
106.4	21.408355555555556	-0.1881846153846154	0.0
106.5	23.240726193117574	-0.19351673183834486	6.236707175828583
106.6	23.26340557470764	-0.1930408884746831	6.260966741852867
106.7	23.596127147691192	-0.6140720276901799	7.807503502623479
106.8	23.597887983442273	-0.5868436650956154	7.808558354552906
106.9	23.59861176037041	-0.5649633610501621	7.807503502623479
107.0	23.600526927480757	-0.5325767733315658	7.763321746773737
107.1	23.600793214090086	-0.5142639988151427	7.761225313786339
107.2	23.60240583618864	-0.4915976975706611	7.738222416253672
107.3	23.60284833432399	-0.4804811767725753	7.740830652383998
107.4	21.674462302846536	-0.19828701870274842	6.094963801874815
107.5	21.695959405019675	-0.19683042290902017	6.094963801874815
107.6	21.75445432301786	-0.18205980469703775	6.004885648174475
107.7	21.77473327131899	-0.17920534311936243	6.021065465914114
107.8	21.812540122149514	-0.1622216617535169	5.9465104877928585
107.9	21.812707070459815	-0.15658998804756846	5.916011473361367
108.0	21.816178431352203	-0.15078606168351477	5.893868585346445
108.1	21.816178431352203	-0.15078606168351477	5.893868585346445
108.2	21.816178431352203	-0.15078606168351477	5.893868585346445
108.3	22.01684548365974	-0.06054546841235204	5.785842590832764
108.4	23.349980733470584	-1.4579271648670065	4.202796715575764
108.5	23.37404118499286	-1.4664542096534103	4.145659762861183
108.6	23.368081132955425	-1.4723108378771963	4.180664913125884
108.7	23.391589343937685	-1.499000795046809	4.145659762861183
108.8	23.391589343937685	-1.499000795046809	4.145659762861183
108.9	23.364230241705712	0.04114833162172471	7.251694287839518
109.0	22.110389826075984	0.00501393353737887	5.729890981857293
109.1	23.398122553182006	-1.4948141110946875	4.124386376837123
109.2	23.393648138901543	-1.5017835544530285	4.138084150209988
109.3	23.393648138901543	-1.5017835544530285	4.138084150209988
109.4	23.418211931435845	0.022642276199145717	5.460767027908208
109.5	23.37931295562742	-1.5808821707153493	4.226766887087221
109.6	23.36367249562708	-1.5722216393439492	4.2487413713838835
109.7	23.352322966887254	-1.5723797196897888	4.259610508561154
109.8	23.333746205968435	-1.5836989880326124	4.301324432994825
109.9	23.333746205968435	-1.5836989880326124	4.301324432994825
110.0	23.89412528152212	-0.6011693539668189	-0.6327488350021833
110.1	22.009237154121397	-0.1544541242209264	5.976139575160795
110.2	22.02710519118058	-0.15763322887678816	5.976139575160795
110.3	22.04003618872013	-0.1862986373005919	6.054688667887724
110.4	23.208948064134535	-1.483679348185178	4.483892341092828
110.5	23.208948064134535	-1.483679348185178	4.483892341092828
110.6	21.904155344171745	-0.231824877482641	6.121810196758895
110.7	21.92762477267933	-0.24537463922899327	6.170034325589102
110.8	21.92762477267933	-0.24537463922899327	6.170034325589102
110.9	23.15622529157901	-1.4293265761700313	4.576861266399189
111.0	23.15622529157901	-1.4293265761700313	4.576861266399189
111.1	21.865827277227815	-0.2710629848116307	6.215108848921586
111.2	21.865827277227815	-0.2710629848116307	6.215108848921586
111.3	23.687430100820524	-0.3797846244992763	6.192525419978841
111.4	23.748736205126896	-1.2911437948928395	-0.09347678115858926
111.5	23.696492307692306	-0.2809777777777779	1.5707963267948966
111.6	21.802522142350785	-0.30740005476807775	0.04647813135100298
111.7	21.802522142350785	-0.30740005476807775	0.04647813135100298
111.8	23.66303837797904	-0.48937713913101116	6.373845194380332
111.9	23.69049229592065	-0.4696731802238557	6.313479067098362
112.0	21.8505833469103	-0.32667368592984813	0.08865588186743745
112.1	23.71889196501883	-0.4705068714329812	6.312588595383591
112.2	23.71889196501883	-0.4705068714329812	6.312588595383591
112.3	23.00357654349488	-0.27670841652103945	0.06965457372856809
112.4	23.701907692307692	-1.3565777777777779	0.0
112.5	23.701907692307692	-1.3565777777777779	0.0
112.6	23.701907692307692	-1.3565777777777779	0.0
112.7	23.5895826459348	-0.3759360538787786	6.154862079493792
112.8	23.57618839620866	-0.35832273294561334	6.103331807387108
112.9	23.544804962098613	-0.33684359019778065	6.038206644052722
113.0	23.538697243601533	-0.3120870095512787	5.971143185617053
113.1	23.54165951304775	-0.3090297670613691	5.980300438804615
113.2	23.738446722588307	-1.0263563368040474	-0.47646741947370685
113.3	23.738446722588307	-1.0263563368040474	-0.47646741947370685
113.4	23.667790769230766	-0.9623377777777778	-0.6435011087932843
113.5	23.36839740289839	-0.31656187978674344	5.6126637491990365
113.6	23.34319397807618	-0.33469547807156	5.554330580726956
113.7	23.624874530558074	-0.8731207789191261	-0.8042638494191192
113.8	23.288362189655505	-0.4010483044673792	5.387129922608242
113.9	23.288362189655505	-0.4010483044673792	5.387129922608242
114.0	23.26018732370205	-0.45459248072514563	5.321078287712101
114.1	23.25368122332473	-0.47748999808293846	5.2656833057069825
114.2	23.507662829007252	-0.8296057935192143	-1.073453610448074
114.3	23.311764101735612	-0.6870222630674854	2.056418420092365
114.4	23.32560969087345	-0.694288008260536	1.9789454305499858
114.5	23.32560969087345	-0.694288008260536	1.9789454305499858
114.6	23.334093968274885	-0.6735956260471907	2.003204102365434
114.7	23.348648856589392	-0.6468924067447949	1.9789454305499858
114.8	23.35695226572436	-0.6415446029672232	1.9467572806662021
114.9	23.368615875731876	-0.6394849967472057	1.8850282258792346
115.0	23.368615875731876	-0.6394849967472057	1.8850282258792346
115.1	23.382586560358927	-0.6390311133247328	1.8329161680603692
115.2	23.382586560358927	-0.6390311133247328	1.8329161680603692
115.3	23.401950079783305	-0.623848982357684	1.7547397833320715
115.4	23.401950079783305	-0.623848982357684	1.7547397833320715
115.5	23.42388827933437	-0.5935537192129675	1.6635526469830402
115.6	23.42388827933437	-0.5935537192129675	1.6635526469830402
115.7	23.436882783409796	-0.5657607962936229	1.5935196876365376
115.8	23.44019521431223	-0.5573323021161073	7.83073001116402
115.9	23.449767580230514	-0.5057653337164841	7.715341896840325
116.0	23.449767580230514	-0.5057653337164841	7.715341896840325
116.1	23.448690893930287	-0.4732919147217822	7.647657739944766
116.2	23.446555762709373	-0.44802191321232243	7.59783025140888
116.3	23.420334303977693	-0.37262726526738227	7.4012031621509475
116.4	23.410847640900876	-0.3603755182560471	7.358429960488655
116.5	23.448726943250207	-1.2057239686305163	3.983534253932059
116.6	23.448726943250207	-1.2057239686305163	3.983534253932059
116.7	23.554514591758917	-1.1410425187042146	3.5168634764457503
116.8	23.566536948028855	-1.134827253257619	3.5003633238603653
116.9	23.61458867653201	-1.0022201592284927	3.1718864135085685
117.0	23.607336075459497	-0.9465659648150943	3.027800646446085
117.1	23.57195167293318	-0.8373949391183194	2.7722589959161676
117.2	23.57195167293318	-0.8373949391183194	2.7722589959161676
117.3	23.535882721637208	-0.6942345805767416	2.4756234162106834
117.4	23.50055406105075	-0.671644573011031	2.394637080213533
117.5	23.40145022156841	-0.6454318951467986	2.151552680362567
117.6	23.40145022156841	-0.6454318951467986	2.151552680362567
117.7	23.48729212261039	-0.8624467991748411	5.1017057022178305
117.8	23.48729212261039	-0.8624467991748411	5.1017057022178305
117.9	23.553749221786273	-0.8075824939876265	4.923482313607436
118.0	23.567861629600984	-0.7897708500578159	4.896332436921865
118.1	23.192644868545884	-0.8147555785360209	1.6162196062164735
118.2	23.192644868545884	-0.8147555785360209	1.6162196062164735
118.3	23.62203076923077	-0.6232	4.71238898038469
118.4	23.62203076923077	-0.6232	4.71238898038469
118.5	23.1697132678851	-0.8983427705678808	1.5011417530663285
118.6	23.1697132678851	-0.8983427705678808	1.5011417530663285
118.7	23.279723856019594	-0.8372207716054395	7.6428883007517365
118.8	23.279723856019594	-0.8372207716054395	7.6428883007517365
118.9	23.649439092586313	-0.4873477732589013	4.41389004879851
119.0	23.649439092586313	-0.4873477732589013	4.41389004879851
119.1	23.3622876662004	-0.8200430217919694	7.478020680103177
119.2	23.3622876662004	-0.8200430217919694	7.478020680103177
119.3	23.60876151331986	-0.3069269771600882	4.110101634249726
119.4	23.607000216510183	-0.2998134150706263	4.116979104905957
119.5	23.514873354178864	-0.8170506173797014	7.162644705205021
119.6	23.514873354178864	-0.8170506173797014	7.162644705205021
119.7	23.512585227521146	-0.6985489952885642	7.030140880555846
119.8	23.512585227521146	-0.6985489952885642	7.030140880555846
119.9	23.602261258833234	-0.6423717077512243	6.784789361368707
120.0	23.353002740016127	-1.3758898869712448	0.5155490074589792
120.1	23.371953339865737	-1.355239141657372	0.3587706702705722
120.2	23.371953339865737	-1.355239141657372	0.3587706702705722
120.3	23.56022066837581	-0.4450873347874619	6.4291975648908615
120.4	23.56022066837581	-0.4450873347874619	6.4291975648908615
120.5	23.615071933110645	-1.2164201078799746	-0.2525542757780599
120.6	23.48690104689753	-0.3418916030477689	6.0520946399836895
120.7	23.621270112990636	-1.0799708766308573	-0.540419500270584
120.8	23.621270112990636	-1.0799708766308573	-0.540419500270584
120.9	23.594683076923076	-0.8571288888888889	-0.9272952180016123
